danceability,energy,loudness,mode,speechiness,acousticness,liveness,valence,tempo,duration_in min/ms,time_signature,Popularity
0.854,0.564,-4.964,1,0.0485,0.0171,0.0849,0.899,134.071,234596.0,4,60.0
0.382,0.814,-7.23,1,0.0406,0.0011,0.101,0.569,116.454,251733.0,4,54.0
0.434,0.614,-8.334,1,0.0525,0.486,0.394,0.787,147.681,109667.0,4,35.0
0.853,0.597,-6.528,0,0.0555,0.0212,0.122,0.569,107.033,173968.0,4,66.0
0.167,0.975,-4.279,1,0.216,0.000169,0.172,0.0918,199.06,229960.0,4,53.0
0.235,0.977,0.878,1,0.107,0.00353,0.172,0.241,152.952,208133.0,4,53.0
0.674,0.658,-9.647,0,0.104,0.404,0.0981,0.677,143.292,329387.0,4,48.0
0.657,0.415,-9.915,1,0.025,0.175,0.132,0.347,96.03,3.105783333,4,55.0
0.431,0.776,-5.403,1,0.0527,2.21e-05,0.179,0.318,120.857,237867.0,4,29.0
0.716,0.885,-4.348,0,0.0333,0.0614,0.253,0.833,128.043,164093.0,4,14.0
0.491,0.563,-8.588,0,0.0331,0.957,0.263,0.843,95.558,4.33045,4,11.0
0.387,0.922,-5.192,0,0.0674,0.00487,0.187,0.417,146.478,222947.0,4,59.0
0.585,0.381,-7.622,0,0.0463,0.435,0.126,0.322,143.876,206875.0,4,34.0
0.462,0.374,-12.069,0,0.0331,0.949,0.131,0.174,122.939,4.44025,3,34.0
0.653,0.519,-10.164,1,0.0497,0.406,0.101,0.822,98.883,153693.0,4,76.0
0.431,0.852,-6.522,1,0.0431,0.564,0.254,0.794,67.601,146800.0,4,37.0
0.713,0.939,-3.609,0,0.0372,0.11,0.331,0.88,108.034,179320.0,4,14.0
0.564,0.801,-4.73,0,0.0473,0.00233,0.067,0.401,105.01,154293.0,4,31.0
0.57,0.458,-5.935,0,0.0236,0.502,0.134,0.19,93.088,217529.0,4,29.0
0.852,0.73,-5.803,1,0.0579,0.0219,0.336,0.394,92.506,157693.0,4,70.0
0.347,0.411,-8.071,1,0.0414,0.0181,0.0975,0.395,171.991,283013.0,4,48.0
0.796,0.441,-9.83,1,0.292,0.16,0.118,0.371,158.105,137872.0,4,44.0
0.805,0.448,-9.452,1,0.112,0.0602,0.113,0.775,160.018,138000.0,4,29.0
0.472,0.947,-6.128,1,0.0774,9.43e-06,0.364,0.75,98.784,309867.0,4,44.0
0.556,0.188,-12.161,1,0.0316,0.494,0.119,0.184,138.091,145217.0,4,44.0
0.867,0.517,-13.222,0,0.0875,0.00456,0.0864,0.866,133.148,257360.0,4,73.0
0.341,0.47,-10.144,1,0.037,0.226,0.518,0.203,144.109,204280.0,4,35.0
0.733,0.726,-6.514,1,0.0371,0.379,0.471,0.915,120.814,197160.0,4,66.0
0.696,0.661,-5.996,1,0.0877,0.00103,0.114,0.397,121.032,180822.0,4,30.0
0.517,0.848,-4.054,1,0.0521,0.00581,0.214,0.429,95.906,188779.0,4,81.0
0.437,0.948,-4.287,0,0.092,0.000234,0.0876,0.517,170.023,180293.0,4,4.0
0.384,0.974,-3.647,0,0.141,0.000153,0.226,0.155,194.842,247370.0,4,49.0
0.858,0.525,-7.332,1,0.148,0.0443,0.197,0.351,170.875,193962.0,4,42.0
0.297,0.0958,-20.316,1,0.0384,0.844,0.126,0.296,80.672,3.503783333,4,16.0
0.516,0.948,-3.994,1,0.0644,0.0279,0.15,0.957,170.087,130329.0,4,29.0
0.32,0.242,-15.17,1,0.0422,0.941,0.165,0.431,81.09,2.817633333,4,47.0
0.661,0.407,-9.283,1,0.0412,0.713,0.115,0.337,127.873,216695.0,4,47.0
0.569,0.751,-12.826,1,0.0418,0.365,0.0561,0.758,105.156,338292.0,4,37.0
0.357,0.977,-6.489,0,0.124,1.6e-05,0.105,0.28,159.81,233929.0,4,44.0
0.615,0.657,-6.873,1,0.029,0.000372,0.132,0.792,109.95,185093.0,4,63.0
0.479,0.444,-6.497,1,0.0316,0.857,0.141,0.236,107.915,174242.0,4,44.0
0.633,0.831,-5.053,1,0.0461,0.0401,0.117,0.243,127.397,354360.0,4,65.0
0.881,0.546,-9.357,1,0.0407,0.0532,0.0497,0.852,102.814,320413.0,4,55.0
0.624,0.528,-9.103,0,0.0344,0.0286,0.0866,0.33,120.049,285933.0,4,49.0
0.607,0.503,-7.406,1,0.0703,0.446,0.173,0.473,135.606,205040.0,4,37.0
0.799,0.789,-8.208,1,0.0395,0.0595,0.0338,0.831,116.083,333520.0,4,56.0
0.494,0.0634,-19.203,1,0.044,0.984,0.11,0.15,78.227,3.014916667,4,47.0
0.52,0.642,-7.546,1,0.0434,0.000517,0.0794,0.449,88.967,180968.0,4,49.0
0.595,0.759,-4.245,0,0.0423,0.141,0.172,0.515,80.953,163733.0,4,48.0
0.566,0.943,-10.359,1,0.123,0.00488,0.728,0.324,117.813,403027.0,4,28.0
0.612,0.86,-9.175,1,0.044,0.00253,0.158,0.687,136.212,196467.0,4,47.0
0.63,0.446,-8.9,1,0.0351,0.337,0.166,0.177,143.078,202193.0,4,77.0
0.521,0.532,-11.492,0,0.0357,0.563,0.386,0.326,95.19,180533.0,4,53.0
0.501,0.474,-13.893,1,0.0299,0.608,0.147,0.281,102.404,352267.0,4,18.0
0.185,0.865,-10.522,1,0.0576,0.000632,0.112,0.0789,84.031,207465.0,3,9.0
0.532,0.685,-6.577,0,0.0318,0.0208,0.303,0.648,140.036,288071.0,4,34.0
0.415,0.94,-4.874,1,0.0889,0.0049,0.144,0.439,134.392,225627.0,4,41.0
0.425,0.403,-9.343,0,0.0273,0.0792,0.113,0.135,155.761,323931.0,4,49.0
0.373,0.707,-9.566,0,0.0562,0.668,0.361,0.75,89.1,3.578883333,4,20.0
0.39,0.646,-3.961,1,0.0372,0.0904,0.114,0.271,120.755,213677.0,4,59.0
0.439,0.795,-9.424,1,0.0314,0.00407,0.296,0.789,84.846,212067.0,4,38.0
0.827,0.532,-4.775,1,0.302,0.0219,0.127,0.694,87.257,290440.0,4,56.0
0.709,0.685,-7.573,1,0.0281,0.0355,0.0389,0.7,129.987,194567.0,4,26.0
0.583,0.143,-15.786,1,0.148,0.676,0.117,0.533,156.009,371496.0,3,41.0
0.704,0.579,-9.331,1,0.418,0.287,0.139,0.712,142.815,176667.0,4,35.0
0.247,0.88,-3.057,1,0.097,2.01e-05,0.122,0.333,134.445,237493.0,4,30.0
0.801,0.637,-6.406,1,0.0565,0.169,0.0925,0.769,77.012,218360.0,4,54.0
0.539,0.578,-8.522,1,0.0278,0.0987,0.28,0.353,102.03,191890.0,4,24.0
0.907,0.695,-6.268,0,0.135,0.246,0.0808,0.961,101.007,298307.0,4,63.0
0.667,0.636,-5.669,1,0.082,0.022,0.0908,0.152,158.058,151891.0,4,68.0
0.436,0.944,-7.981,1,0.0398,0.0035,0.105,0.588,110.002,307545.0,4,43.0
0.366,0.662,-4.914,1,0.034,0.00261,0.0594,0.362,148.34,284000.0,3,41.0
0.777,0.71,-4.717,1,0.0919,0.0295,0.192,0.673,129.945,4.747333333,4,41.0
0.54,0.847,-6.52,1,0.0297,0.303,0.109,0.62,148.936,220609.0,4,57.0
0.435,0.889,-6.462,0,0.0474,2.38e-05,0.87,0.344,93.896,198345.0,4,42.0
0.288,0.758,-5.692,0,0.0371,0.00616,0.303,0.619,97.094,201726.0,4,79.0
0.562,0.383,-15.474,1,0.0304,0.143,0.138,0.599,93.764,206760.0,3,71.0
0.683,0.347,-10.392,1,0.0473,0.549,0.0907,0.437,80.009,157630.0,4,33.0
0.411,0.91,-4.867,1,0.0392,0.000243,0.0931,0.613,106.675,230027.0,4,44.0
0.49,0.974,-4.295,1,0.115,0.000546,0.336,0.257,108.946,229617.0,4,41.0
0.374,0.35,-11.48,1,0.176,0.843,0.188,0.129,74.464,3.81156667,1,55.0
0.633,0.194,-14.543,1,0.0729,0.885,0.111,0.421,143.376,348383.0,4,43.0
0.523,0.76,-12.437,1,0.0325,0.103,0.0666,0.581,94.267,228267.0,4,63.0
0.593,0.438,-13.451,0,0.028,0.883,0.317,0.758,130.225,136560.0,3,35.0
0.809,0.463,-11.377,1,0.0396,0.256,0.109,0.364,111.98,4.98235,4,81.0
0.748,0.411,-6.06,0,0.0489,0.0532,0.115,0.339,91.941,145052.0,4,45.0
0.529,0.595,-13.696,1,0.0375,0.0227,0.0326,0.767,134.642,187827.0,4,13.0
0.167,0.148,-19.539,1,0.0347,0.955,0.111,0.04,76.412,2.7204,3,41.0
0.543,0.927,-5.209,1,0.0755,0.000342,0.0327,0.354,120.097,182333.0,4,51.0
0.644,0.891,-5.147,1,0.0526,0.00111,0.118,0.504,110.007,239488.0,4,41.0
0.467,0.432,-11.753,1,0.0283,0.175,0.226,0.238,142.642,271333.0,4,62.0
0.514,0.387,-11.51,0,0.409,0.0753,0.0485,0.461,84.112,186812.0,4,44.0
0.762,0.516,-8.016,0,0.0969,0.0288,0.0966,0.721,156.97,158000.0,4,60.0
0.357,0.943,-6.168,0,0.101,0.000547,0.145,0.482,147.217,209682.0,4,28.0
0.576,0.931,-2.491,1,0.0563,0.00085,0.143,0.735,133.986,245747.0,4,38.0
0.61,0.482,-9.137,1,0.137,0.299,0.0527,0.869,73.628,147013.0,4,3.0
0.491,0.504,-13.581,0,0.0566,0.625,0.222,0.145,159.911,258771.0,4,24.0
0.117,0.916,-3.281,1,0.0723,1.39e-05,0.219,0.423,151.886,270205.0,4,25.0
0.86,0.668,-8.512,1,0.221,0.423,0.096,0.237,128.096,240000.0,4,63.0
0.766,0.526,-11.819,1,0.0392,0.784,0.0879,0.934,141.631,238000.0,4,22.0
0.529,0.621,-6.018,1,0.0296,0.13,0.173,0.617,97.189,2.48178333,4,71.0
0.697,0.919,-6.174,1,0.029,0.00694,0.203,0.943,118.341,256400.0,4,55.0
0.407,0.932,-6.252,1,0.113,0.00363,0.229,0.173,102.954,235214.0,4,28.0
0.564,0.753,-5.223,1,0.0433,0.00512,0.167,0.414,152.064,212547.0,4,55.0
0.744,0.928,-5.628,0,0.0495,0.000409,0.132,0.507,123.014,171120.0,4,44.0
0.539,0.788,-3.227,0,0.0396,0.0089,0.29,0.357,159.986,196173.0,4,65.0
0.431,0.967,-4.555,1,0.114,0.00159,0.142,0.179,146.623,269440.0,4,11.0
0.266,0.294,-11.938,0,0.0291,0.771,0.107,0.0397,137.941,811077.0,3,66.0
0.645,0.329,-16.642,1,0.0419,0.239,0.375,0.184,128.099,3.545833333,4,40.0
0.508,0.912,-1.798,1,0.0827,9.75e-05,0.0669,0.533,139.381,228587.0,4,59.0
0.579,0.661,-4.011,1,0.0422,0.0675,0.303,0.374,144.909,287467.0,3,42.0
0.426,0.619,-11.501,0,0.0722,8.44e-05,0.17,0.382,162.721,2.80733333,4,16.0
0.449,0.854,-8.261,1,0.0431,4.62e-05,0.246,0.408,152.142,309827.0,4,47.0
0.698,0.609,-6.993,1,0.0485,0.743,0.188,0.665,131.057,232413.0,4,19.0
0.54,0.425,-9.577,0,0.0518,0.428,0.218,0.239,88.047,220543.0,4,38.0
0.691,0.231,-10.512,1,0.0471,0.815,0.103,0.298,85.153,3.34355,4,59.0
0.58,0.551,-9.898,0,0.0582,0.181,0.15,0.516,115.896,201213.0,4,57.0
0.565,0.754,-11.636,0,0.0344,0.678,0.0756,0.922,135.01,6.05555,3,42.0
0.616,0.551,-7.27,1,0.0249,0.155,0.099,0.618,75.027,216373.0,4,43.0
0.546,0.878,-5.137,1,0.0525,0.0133,0.135,0.35,119.945,255400.0,4,62.0
0.618,0.215,-12.8,1,0.04,0.759,0.109,0.214,90.004,290466.0,4,50.0
0.639,0.859,-3.923,1,0.0554,0.18,0.0798,0.523,115.97,270104.0,4,57.0
0.577,0.676,-11.931,1,0.0295,0.000895,0.0625,0.676,95.98,245267.0,4,60.0
0.551,0.233,-18.251,0,0.0312,0.71,0.11,0.659,89.574,165187.0,4,52.0
0.454,0.387,-10.159,0,0.0417,0.406,0.0783,0.686,97.995,205533.0,4,28.0
0.632,0.8,-7.227,0,0.234,0.547,0.147,0.496,92.757,209833.0,4,37.0
0.295,0.715,-6.533,1,0.0709,0.00212,0.242,0.242,86.937,199773.0,4,56.0
0.77,0.656,-11.169,0,0.246,0.11,0.0793,0.788,98.82,253413.0,4,50.0
0.717,0.245,-10.908,0,0.0493,0.665,0.385,0.502,83.554,214933.0,4,45.0
0.778,0.399,-8.984,1,0.0858,0.0751,0.103,0.321,137.305,67720.0,4,50.0
0.438,0.951,-5.192,0,0.0736,4.63e-05,0.351,0.461,165.088,212927.0,4,48.0
0.451,0.776,-11.756,0,0.0587,0.0518,0.11,0.609,177.953,331304.0,4,10.0
0.617,0.375,-11.889,0,0.0319,0.742,0.109,0.117,151.983,387547.0,4,38.0
0.565,0.768,-5.332,0,0.0382,0.0277,0.0725,0.58,124.006,223907.0,4,54.0
0.62,0.835,-6.711,0,0.0319,0.273,0.113,0.699,99.022,225072.0,4,32.0
0.589,0.797,-5.464,1,0.15,0.0289,0.383,0.232,102.489,291813.0,4,69.0
0.443,0.858,-6.935,1,0.0378,0.000843,0.18,0.34,169.951,301533.0,4,38.0
0.605,0.162,-12.932,0,0.0353,0.98,0.104,0.126,95.576,5.735216667,3,41.0
0.624,0.26,-11.64,1,0.0621,0.904,0.0825,0.551,51.0,156933.0,4,30.0
0.513,0.658,-7.185,0,0.0622,0.512,0.21,0.698,145.896,3.181333333,4,7.0
0.533,0.905,-5.27,1,0.0754,0.00876,0.0698,0.486,108.9,2.84688333,4,71.0
0.588,0.747,-6.064,1,0.0498,0.116,0.244,0.263,138.067,249000.0,4,21.0
0.487,0.975,-4.974,1,0.105,7.47e-05,0.201,0.526,139.964,202019.0,4,23.0
0.621,0.375,-11.8,1,0.0297,0.701,0.122,0.508,132.611,219625.0,4,30.0
0.482,0.829,-5.576,1,0.0437,0.00034,0.378,0.739,147.99,212307.0,4,66.0
0.369,0.424,-5.431,1,0.0318,0.64,0.184,0.181,179.597,203991.0,4,69.0
0.552,0.673,-4.9,0,0.0298,0.00553,0.114,0.174,89.993,224053.0,4,50.0
0.548,0.347,-14.7,0,0.0362,0.771,0.124,0.498,117.75,6.90355,4,34.0
0.421,0.935,-5.153,0,0.0697,0.000442,0.1,0.455,165.02,261240.0,4,49.0
0.524,0.336,-8.034,1,0.0415,0.841,0.111,0.458,110.964,4.757883333,5,30.0
0.436,0.876,-4.902,0,0.0647,3.33e-05,0.205,0.512,157.044,255080.0,4,65.0
0.5,0.47,-7.996,1,0.0345,0.642,0.276,0.346,158.809,268400.0,4,17.0
0.705,0.756,-5.274,0,0.0415,0.00477,0.0892,0.846,129.98,141875.0,4,32.0
0.825,0.781,-4.732,0,0.107,0.0833,0.26,0.812,100.013,176012.0,4,41.0
0.657,0.535,-9.715,1,0.047,0.000329,0.318,0.738,132.257,188830.0,4,48.0
0.58,0.93,-5.719,1,0.12,0.0128,0.102,0.534,97.917,144267.0,4,42.0
0.621,0.602,-7.796,0,0.0279,0.000316,0.134,0.609,116.011,230152.0,4,37.0
0.754,0.92,-4.484,0,0.05,0.183,0.187,0.966,147.998,266133.0,4,19.0
0.881,0.636,-13.617,0,0.156,0.0257,0.207,0.616,108.863,259427.0,4,41.0
0.282,0.932,-4.701,1,0.0387,0.12,0.0692,0.536,190.08,255893.0,4,58.0
0.449,0.958,-6.602,0,0.123,5.33e-06,0.148,0.389,107.458,129373.0,4,32.0
0.548,0.709,-6.557,0,0.0273,0.00678,0.104,0.191,119.998,224213.0,4,37.0
0.65,0.6,-10.615,0,0.04,0.0278,0.811,0.795,110.016,180203.0,4,33.0
0.494,0.969,-2.694,1,0.222,0.172,0.148,0.165,121.214,169808.0,4,39.0
0.761,0.707,-6.208,0,0.0356,0.68,0.0969,0.893,113.976,208421.0,4,42.0
0.553,0.939,-4.04,0,0.0795,0.000833,0.404,0.369,124.984,198840.0,4,39.0
0.417,0.355,-12.372,1,0.0599,0.847,0.113,0.0914,86.078,221025.0,4,55.0
0.824,0.489,-5.669,0,0.0692,0.302,0.0887,0.771,86.815,160250.0,4,30.0
0.349,0.336,-11.111,1,0.0292,0.723,0.154,0.062,112.966,111765.0,5,17.0
0.921,0.768,-5.735,1,0.311,0.507,0.053,0.775,103.713,652320.0,4,24.0
0.601,0.728,-10.469,1,0.0436,0.378,0.368,0.862,137.99,5.09355,3,33.0
0.353,0.495,-11.503,1,0.0344,0.000119,0.13,0.567,81.018,360600.0,4,30.0
0.748,0.551,-6.12,1,0.0349,0.235,0.119,0.66,103.953,2.408883333,4,79.0
0.15,0.843,-8.369,1,0.0439,0.000127,0.665,0.729,180.034,145932.0,4,23.0
0.774,0.64,-7.949,1,0.0333,0.743,0.088,0.947,136.226,187933.0,4,47.0
0.373,0.964,-7.925,0,0.0798,0.000152,0.109,0.207,83.958,312363.0,4,28.0
0.42,0.831,-9.069,1,0.0754,0.00028,0.153,0.752,120.867,218173.0,4,43.0
0.428,0.98,-2.975,0,0.443,0.0734,0.127,0.423,92.035,168654.0,4,60.0
0.616,0.91,-3.004,1,0.0386,0.0459,0.343,0.693,144.072,252040.0,4,70.0
0.797,0.631,-3.818,0,0.0786,0.0904,0.0998,0.288,129.915,3.07021667,4,90.0
0.418,0.761,-8.285,1,0.0557,0.295,0.36,0.467,152.472,298693.0,4,20.0
0.563,0.664,-5.044,1,0.154,0.335,0.0849,0.688,166.928,2.96911667,4,99.0
0.463,0.847,-6.776,0,0.0511,0.0307,0.117,0.625,114.962,187783.0,4,59.0
0.749,0.535,-6.785,1,0.0336,0.0131,0.0982,0.601,123.042,196607.0,4,75.0
0.709,0.337,-13.14,1,0.106,0.447,0.846,0.387,68.0,320333.0,4,46.0
0.283,0.41,-14.35,1,0.0423,0.00106,0.109,0.0612,91.127,323430.0,4,33.0
0.653,0.964,-4.261,0,0.0582,0.00316,0.144,0.87,126.928,209267.0,4,75.0
0.45,0.914,-6.741,1,0.0647,0.0106,0.101,0.336,124.42,208293.0,4,57.0
0.522,0.881,-5.231,1,0.0847,0.00303,0.0939,0.369,130.084,232200.0,4,51.0
0.266,0.831,-9.07,1,0.0453,0.000862,0.0555,0.778,175.514,163693.0,4,64.0
0.754,0.795,-9.793,0,0.0384,0.0186,0.0852,0.21,122.007,259606.0,4,32.0
0.562,0.494,-8.13,0,0.0278,0.864,0.153,0.383,144.104,215516.0,4,52.0
0.163,0.191,-20.924,1,0.0365,0.937,0.0961,0.0335,105.104,220630.0,3,55.0
0.823,0.66,-4.698,1,0.103,0.00681,0.269,0.956,114.489,228493.0,4,48.0
0.65,0.63,-6.787,0,0.04,0.278,0.119,0.74,107.69,218747.0,4,38.0
0.475,0.844,-4.448,0,0.0622,0.00012,0.221,0.554,156.136,246933.0,4,57.0
0.375,0.927,-5.385,0,0.123,0.000111,0.193,0.414,183.998,183040.0,4,35.0
0.713,0.146,-14.163,1,0.54,0.784,0.212,0.474,89.267,66490.0,5,10.0
0.676,0.537,-7.974,1,0.0333,0.51,0.0898,0.388,88.001,181569.0,4,40.0
0.667,0.755,-7.246,1,0.069,0.0966,0.0523,0.883,109.535,4.77033333,4,72.0
0.408,0.943,-5.247,1,0.129,0.0058,0.343,0.16,98.089,152252.0,4,34.0
0.494,0.958,-7.765,0,0.0511,0.0361,0.387,0.313,145.055,352943.0,4,33.0
0.425,0.925,-6.246,1,0.105,2.22e-05,0.0973,0.313,118.066,282978.0,4,32.0
0.605,0.772,-6.679,0,0.0262,0.298,0.131,0.836,129.99,280360.0,4,29.0
0.586,0.795,-8.71,1,0.258,0.354,0.187,0.694,94.101,314600.0,4,48.0
0.939,0.682,-5.931,1,0.306,0.00152,0.0552,0.584,130.022,2.5801,4,78.0
0.472,0.826,-3.938,0,0.0594,0.000617,0.187,0.132,122.326,385920.0,4,52.0
0.349,0.981,-3.228,0,0.141,2.58e-05,0.343,0.207,160.042,202640.0,4,64.0
0.645,0.732,-5.089,1,0.0453,0.00853,0.198,0.708,95.02,2.716216667,4,58.0
0.522,0.769,-5.841,0,0.191,0.104,0.0643,0.793,189.803,240307.0,4,15.0
0.621,0.962,-6.469,1,0.0454,0.282,0.132,0.653,143.99,229489.0,4,39.0
0.597,0.617,-7.482,0,0.282,0.463,0.66,0.889,97.923,4.592,4,71.0
0.688,0.544,-11.393,0,0.037,0.576,0.0894,0.633,135.231,240693.0,4,27.0
0.614,0.614,-7.497,0,0.0314,0.104,0.104,0.598,146.03,3.211333333,4,61.0
0.613,0.86,-4.065,1,0.0425,0.0247,0.438,0.638,93.042,177227.0,4,51.0
0.349,0.0929,-15.315,1,0.0529,0.944,0.0864,0.293,176.177,3.96591667,3,47.0
0.484,0.754,-6.326,0,0.0383,0.00011,0.123,0.399,124.971,265467.0,4,43.0
0.359,0.983,-3.69,0,0.0864,9.09e-05,0.335,0.486,193.042,239560.0,4,49.0
0.681,0.929,-4.071,1,0.0324,0.214,0.0375,0.793,109.982,229933.0,4,25.0
0.274,0.915,-5.259,0,0.167,0.0139,0.161,0.419,169.161,203707.0,4,46.0
0.439,0.682,-9.044,1,0.042,0.113,0.973,0.345,142.113,4.33955,4,22.0
0.636,0.616,-9.267,1,0.0589,0.0521,0.192,0.48,82.99,207030.0,4,17.0
0.577,0.604,-5.703,1,0.0495,0.000218,0.477,0.637,167.719,263440.0,4,73.0
0.811,0.46,-5.924,1,0.351,0.0694,0.13,0.4,141.937,216373.0,4,43.0
0.571,0.158,-16.835,1,0.0779,0.964,0.108,0.308,114.315,3.068233333,4,40.0
0.658,0.12,-9.397,0,0.136,0.983,0.101,0.278,104.208,198213.0,3,35.0
0.282,0.648,-7.604,0,0.0291,0.012,0.216,0.117,91.536,331427.0,4,53.0
0.516,0.7,-5.621,1,0.0631,0.0182,0.689,0.343,147.914,203187.0,4,43.0
0.631,0.547,-8.488,0,0.119,0.35,0.113,0.719,164.988,204030.0,4,27.0
0.471,0.811,-3.956,1,0.0389,0.000125,0.117,0.37,141.967,182307.0,4,48.0
0.692,0.102,-11.721,1,0.061,0.818,0.337,0.475,114.136,336863.0,4,37.0
0.415,0.774,-6.445,1,0.041,0.00403,0.205,0.466,87.415,320522.0,4,17.0
0.483,0.603,-9.907,1,0.0386,0.348,0.0911,0.0907,179.392,173107.0,3,33.0
0.799,0.73,-6.648,1,0.0414,0.29,0.975,0.898,120.336,268650.0,4,33.0
0.315,0.565,-8.667,1,0.0369,0.65,0.107,0.0617,99.49,3.48,4,34.0
0.407,0.967,-7.104,1,0.0666,0.000316,0.089,0.227,180.027,203373.0,4,60.0
0.412,0.51,-8.276,0,0.0298,0.348,0.0787,0.23,147.904,281093.0,4,37.0
0.579,0.304,-14.271,0,0.0301,0.751,0.129,0.479,129.867,4.34655,4,8.0
0.553,0.717,-5.857,1,0.0318,6.48e-05,0.0385,0.318,127.947,233267.0,4,68.0
0.845,0.681,-4.693,0,0.111,0.265,0.0519,0.654,86.001,183694.0,4,41.0
0.293,0.877,-4.172,1,0.0486,0.0849,0.0787,0.87,171.47,317784.0,4,13.0
0.674,0.335,-13.903,1,0.0444,0.885,0.101,0.662,168.741,2.303233333,3,38.0
0.706,0.679,-5.392,0,0.0803,0.543,0.371,0.5,113.038,195699.0,4,41.0
0.908,0.663,-4.032,1,0.359,0.0163,0.287,0.399,119.983,178973.0,4,65.0
0.556,0.969,-3.778,1,0.0402,0.000119,0.378,0.325,103.994,441035.0,4,35.0
0.694,0.907,-3.854,1,0.0458,0.0765,0.13,0.573,114.98,290600.0,4,17.0
0.247,0.913,-2.437,1,0.0388,0.0418,0.257,0.34,91.157,382267.0,4,56.0
0.489,0.994,-2.236,0,0.113,2.05e-05,0.333,0.218,90.015,243000.0,4,43.0
0.276,0.449,-11.428,1,0.0375,0.00782,0.108,0.278,101.687,230987.0,4,60.0
0.849,0.48,-5.835,1,0.226,0.612,0.295,0.677,142.021,2.64105,4,77.0
0.484,0.956,-6.388,0,0.0357,2.59e-05,0.257,0.643,145.004,219541.0,4,18.0
0.59,0.776,-5.272,0,0.0705,0.00705,0.414,0.81,159.946,3.276883333,4,40.0
0.737,0.649,-7.709,0,0.142,0.816,0.201,0.579,139.961,282067.0,4,37.0
0.543,0.606,-10.46,0,0.0361,0.312,0.374,0.833,86.537,340680.0,4,32.0
0.528,0.563,-6.975,1,0.041,0.706,0.149,0.652,168.403,254467.0,3,34.0
0.365,0.466,-7.514,1,0.0418,0.161,0.106,0.487,95.163,251267.0,4,67.0
0.708,0.186,-8.953,0,0.042,0.868,0.0779,0.322,72.541,156106.0,4,83.0
0.765,0.563,-9.765,1,0.0397,0.422,0.142,0.703,93.073,149423.0,4,55.0
0.529,0.861,-10.581,1,0.0784,0.292,0.314,0.387,96.52,142507.0,4,46.0
0.191,0.948,-3.496,0,0.217,2.78e-05,0.0945,0.215,150.753,175667.0,4,60.0
0.339,0.34,-14.377,1,0.0385,0.657,0.375,0.117,142.362,419133.0,4,56.0
0.534,0.979,-3.645,0,0.0987,0.00292,0.256,0.236,119.993,244000.0,4,48.0
0.49,0.715,-5.549,1,0.0476,0.386,0.311,0.866,130.726,145747.0,4,72.0
0.361,0.954,-4.097,1,0.0575,2e-05,0.309,0.176,172.944,232853.0,4,30.0
0.55,0.765,-8.684,1,0.0287,4.76e-06,0.132,0.419,139.46,252533.0,4,69.0
0.57,0.916,-6.899,1,0.043,0.00439,0.135,0.359,100.041,183008.0,4,39.0
0.375,0.0412,-21.749,1,0.0444,0.995,0.107,0.127,100.74,171000.0,4,49.0
0.45,0.977,-4.172,1,0.122,4.26e-06,0.414,0.256,130.009,266222.0,3,20.0
0.533,0.589,-6.14,1,0.0299,0.0405,0.111,0.351,140.049,208418.0,4,52.0
0.695,0.864,-9.509,1,0.0344,0.0935,0.222,0.962,129.613,224707.0,4,16.0
0.781,0.594,-6.959,0,0.0485,0.0136,0.162,0.0628,129.895,178154.0,4,87.0
0.479,0.325,-14.01,0,0.0333,0.161,0.104,0.222,132.046,211216.0,4,31.0
0.551,0.58,-8.581,1,0.0363,0.493,0.213,0.473,63.321,247224.0,4,33.0
0.621,0.118,-14.222,1,0.0393,0.993,0.12,0.474,93.082,190041.0,4,30.0
0.443,0.727,-7.951,1,0.145,0.263,0.169,0.566,160.82,253333.0,4,69.0
0.445,0.159,-14.159,1,0.0419,0.924,0.113,0.155,68.868,5.01885,4,51.0
0.546,0.351,-8.279,1,0.0271,0.701,0.0997,0.283,105.79,211867.0,3,54.0
0.68,0.826,-5.487,1,0.0309,0.0212,0.543,0.644,118.051,215627.0,4,93.0
0.812,0.645,-5.044,1,0.0377,0.499,0.0793,0.724,139.974,209824.0,4,35.0
0.814,0.569,-13.422,0,0.0796,0.554,0.132,0.514,120.005,250000.0,4,20.0
0.552,0.947,-4.671,1,0.15,0.000652,0.0637,0.465,127.631,282747.0,4,69.0
0.916,0.537,-9.303,0,0.0358,0.241,0.0549,0.908,106.951,252907.0,4,12.0
0.643,0.648,-5.734,1,0.0428,0.0139,0.162,0.552,139.997,174921.0,4,56.0
0.211,0.109,-18.827,1,0.0371,0.882,0.0965,0.144,106.225,3.14015,4,42.0
0.659,0.281,-13.564,1,0.0268,0.189,0.112,0.518,108.287,3.35645,4,35.0
0.571,0.767,-5.16,1,0.287,0.336,0.0809,0.605,93.421,2.69473333,4,82.0
0.761,0.6,-7.348,1,0.0765,0.269,0.108,0.557,96.015,199036.0,4,54.0
0.475,0.807,-3.959,0,0.0332,0.0136,0.109,0.731,145.179,200000.0,4,47.0
0.682,0.471,-9.182,1,0.0301,0.765,0.0908,0.421,79.907,163133.0,4,75.0
0.683,0.486,-9.726,0,0.11,0.822,0.276,0.279,126.985,213071.0,4,63.0
0.561,0.823,-4.851,1,0.097,0.0029,0.492,0.525,93.504,200760.0,4,45.0
0.625,0.778,-7.207,1,0.0642,0.00921,0.103,0.961,160.039,163492.0,4,54.0
0.522,0.531,-6.459,0,0.215,0.093,0.43,0.149,94.225,153244.0,4,65.0
0.601,0.532,-9.119,1,0.0286,0.432,0.0925,0.341,136.571,4.69355,4,80.0
0.529,0.0582,-19.131,1,0.0617,0.883,0.116,0.357,93.486,4.53155,4,40.0
0.731,0.647,-7.937,0,0.0355,0.00487,0.34,0.879,108.017,180707.0,4,30.0
0.293,0.778,-5.581,1,0.034,0.0147,0.102,0.24,147.882,217347.0,4,58.0
0.276,0.659,-6.642,0,0.0352,0.00219,0.146,0.309,81.611,6.236083333,4,1.0
0.471,0.925,-4.633,1,0.0598,0.000254,0.356,0.0768,100.012,303000.0,4,42.0
0.619,0.631,-6.018,1,0.104,0.131,0.246,0.772,106.309,175305.0,4,34.0
0.806,0.197,-12.945,1,0.207,0.252,0.0835,0.337,124.005,237027.0,4,38.0
0.607,0.938,-3.072,1,0.0487,0.00228,0.149,0.65,110.014,266702.0,4,49.0
0.83,0.819,-4.78,0,0.0686,0.00741,0.134,0.846,113.002,228117.0,4,40.0
0.647,0.512,-8.479,1,0.0381,0.856,0.134,0.0716,111.957,4.13833333,4,46.0
0.306,0.54,-7.196,1,0.0414,0.625,0.152,0.147,75.382,227707.0,4,50.0
0.572,0.949,-3.498,1,0.0362,0.14,0.0705,0.607,138.013,224840.0,4,28.0
0.557,0.577,-12.175,1,0.027,0.0796,0.0604,0.445,91.877,379000.0,4,48.0
0.293,0.567,-7.705,0,0.0394,0.872,0.44,0.669,146.359,4.381783333,4,23.0
0.41,0.823,-6.237,1,0.0655,0.0554,0.154,0.284,90.471,153717.0,4,32.0
0.689,0.657,-10.419,0,0.0449,0.00843,0.15,0.802,116.872,216600.0,4,45.0
0.616,0.754,-3.887,0,0.0404,0.324,0.0897,0.484,113.959,163875.0,4,23.0
0.505,0.659,-12.146,1,0.0256,0.0321,0.116,0.461,101.53,262600.0,1,23.0
0.55,0.631,-11.493,1,0.0385,0.000898,0.0503,0.908,114.553,229027.0,4,47.0
0.697,0.832,-7.264,1,0.0298,0.168,0.269,0.979,125.926,215093.0,4,80.0
0.576,0.829,-4.323,0,0.0593,0.00265,0.304,0.652,167.99,165323.0,4,38.0
0.741,0.851,-6.03,0,0.0672,0.207,0.296,0.84,141.987,195000.0,4,68.0
0.484,0.913,-5.942,1,0.045,0.13,0.0992,0.465,99.052,248333.0,4,45.0
0.578,0.694,-5.351,1,0.0706,0.0112,0.102,0.268,129.921,220850.0,4,69.0
0.869,0.761,-6.449,1,0.105,0.0016,0.0736,0.281,139.973,239640.0,4,19.0
0.423,0.958,-5.251,0,0.188,2.46e-05,0.388,0.174,119.967,230500.0,4,33.0
0.605,0.722,-5.852,1,0.0517,0.47,0.104,0.961,124.711,175053.0,4,30.0
0.179,0.059,-18.992,0,0.0387,0.985,0.101,0.0845,74.702,2.320266667,4,44.0
0.546,0.696,-6.537,1,0.0335,0.0887,0.195,0.596,89.882,246587.0,4,66.0
0.545,0.717,-6.869,1,0.036,0.00417,0.136,0.589,118.515,239621.0,4,54.0
0.661,0.762,-9.581,1,0.038,0.792,0.121,0.911,89.292,144480.0,4,31.0
0.594,0.666,-5.237,0,0.211,0.565,0.0891,0.507,81.75,160244.0,4,47.0
0.778,0.703,-5.978,0,0.0391,0.0193,0.069,0.493,126.015,239516.0,3,34.0
0.778,0.552,-5.987,1,0.0367,0.00661,0.0815,0.499,115.032,164203.0,4,49.0
0.765,0.476,-8.069,0,0.0969,0.213,0.106,0.598,107.004,254461.0,4,34.0
0.484,0.991,-4.028,0,0.0676,0.000289,0.359,0.559,167.035,225245.0,4,54.0
0.248,0.687,-6.233,1,0.0393,0.00224,0.0639,0.17,164.622,270853.0,4,36.0
0.564,0.804,-11.786,1,0.0733,0.0311,0.0463,0.397,123.716,291600.0,4,36.0
0.46,0.878,-7.903,1,0.0514,0.326,0.0967,0.34,109.903,317093.0,4,45.0
0.757,0.721,-2.906,0,0.0691,0.00196,0.647,0.364,124.036,165366.0,4,83.0
0.747,0.822,-5.15,1,0.0893,0.192,0.288,0.862,115.937,207927.0,4,67.0
0.541,0.882,-3.929,0,0.219,0.158,0.079,0.423,142.867,218373.0,4,27.0
0.485,0.975,-4.956,1,0.0692,3.07e-05,0.0443,0.265,139.91,305052.0,4,28.0
0.643,0.773,-7.998,1,0.0414,0.188,0.0986,0.653,124.538,249333.0,4,59.0
0.324,0.948,-4.609,1,0.0522,8.85e-06,0.165,0.342,90.542,160587.0,4,25.0
0.472,0.862,-4.835,1,0.0324,2.49e-05,0.076,0.0956,94.984,247067.0,4,40.0
0.55,0.765,-8.684,1,0.0287,4.76e-06,0.132,0.419,139.46,252533.0,4,69.0
0.542,0.812,-6.485,1,0.107,0.0798,0.693,0.577,72.936,286470.0,4,42.0
0.709,0.554,-9.802,1,0.0734,0.375,0.108,0.631,138.117,210147.0,4,37.0
0.46,0.223,-8.974,0,0.138,0.995,0.253,0.306,78.306,188200.0,4,35.0
0.252,0.8,-4.845,1,0.0368,0.12,0.118,0.29,139.361,335333.0,4,65.0
0.701,0.204,-17.527,0,0.0406,0.964,0.0985,0.27,104.983,4.314666667,3,40.0
0.667,0.51,-10.133,1,0.0436,0.176,0.0857,0.16,141.077,251555.0,4,37.0
0.633,0.755,-6.566,1,0.0421,0.158,0.273,0.729,138.96,3.848883333,4,57.0
0.437,0.469,-6.321,0,0.0293,0.73,0.104,0.369,139.824,177493.0,3,15.0
0.327,0.852,-4.798,1,0.0613,0.00295,0.12,0.222,180.075,265107.0,4,44.0
0.597,0.271,-17.293,1,0.0394,0.766,0.0933,0.338,76.271,203613.0,4,73.0
0.705,0.606,-7.047,1,0.0243,0.159,0.242,0.876,98.001,3.910666667,4,62.0
0.52,0.815,-4.758,0,0.0488,0.00172,0.089,0.466,91.972,199387.0,4,46.0
0.832,0.749,-6.129,1,0.37,0.0998,0.0837,0.65,94.899,333907.0,4,61.0
0.241,0.916,-3.9,1,0.168,0.000868,0.031,0.67,186.797,177924.0,4,45.0
0.666,0.667,-9.305,0,0.0371,0.043,0.074,0.679,134.219,8.51555,4,42.0
0.552,0.653,-4.52,0,0.0327,0.48,0.11,0.473,140.046,302466.0,4,32.0
0.442,0.689,-5.289,1,0.0251,0.00458,0.11,0.208,89.001,247968.0,3,64.0
0.742,0.657,-10.579,0,0.105,0.0687,0.274,0.656,107.479,197477.0,4,32.0
0.737,0.668,-6.261,0,0.0323,0.00405,0.385,0.961,131.009,176240.0,4,37.0
0.529,0.746,-8.288,1,0.0649,0.0271,0.158,0.184,83.978,186334.0,4,45.0
0.425,0.852,-5.607,1,0.046,0.0175,0.0935,0.512,101.968,321040.0,4,72.0
0.565,0.526,-11.352,1,0.0365,0.0339,0.11,0.637,167.936,204333.0,4,59.0
0.766,0.488,-6.402,0,0.0595,0.257,0.155,0.582,142.035,241920.0,4,29.0
0.59,0.821,-4.933,1,0.0444,0.346,0.454,0.784,116.942,3.133333333,4,50.0
0.715,0.755,-5.213,0,0.0534,0.501,0.0663,0.615,132.003,223760.0,4,36.0
0.487,0.948,-7.754,1,0.043,0.000662,0.0506,0.242,105.395,321707.0,4,39.0
0.394,0.622,-8.258,0,0.0336,0.213,0.0892,0.342,126.844,221427.0,4,71.0
0.516,0.655,-9.428,0,0.0306,0.664,0.0891,0.19,120.028,352787.0,3,39.0
0.587,0.299,-6.649,1,0.0327,0.853,0.149,0.184,96.657,190067.0,3,54.0
0.683,0.285,-12.101,1,0.0366,0.994,0.122,0.783,94.913,175400.0,4,29.0
0.603,0.674,-8.193,1,0.0591,0.139,0.116,0.732,93.004,204259.0,4,46.0
0.527,0.79,-6.268,1,0.0788,0.016,0.37,0.236,153.034,177059.0,3,71.0
0.626,0.861,-7.384,0,0.0285,0.0114,0.101,0.501,110.014,146182.0,4,33.0
0.256,0.573,-12.179,1,0.0408,0.141,0.111,0.824,205.057,395600.0,3,42.0
0.269,0.154,-18.072,1,0.0387,0.93,0.109,0.104,134.817,6.858216667,4,20.0
0.267,0.94,-7.052,1,0.0629,0.000126,0.358,0.21,155.581,258760.0,4,37.0
0.476,0.798,-5.405,1,0.0869,0.00677,0.583,0.0372,92.781,309677.0,4,41.0
0.367,0.938,-4.643,1,0.0464,0.0052,0.428,0.556,177.916,214880.0,4,41.0
0.669,0.784,-5.603,1,0.112,0.194,0.115,0.517,125.993,2.50088333,4,88.0
0.559,0.463,-11.841,1,0.0257,0.201,0.122,0.155,99.014,229520.0,4,3.0
0.494,0.805,-6.437,1,0.0293,0.000595,0.0636,0.571,96.996,232526.0,4,46.0
0.526,0.667,-5.451,1,0.0437,0.0505,0.321,0.43,155.085,165779.0,4,74.0
0.616,0.547,-7.63,1,0.0342,0.739,0.121,0.345,110.025,6.484166667,4,19.0
0.367,0.707,-4.698,0,0.044,0.00806,0.358,0.377,83.032,167765.0,4,65.0
0.845,0.583,-5.948,0,0.0773,0.114,0.1,0.842,149.941,200584.0,4,69.0
0.359,0.854,-9.799,0,0.0418,0.00194,0.841,0.472,99.414,333227.0,4,53.0
0.478,0.447,-4.828,0,0.0295,0.55,0.145,0.321,75.053,216496.0,4,33.0
0.689,0.208,-15.944,1,0.0344,0.96,0.0933,0.194,96.052,220514.0,4,26.0
0.434,0.599,-11.966,0,0.0734,0.00189,0.0929,0.436,109.188,436630.0,5,33.0
0.336,0.796,-10.845,0,0.0896,0.00361,0.0621,0.417,155.28,353613.0,4,38.0
0.604,0.522,-6.796,1,0.0924,0.734,0.113,0.287,93.169,186039.0,4,57.0
0.664,0.601,-13.379,1,0.0616,0.137,0.0567,0.934,168.979,2.572666667,4,56.0
0.712,0.625,-4.925,0,0.29,0.0154,0.0509,0.48,177.94,221865.0,4,55.0
0.799,0.494,-12.029,1,0.266,0.147,0.115,0.234,136.019,186196.0,4,50.0
0.668,0.614,-7.882,0,0.0278,0.127,0.367,0.46,103.57,308573.0,4,8.0
0.431,0.777,-7.853,1,0.0494,0.000207,0.105,0.361,76.027,215296.0,4,32.0
0.695,0.869,-6.914,1,0.0264,0.71,0.343,0.92,123.991,154871.0,4,58.0
0.632,0.499,-7.975,0,0.0313,0.788,0.199,0.332,105.876,207020.0,4,45.0
0.418,0.387,-11.79,0,0.0634,0.216,0.142,0.361,202.033,280360.0,3,29.0
0.705,0.692,-7.271,1,0.0303,0.00149,0.137,0.772,125.933,216636.0,4,57.0
0.831,0.632,-8.875,0,0.13,0.139,0.112,0.647,103.023,281477.0,4,15.0
0.663,0.645,-7.977,1,0.398,0.443,0.166,0.394,128.023,231107.0,4,48.0
0.528,0.664,-7.262,1,0.0377,0.226,0.121,0.109,97.893,3.6645,4,57.0
0.5,0.528,-10.051,1,0.0276,0.044,0.0911,0.094,78.0,255385.0,4,28.0
0.466,0.699,-6.101,1,0.0319,0.475,0.221,0.716,190.384,142246.0,4,38.0
0.468,0.839,-7.39,1,0.0365,0.459,0.151,0.935,151.842,242027.0,4,57.0
0.601,0.439,-10.507,0,0.0253,0.43,0.125,0.186,106.973,210834.0,4,38.0
0.566,0.663,-9.068,1,0.0278,0.0945,0.0915,0.762,91.108,298760.0,4,63.0
0.427,0.666,-7.902,0,0.0415,0.176,0.0856,0.232,85.022,215771.0,4,70.0
0.325,0.164,-17.19,0,0.0438,0.958,0.112,0.211,49.196,2.5641,3,55.0
0.546,0.627,-9.037,1,0.0244,0.316,0.096,0.764,81.278,4.52,4,60.0
0.638,0.666,-6.951,0,0.0392,0.00784,0.314,0.651,131.962,185455.0,4,48.0
0.627,0.5,-9.615,0,0.046,0.0957,0.522,0.353,120.025,178711.0,4,30.0
0.254,0.117,-21.35,0,0.0376,0.964,0.111,0.0447,78.533,350974.0,4,49.0
0.655,0.648,-8.708,1,0.0345,0.102,0.0946,0.712,125.603,159000.0,4,37.0
0.68,0.315,-8.425,1,0.0391,0.913,0.712,0.361,117.614,3.94645,4,66.0
0.398,0.338,-10.084,1,0.0304,0.328,0.099,0.188,135.75,222906.0,4,14.0
0.537,0.7,-6.852,0,0.0366,0.142,0.383,0.695,117.111,214027.0,4,66.0
0.569,0.901,-5.197,1,0.0544,0.00555,0.16,0.839,133.194,259413.0,4,59.0
0.524,0.176,-11.14,1,0.0345,0.911,0.366,0.676,115.996,146000.0,4,20.0
0.716,0.33,-13.283,1,0.046,0.193,0.124,0.572,139.927,280840.0,4,34.0
0.441,0.884,-4.319,1,0.104,0.00408,0.406,0.468,129.931,171107.0,4,29.0
0.654,0.875,-4.845,1,0.0744,0.000417,0.194,0.522,99.975,171621.0,4,80.0
0.759,0.636,-6.387,1,0.0473,0.0386,0.643,0.921,120.019,179852.0,4,60.0
0.512,0.885,-3.558,1,0.0359,0.0208,0.101,0.47,85.017,201707.0,4,49.0
0.557,0.264,-10.625,1,0.028,0.874,0.0984,0.433,77.099,3.445166667,4,33.0
0.632,0.559,-10.49,1,0.0674,0.854,0.127,0.884,182.942,151427.0,4,54.0
0.513,0.848,-4.644,1,0.0676,0.000161,0.336,0.394,143.968,183362.0,4,64.0
0.477,0.342,-13.44,1,0.0273,0.304,0.206,0.346,84.871,252467.0,4,29.0
0.534,0.892,-5.04,0,0.028,0.000697,0.109,0.749,128.834,211027.0,4,44.0
0.45,0.872,-4.91,1,0.0353,0.0018,0.0833,0.396,156.059,274615.0,4,58.0
0.897,0.767,-4.544,1,0.0959,0.0679,0.129,0.675,134.913,171838.0,4,70.0
0.655,0.438,-11.276,1,0.0433,0.012,0.222,0.557,148.018,174724.0,4,2.0
0.653,0.543,-7.154,0,0.026,0.0852,0.295,0.419,97.029,219753.0,4,28.0
0.551,0.249,-11.392,1,0.06,0.68,0.112,0.257,156.02,233747.0,3,66.0
0.501,0.792,-7.31,1,0.0255,0.00708,0.67,0.645,88.014,291613.0,4,40.0
0.75,0.723,-5.452,1,0.231,0.00829,0.0588,0.747,170.006,245480.0,4,33.0
0.715,0.446,-10.887,0,0.0591,0.908,0.427,0.932,102.673,3.61555,4,17.0
0.566,0.755,-5.526,1,0.0368,0.0338,0.315,0.445,101.006,264493.0,4,71.0
0.823,0.586,-6.044,0,0.336,0.0901,0.0605,0.611,78.054,202760.0,4,47.0
0.705,0.811,-5.483,0,0.133,0.27,0.0233,0.549,97.938,313813.0,4,18.0
0.529,0.652,-7.592,1,0.0348,0.607,0.0893,0.486,76.052,239733.0,4,45.0
0.313,0.933,-4.574,1,0.062,4.82e-06,0.717,0.0958,76.01,315790.0,4,28.0
0.89,0.701,-5.712,0,0.342,0.00306,0.0895,0.505,80.462,225020.0,4,80.0
0.352,0.648,-7.426,1,0.0375,0.37,0.27,0.36,82.436,349822.0,4,8.0
0.287,0.77,-7.477,1,0.0546,0.000483,0.0519,0.293,71.072,368973.0,4,34.0
0.664,0.759,-4.926,0,0.0428,0.0169,0.179,0.771,160.023,221466.0,4,56.0
0.294,0.923,-12.239,0,0.212,0.198,0.992,0.208,135.384,184787.0,4,22.0
0.576,0.597,-4.974,1,0.0391,0.22,0.0914,0.614,133.686,164782.0,4,55.0
0.42,0.937,-2.672,0,0.152,0.00938,0.166,0.412,156.059,191154.0,4,51.0
0.582,0.938,-5.726,0,0.0392,0.000733,0.0841,0.8,113.999,314487.0,4,59.0
0.352,0.911,-5.23,1,0.0747,0.00121,0.0995,0.236,148.033,222973.0,4,82.0
0.645,0.504,-13.495,1,0.145,0.974,0.23,0.511,124.904,4.725,4,13.0
0.568,0.632,-6.958,1,0.161,0.0245,0.401,0.711,164.823,156107.0,4,48.0
0.95,0.574,-7.969,0,0.251,0.0973,0.0801,0.656,106.042,141509.0,4,67.0
0.561,0.704,-6.062,1,0.0232,0.0412,0.217,0.678,98.99,219475.0,4,34.0
0.645,0.86,-5.041,0,0.031,0.128,0.0929,0.04,111.029,223320.0,4,53.0
0.532,0.736,-6.901,1,0.0383,0.000146,0.292,0.656,125.105,354813.0,4,58.0
0.507,0.843,-3.421,1,0.108,0.274,0.295,0.504,193.708,3.04355,4,46.0
0.39,0.885,-6.98,0,0.0549,0.0014,0.371,0.592,83.661,153800.0,4,32.0
0.439,0.364,-10.723,1,0.0341,0.877,0.0776,0.111,80.202,7.023266667,4,25.0
0.712,0.822,-3.728,0,0.131,0.0321,0.239,0.469,91.011,211237.0,4,71.0
0.343,0.85,-7.51,1,0.0567,5.37e-05,0.0905,0.437,161.794,230747.0,4,27.0
0.624,0.849,-4.261,0,0.0358,0.0862,0.362,0.717,94.066,271867.0,4,29.0
0.605,0.428,-7.93,1,0.0261,0.685,0.201,0.228,152.969,260013.0,4,30.0
0.682,0.749,-10.759,0,0.0435,0.00883,0.12,0.686,117.871,330493.0,4,14.0
0.769,0.25,-11.141,1,0.0556,0.711,0.0855,0.615,127.147,164573.0,4,34.0
0.167,0.921,-4.881,0,0.061,0.000141,0.239,0.315,168.225,262227.0,4,57.0
0.43,0.669,-3.398,1,0.0448,5.07e-05,0.121,0.417,160.001,188120.0,4,43.0
0.539,0.654,-6.454,0,0.0813,0.0296,0.0595,0.511,170.138,210820.0,5,43.0
0.527,0.878,-4.932,1,0.0561,0.2,0.104,0.198,152.017,169728.0,4,37.0
0.495,0.96,-6.235,0,0.061,0.0281,0.111,0.182,172.808,248409.0,4,46.0
0.516,0.698,-8.008,1,0.031,0.00741,0.575,0.227,84.014,181397.0,4,32.0
0.619,0.893,-7.089,0,0.0438,0.0784,0.291,0.939,104.014,242293.0,4,31.0
0.703,0.555,-8.199,1,0.382,0.0382,0.246,0.702,177.205,178949.0,4,56.0
0.845,0.429,-11.706,0,0.0973,0.183,0.0727,0.443,116.007,277609.0,4,51.0
0.691,0.62,-3.339,0,0.0455,0.0129,0.0821,0.552,109.027,179973.0,4,41.0
0.455,0.265,-8.468,1,0.0491,0.861,0.685,0.324,176.036,3.264,4,65.0
0.885,0.517,-12.067,0,0.5,0.186,0.446,0.705,110.012,178909.0,4,22.0
0.217,0.736,-7.309,0,0.0409,0.000689,0.0821,0.246,130.404,271333.0,4,42.0
0.373,0.57,-11.56,1,0.0441,0.497,0.128,0.631,81.28,215693.0,4,62.0
0.818,0.459,-10.073,1,0.0399,0.916,0.111,0.246,110.126,174545.0,4,46.0
0.673,0.722,-5.497,1,0.0855,0.364,0.0605,0.717,91.962,162070.0,4,43.0
0.0809,0.993,-4.093,1,0.163,5.49e-05,0.183,0.0397,70.972,483440.0,1,26.0
0.545,0.421,-7.201,1,0.0276,0.0469,0.214,0.314,149.955,210133.0,4,34.0
0.352,0.927,-8.144,1,0.11,6.9e-05,0.0409,0.355,98.336,183338.0,4,40.0
0.495,0.949,-3.789,1,0.0407,4.2e-05,0.438,0.683,105.013,187571.0,4,33.0
0.881,0.475,-8.794,1,0.5,0.303,0.229,0.615,146.931,182870.0,4,51.0
0.965,0.857,-8.458,0,0.17,0.00131,0.0726,0.951,127.656,183760.0,4,73.0
0.486,0.975,-4.016,1,0.11,0.00177,0.929,0.131,105.005,281838.0,4,33.0
0.485,0.706,-7.165,1,0.0333,0.00782,0.108,0.349,135.954,274750.0,4,28.0
0.381,0.969,-4.956,0,0.141,4.59e-06,0.143,0.338,179.987,236549.0,4,56.0
0.442,0.576,-5.611,0,0.0321,0.362,0.308,0.643,202.081,218500.0,4,33.0
0.538,0.507,-11.016,1,0.0312,0.029,0.354,0.169,103.021,4.065783333,4,30.0
0.222,0.807,-4.738,1,0.045,0.000696,0.0801,0.106,136.344,413524.0,4,63.0
0.292,0.775,-6.192,0,0.0488,0.00796,0.111,0.368,150.475,333137.0,4,24.0
0.469,0.647,-13.913,1,0.0315,0.595,0.339,0.942,147.878,163027.0,4,45.0
0.853,0.754,-7.158,0,0.259,0.335,0.252,0.69,95.081,334467.0,4,56.0
0.669,0.648,-4.66,1,0.067,0.34,0.314,0.616,80.974,161747.0,4,60.0
0.913,0.596,-12.477,0,0.0707,0.00658,0.078,0.973,127.215,272133.0,4,68.0
0.811,0.453,-9.54,0,0.0948,0.438,0.345,0.605,93.014,207250.0,4,35.0
0.819,0.626,-4.574,0,0.202,0.00748,0.167,0.415,143.01,195906.0,4,80.0
0.663,0.604,-5.252,1,0.186,0.367,0.134,0.567,82.536,177000.0,4,35.0
0.486,0.908,-4.43,1,0.0369,0.0023,0.389,0.241,89.991,216667.0,4,38.0
0.728,0.572,-10.043,1,0.0348,0.242,0.102,0.744,110.346,206995.0,4,52.0
0.563,0.924,-5.567,1,0.0734,0.00156,0.0468,0.539,90.928,187240.0,4,50.0
0.522,0.853,-5.861,1,0.0383,7.44e-05,0.131,0.637,140.727,211440.0,4,49.0
0.447,0.949,-4.245,0,0.0841,0.000283,0.132,0.364,104.724,197263.0,4,26.0
0.42,0.988,-2.622,1,0.157,0.00164,0.286,0.353,155.993,216040.0,4,43.0
0.17,0.98,-12.697,1,0.0652,2.48e-06,0.515,0.0504,144.475,153240.0,4,35.0
0.503,0.685,-6.48,0,0.0423,0.0421,0.0674,0.508,146.997,200067.0,4,56.0
0.545,0.67,-8.81,1,0.0496,0.009,0.0451,0.481,151.553,270213.0,4,82.0
0.409,0.231,-15.002,1,0.0353,0.451,0.084,0.125,116.036,253000.0,4,23.0
0.261,0.14,-15.33,1,0.0412,0.983,0.116,0.188,72.286,9.006,4,9.0
0.12,0.87,-6.984,1,0.0995,0.0018,0.0834,0.0536,179.815,950210.0,3,42.0
0.571,0.405,-8.907,1,0.025,0.00157,0.0911,0.398,72.974,184000.0,4,35.0
0.691,0.864,-7.206,1,0.0417,0.0766,0.0853,0.756,109.201,199627.0,4,54.0
0.553,0.902,-4.35,0,0.0588,0.00286,0.2,0.572,132.089,175577.0,4,47.0
0.523,0.768,-4.953,0,0.0566,0.447,0.0833,0.669,75.03,3.937333333,4,54.0
0.291,0.767,-6.913,0,0.0862,0.000401,0.0763,0.359,175.702,234800.0,4,63.0
0.187,0.913,-8.185,1,0.0558,0.224,0.102,0.344,156.715,232980.0,4,46.0
0.767,0.498,-5.995,1,0.376,0.566,0.325,0.61,129.919,201500.0,4,44.0
0.298,0.584,-7.257,1,0.0322,0.0435,0.1,0.388,143.927,466382.0,3,40.0
0.331,0.5,-9.119,0,0.0514,0.677,0.116,0.421,86.963,127465.0,4,62.0
0.538,0.362,-8.97,1,0.0258,0.463,0.177,0.24,76.045,251194.0,4,25.0
0.489,0.913,-9.152,0,0.0479,0.00015,0.0703,0.539,135.756,171747.0,4,64.0
0.4,0.682,-11.927,1,0.0563,0.183,0.803,0.778,117.528,177640.0,1,21.0
0.388,0.338,-10.054,1,0.0329,0.652,0.248,0.478,177.765,303373.0,4,81.0
0.446,0.373,-9.192,1,0.0312,0.0949,0.116,0.201,144.073,151257.0,4,26.0
0.676,0.58,-14.217,1,0.0506,0.589,0.218,0.89,95.358,2.883116667,4,57.0
0.6,0.931,-4.647,1,0.0734,0.0296,0.392,0.542,140.123,270427.0,4,71.0
0.646,0.559,-6.751,1,0.181,0.128,0.167,0.648,85.444,201173.0,4,38.0
0.752,0.505,-7.621,1,0.253,0.535,0.104,0.419,91.97,197437.0,4,83.0
0.601,0.532,-9.119,1,0.0286,0.432,0.0925,0.341,136.571,281613.0,4,82.0
0.584,0.278,-18.566,1,0.0312,0.55,0.255,0.75,81.712,215027.0,4,48.0
0.401,0.764,-5.476,1,0.145,0.00705,0.0506,0.109,99.949,205200.0,4,44.0
0.866,0.518,-7.372,1,0.0457,0.303,0.104,0.644,141.01,240029.0,4,51.0
0.583,0.981,-0.741,1,0.102,0.0701,0.187,0.907,145.021,169173.0,4,33.0
0.433,0.676,-5.953,1,0.0304,0.000364,0.101,0.404,133.957,233731.0,4,39.0
0.487,0.456,-7.144,1,0.0319,0.789,0.141,0.348,136.088,4.13235,4,64.0
0.575,0.838,-11.252,0,0.0534,0.0297,0.974,0.488,113.303,278693.0,4,2.0
0.37,0.411,-9.684,1,0.032,0.627,0.108,0.169,106.773,263034.0,4,35.0
0.423,0.63,-9.778,1,0.0312,0.0129,0.0479,0.393,153.945,4.40155,4,40.0
0.44,0.505,-9.517,1,0.031,0.22,0.129,0.501,102.354,439680.0,4,29.0
0.482,0.786,-5.735,1,0.032,0.00321,0.446,0.793,126.755,5.38333333,4,75.0
0.846,0.559,-4.306,1,0.0644,0.109,0.0445,0.721,114.037,3.03178333,4,55.0
0.638,0.854,-4.664,1,0.11,0.216,0.0357,0.859,93.869,3.177333333,4,2.0
0.656,0.767,-7.032,0,0.321,0.191,0.641,0.739,181.33,240667.0,4,47.0
0.537,0.96,-3.705,1,0.0594,0.000175,0.0892,0.382,137.986,220000.0,4,56.0
0.576,0.693,-9.936,1,0.0374,0.546,0.186,0.908,159.786,285093.0,3,13.0
0.57,0.571,-7.282,1,0.0291,0.00995,0.133,0.25,134.012,3.746266667,4,39.0
0.253,0.802,-6.866,1,0.0495,0.00192,0.398,0.279,160.099,387936.0,4,40.0
0.318,0.359,-8.549,0,0.0305,0.681,0.0951,0.0397,127.747,227333.0,3,27.0
0.564,0.923,-3.843,0,0.0325,0.00147,0.277,0.587,141.991,234526.0,4,59.0
0.61,0.974,-3.407,1,0.166,0.000625,0.429,0.71,125.077,146897.0,4,56.0
0.8,0.52,-7.251,0,0.328,0.175,0.326,0.599,120.244,143998.0,4,48.0
0.865,0.521,-6.932,1,0.0371,0.548,0.0989,0.748,129.059,244885.0,4,80.0
0.704,0.803,-4.77,1,0.351,0.165,0.54,0.529,124.087,233840.0,4,56.0
0.415,0.53,-9.338,0,0.0314,0.00209,0.11,0.0586,114.174,713192.0,1,65.0
0.553,0.667,-6.686,0,0.214,0.266,0.0679,0.366,131.18,124000.0,5,53.0
0.624,0.91,-5.703,1,0.0297,0.0285,0.0789,0.767,104.042,193051.0,4,72.0
0.451,0.0589,-16.082,1,0.0361,0.954,0.1,0.266,64.826,125293.0,4,26.0
0.62,0.781,-5.938,1,0.0379,0.181,0.187,0.864,144.707,167253.0,4,46.0
0.509,0.928,-5.833,1,0.0329,0.189,0.269,0.736,107.921,213150.0,4,51.0
0.525,0.3,-8.005,1,0.0286,0.578,0.116,0.206,80.993,3.943783333,4,66.0
0.503,0.96,-2.672,1,0.0626,9.25e-05,0.274,0.489,162.022,218040.0,4,65.0
0.704,0.917,-7.902,0,0.122,9.12e-05,0.0459,0.336,110.606,283947.0,4,30.0
0.498,0.28,-11.026,0,0.0261,0.955,0.149,0.189,76.078,268328.0,3,27.0
0.669,0.567,-12.381,0,0.335,0.614,0.246,0.909,81.93,150867.0,4,28.0
0.529,0.908,-5.405,1,0.0522,2.46e-05,0.0942,0.183,126.032,244693.0,4,41.0
0.669,0.795,-10.865,1,0.0285,0.00772,0.401,0.882,124.594,201187.0,4,69.0
0.611,0.313,-10.242,1,0.0339,0.835,0.111,0.378,134.858,3.87845,3,55.0
0.552,0.673,-4.9,0,0.0298,0.00553,0.114,0.174,89.993,224053.0,4,50.0
0.835,0.523,-7.227,0,0.0459,0.00536,0.157,0.588,100.026,167613.0,4,52.0
0.912,0.182,-22.639,0,0.0786,0.995,0.103,0.972,96.014,214788.0,4,23.0
0.489,0.95,-8.544,1,0.0397,1.5e-05,0.477,0.602,75.997,247387.0,4,28.0
0.604,0.818,-6.083,1,0.0379,0.00335,0.0411,0.697,102.993,196104.0,4,37.0
0.399,0.744,-8.303,1,0.0455,8.44e-05,0.0497,0.125,91.918,353956.0,4,36.0
0.698,0.644,-8.554,0,0.321,0.562,0.567,0.374,145.868,110147.0,4,35.0
0.526,0.622,-5.492,0,0.0374,0.536,0.251,0.224,123.958,249852.0,4,28.0
0.351,0.307,-12.071,1,0.0336,0.433,0.328,0.0951,105.092,229147.0,4,39.0
0.396,0.774,-8.22,1,0.03,0.0266,0.0702,0.462,169.959,323467.0,4,41.0
0.413,0.987,-3.675,1,0.17,0.000403,0.125,0.167,149.992,176800.0,4,35.0
0.686,0.631,-5.182,1,0.0232,0.126,0.107,0.509,103.953,3.839333333,4,59.0
0.7,0.701,-4.973,0,0.0414,0.199,0.111,0.774,149.917,208917.0,4,21.0
0.432,0.63,-9.511,0,0.0384,0.0663,0.223,0.569,133.77,338613.0,4,44.0
0.52,0.305,-7.227,1,0.0384,0.791,0.0882,0.53,101.335,173824.0,4,42.0
0.248,0.943,-4.252,1,0.172,0.000119,0.136,0.378,172.435,198347.0,4,30.0
0.598,0.853,-5.373,1,0.0545,0.132,0.132,0.312,121.988,191396.0,1,54.0
0.437,0.776,-9.259,1,0.0348,0.000153,0.0989,0.193,140.021,243857.0,4,36.0
0.538,0.532,-9.61,0,0.0249,0.555,0.118,0.433,77.018,199320.0,4,43.0
0.504,0.69,-10.309,0,0.0849,0.0553,0.255,0.577,109.038,438227.0,4,38.0
0.391,0.444,-13.137,0,0.119,0.488,0.111,0.159,171.831,321067.0,5,56.0
0.491,0.835,-6.445,1,0.0416,0.0466,0.261,0.504,118.447,183366.0,3,14.0
0.121,0.0825,-24.735,1,0.0537,0.935,0.107,0.0735,75.31,2.395333333,3,23.0
0.214,0.457,-10.538,0,0.0502,0.627,0.108,0.432,178.011,209421.0,4,58.0
0.574,0.913,-4.793,0,0.133,0.061,0.156,0.423,115.728,208400.0,4,83.0
0.521,0.39,-6.973,1,0.0319,0.833,0.295,0.464,102.272,2.562216667,4,3.0
0.55,0.486,-11.0,1,0.0264,0.62,0.171,0.311,79.988,4.05,4,11.0
0.687,0.361,-9.782,1,0.0501,0.631,0.117,0.453,80.935,232053.0,4,64.0
0.653,0.523,-10.083,1,0.0576,0.326,0.373,0.35,89.024,187053.0,4,39.0
0.606,0.589,-7.194,0,0.0456,0.75,0.0922,0.889,174.285,221804.0,4,65.0
0.376,0.956,-4.936,1,0.0921,7.25e-05,0.117,0.406,200.211,190436.0,3,40.0
0.353,0.994,-3.38,1,0.204,0.0002,0.39,0.154,184.932,168164.0,4,41.0
0.623,0.983,-3.548,0,0.151,9.62e-05,0.261,0.271,134.975,162293.0,4,64.0
0.492,0.871,-8.919,1,0.0623,0.0157,0.847,0.354,106.399,289800.0,4,38.0
0.618,0.448,-10.248,0,0.0676,0.027,0.0924,0.074,107.181,167889.0,3,12.0
0.528,0.367,-9.227,1,0.055,0.878,0.0795,0.293,128.715,190427.0,4,7.0
0.612,0.622,-6.698,1,0.0559,0.266,0.174,0.594,81.972,179268.0,4,38.0
0.722,0.85,-4.967,0,0.0542,0.000554,0.546,0.809,133.055,216677.0,4,43.0
0.533,0.942,-6.067,0,0.0722,3.9e-05,0.106,0.0469,120.012,258429.0,4,34.0
0.667,0.776,-4.535,0,0.0281,0.00238,0.134,0.519,128.005,214707.0,4,63.0
0.172,0.236,-17.666,1,0.0394,0.715,0.148,0.034,123.078,206222.0,4,17.0
0.768,0.852,-6.215,1,0.038,0.214,0.0723,0.867,128.373,271240.0,4,79.0
0.541,0.458,-7.742,1,0.0257,0.216,0.144,0.292,145.013,220410.0,4,25.0
0.338,0.58,-8.703,0,0.0573,0.506,0.147,0.262,157.801,209667.0,4,31.0
0.443,0.934,-3.398,0,0.0501,0.00604,0.0779,0.401,93.43,202800.0,4,62.0
0.722,0.896,-4.581,0,0.0365,0.144,0.196,0.928,114.008,201227.0,4,28.0
0.448,0.526,-8.513,0,0.0292,0.0069,0.208,0.119,100.007,186503.0,4,41.0
0.801,0.383,-6.098,1,0.0323,0.826,0.113,0.564,100.033,182502.0,4,52.0
0.78,0.603,-12.064,0,0.0376,0.22,0.336,0.836,145.486,286800.0,4,20.0
0.505,0.948,-4.724,1,0.0659,0.00018,0.128,0.594,133.561,182907.0,4,45.0
0.553,0.977,-3.271,1,0.0629,0.000468,0.0713,0.632,153.868,182338.0,4,40.0
0.53,0.893,-5.426,0,0.0704,0.00027,0.095,0.585,135.076,241267.0,4,45.0
0.651,0.414,-10.572,1,0.0301,0.524,0.118,0.445,111.175,3.83266667,4,53.0
0.149,0.0366,-22.291,1,0.0382,0.755,0.121,0.121,89.643,3.009833333,3,39.0
0.439,0.326,-14.278,1,0.0348,0.448,0.135,0.548,159.619,443053.0,3,32.0
0.712,0.671,-7.198,0,0.112,0.125,0.0954,0.446,160.028,180325.0,4,66.0
0.674,0.313,-11.384,1,0.0425,0.289,0.091,0.514,77.019,241773.0,4,41.0
0.348,0.45,-13.748,1,0.0501,0.37,0.137,0.141,171.042,212992.0,3,36.0
0.731,0.693,-7.372,0,0.0893,0.603,0.111,0.798,161.991,203033.0,4,48.0
0.648,0.772,-7.339,0,0.0445,0.504,0.0379,0.944,91.999,177625.0,4,26.0
0.827,0.745,-6.832,0,0.0443,0.0762,0.0753,0.387,115.047,244707.0,4,44.0
0.457,0.95,-2.533,1,0.0776,0.000482,0.141,0.27,128.034,167344.0,4,54.0
0.44,0.477,-11.709,1,0.0399,0.77,0.259,0.254,132.082,300816.0,4,18.0
0.454,0.993,-2.521,1,0.205,0.00104,0.36,0.149,130.032,200308.0,3,34.0
0.272,0.909,-4.921,1,0.111,0.00202,0.286,0.245,124.227,320667.0,4,46.0
0.8,0.627,-8.477,1,0.0585,0.101,0.19,0.862,120.036,148250.0,4,46.0
0.431,0.927,-9.072,0,0.0432,5.99e-06,0.42,0.632,109.55,419307.0,4,50.0
0.352,0.03,-23.518,0,0.0401,0.979,0.109,0.22,114.834,1.75,3,34.0
0.483,0.931,-5.787,1,0.0319,0.00181,0.236,0.887,91.575,397813.0,4,38.0
0.883,0.621,-6.063,0,0.212,0.0871,0.499,0.676,149.052,239702.0,4,65.0
0.651,0.623,-5.183,0,0.0368,0.476,0.302,0.523,92.934,239840.0,4,40.0
0.453,0.905,-4.001,1,0.115,0.36,0.26,0.474,137.571,4.93666667,4,20.0
0.337,0.0281,-28.315,1,0.0327,0.89,0.184,0.0804,101.031,4.027783333,4,45.0
0.52,0.463,-10.429,1,0.0958,0.609,0.426,0.469,159.931,257520.0,4,61.0
0.866,0.438,-10.146,1,0.447,0.0851,0.21,0.841,139.982,101303.0,4,28.0
0.168,0.979,-3.963,0,0.184,8.44e-06,0.0644,0.153,169.925,257695.0,4,46.0
0.366,0.61,-9.472,0,0.0483,0.00144,0.101,0.216,152.047,208463.0,4,19.0
0.677,0.596,-8.852,0,0.298,0.0798,0.102,0.172,163.152,226174.0,4,52.0
0.774,0.687,-6.204,0,0.0629,0.154,0.0984,0.53,115.931,211293.0,4,30.0
0.677,0.736,-9.916,1,0.0432,0.274,0.195,0.974,129.933,1.365333333,4,6.0
0.762,0.651,-13.34,1,0.0655,0.00198,0.111,0.941,130.395,449160.0,4,70.0
0.766,0.806,-10.011,1,0.0403,0.124,0.119,0.76,123.509,165227.0,4,60.0
0.689,0.869,-5.031,1,0.249,0.0124,0.381,0.372,118.956,189743.0,4,37.0
0.313,0.0437,-22.627,1,0.0315,0.989,0.209,0.0625,100.827,192867.0,1,61.0
0.486,0.527,-8.272,1,0.027,0.265,0.158,0.534,133.993,2.994,4,31.0
0.527,0.944,-4.763,0,0.0519,0.000105,0.0915,0.534,125.009,247747.0,4,35.0
0.549,0.665,-3.603,1,0.0288,0.129,0.0886,0.465,94.959,3.7571,4,55.0
0.311,0.583,-5.068,1,0.0343,0.846,0.124,0.324,188.873,204605.0,3,48.0
0.404,0.266,-12.272,1,0.0399,0.958,0.11,0.322,100.831,349240.0,4,19.0
0.576,0.749,-5.768,1,0.0308,0.0187,0.122,0.434,95.999,241027.0,4,26.0
0.623,0.675,-4.903,0,0.112,0.414,0.0442,0.83,170.601,257560.0,4,15.0
0.538,0.0814,-18.022,1,0.0788,0.989,0.0935,0.26,174.765,196827.0,4,29.0
0.228,0.969,-4.07,0,0.1,0.000275,0.0982,0.428,155.212,187960.0,4,58.0
0.816,0.771,-6.414,1,0.0342,0.276,0.157,0.893,109.965,161253.0,4,21.0
0.6,0.593,-9.799,1,0.0452,0.726,0.399,0.912,134.979,128427.0,4,53.0
0.607,0.503,-12.523,1,0.0283,0.116,0.0625,0.354,140.031,273921.0,4,40.0
0.466,0.653,-4.583,1,0.0298,0.0157,0.263,0.205,143.034,208907.0,3,54.0
0.54,0.902,-3.577,1,0.0442,0.0142,0.0756,0.692,75.033,224760.0,4,62.0
0.353,0.546,-7.88,0,0.0307,0.255,0.121,0.48,93.056,174683.0,4,20.0
0.445,0.776,-7.21,1,0.0399,0.00237,0.0636,0.0503,134.895,392507.0,3,20.0
0.491,0.809,-7.68,1,0.0332,0.33,0.0874,0.656,74.008,2.9561,4,61.0
0.559,0.875,-6.894,1,0.0367,7.69e-06,0.359,0.626,133.03,252213.0,4,38.0
0.622,0.394,-11.777,1,0.115,0.835,0.182,0.243,120.089,1083755.0,5,22.0
0.457,0.648,-5.762,1,0.0552,0.0114,0.212,0.736,160.021,111210.0,4,69.0
0.453,0.847,-4.918,1,0.0515,0.000136,0.0988,0.319,118.077,224939.0,4,51.0
0.818,0.867,-4.864,0,0.0756,0.0725,0.0613,0.921,117.003,236496.0,4,46.0
0.461,0.551,-8.121,0,0.0307,0.194,0.0916,0.212,158.088,209971.0,3,23.0
0.774,0.553,-6.815,1,0.0823,0.379,0.739,0.514,102.055,5.057233333,4,63.0
0.563,0.939,-7.322,1,0.061,0.000633,0.287,0.587,112.48,154507.0,1,33.0
0.486,0.763,-6.719,1,0.111,0.00154,0.0612,0.342,133.929,215133.0,4,48.0
0.162,0.786,-2.353,1,0.038,0.0374,0.143,0.138,161.192,239907.0,3,65.0
0.594,0.554,-6.215,0,0.0314,0.385,0.0962,0.507,134.041,228215.0,4,27.0
0.732,0.458,-7.225,1,0.0311,0.447,0.136,0.661,98.938,2.75645,4,75.0
0.605,0.864,-5.365,1,0.0292,0.13,0.113,0.736,122.918,3.803116667,4,76.0
0.448,0.585,-12.226,1,0.0284,0.000604,0.0632,0.399,84.994,235727.0,4,33.0
0.149,0.243,-13.188,0,0.0305,0.3,0.12,0.215,174.451,200640.0,3,55.0
0.862,0.641,-4.109,1,0.0442,0.12,0.336,0.674,109.998,178656.0,4,68.0
0.488,0.327,-11.4,1,0.0293,0.858,0.206,0.2,175.945,319652.0,4,27.0
0.717,0.758,-5.576,0,0.268,0.0791,0.293,0.252,91.983,201160.0,4,66.0
0.549,0.502,-6.781,1,0.0308,0.339,0.122,0.371,157.041,162997.0,4,57.0
0.396,0.415,-7.271,0,0.0715,0.571,0.0894,0.539,166.706,200920.0,4,17.0
0.466,0.654,-7.545,0,0.0346,0.337,0.123,0.693,156.874,204906.0,4,25.0
0.255,0.586,-8.314,1,0.044,0.147,0.97,0.334,164.121,279840.0,4,25.0
0.468,0.967,-5.143,1,0.0884,0.00364,0.519,0.486,140.029,338093.0,1,29.0
0.542,0.923,-5.924,1,0.306,0.00334,0.397,0.321,149.883,113333.0,4,59.0
0.473,0.883,-3.65,1,0.047,0.00201,0.142,0.164,115.048,238133.0,4,62.0
0.369,0.897,-8.644,1,0.0528,3.06e-05,0.0805,0.255,169.985,367547.0,4,29.0
0.603,0.499,-7.448,0,0.035,0.523,0.091,0.331,144.005,188241.0,4,38.0
0.656,0.928,-3.757,0,0.114,0.158,0.0596,0.821,131.916,245909.0,4,18.0
0.409,0.952,-3.761,0,0.0756,1.23e-05,0.31,0.55,80.899,203693.0,4,57.0
0.63,0.496,-9.303,0,0.0339,0.319,0.0821,0.419,139.878,223071.0,4,47.0
0.533,0.415,-10.708,0,0.0454,0.879,0.141,0.264,137.571,234900.0,4,33.0
0.242,0.998,-5.64,0,0.0895,8.12e-06,0.284,0.18,114.831,442733.0,4,60.0
0.578,0.883,-6.354,1,0.0439,0.000123,0.284,0.627,125.603,186533.0,4,5.0
0.423,0.748,-3.681,1,0.0318,0.0343,0.218,0.144,175.948,237923.0,4,50.0
0.587,0.766,-5.735,1,0.0305,0.0406,0.0833,0.758,134.977,205246.0,4,59.0
0.758,0.896,-3.311,1,0.0501,0.173,0.136,0.797,94.911,207027.0,4,58.0
0.434,0.609,-8.295,1,0.0306,0.0232,0.0557,0.372,159.994,391000.0,4,68.0
0.554,0.431,-5.89,1,0.0962,0.912,0.397,0.418,116.303,217133.0,4,23.0
0.491,0.47,-13.45,1,0.0264,0.747,0.128,0.846,93.964,311704.0,4,63.0
0.685,0.909,-3.797,1,0.032,0.0782,0.369,0.864,115.043,3.259783333,4,59.0
0.335,0.959,-3.864,1,0.258,0.0117,0.157,0.207,106.685,196360.0,4,38.0
0.508,0.844,-5.989,1,0.0454,0.00329,0.118,0.303,129.031,261491.0,4,50.0
0.274,0.984,-3.378,1,0.29,0.00155,0.314,0.359,169.235,168824.0,4,38.0
0.598,0.871,-3.614,0,0.102,0.535,0.0801,0.544,126.856,184640.0,4,37.0
0.661,0.407,-8.643,1,0.0295,0.566,0.185,0.227,125.993,232600.0,4,58.0
0.535,0.141,-16.568,1,0.0325,0.968,0.0932,0.536,95.664,233933.0,4,35.0
0.485,0.262,-13.286,1,0.0263,0.978,0.117,0.332,98.536,2.70688333,4,32.0
0.627,0.859,-3.334,1,0.0975,0.722,0.315,0.807,123.179,229507.0,4,17.0
0.549,0.92,-6.046,1,0.0497,0.00105,0.0322,0.41,101.955,253390.0,4,39.0
0.768,0.331,-14.248,0,0.0321,0.653,0.0943,0.52,114.037,208107.0,3,29.0
0.423,0.984,-4.261,0,0.1,2.29e-05,0.321,0.199,103.218,179785.0,4,1.0
0.68,0.87,-4.461,1,0.0393,0.266,0.109,0.646,119.075,3.797333333,4,69.0
0.692,0.625,-10.375,1,0.0362,0.883,0.282,0.842,118.774,279800.0,4,34.0
0.474,0.369,-14.216,1,0.0296,0.0291,0.128,0.156,61.207,274107.0,4,53.0
0.473,0.749,-5.047,0,0.0287,0.000466,0.0883,0.167,150.022,216627.0,4,63.0
0.395,0.824,-5.659,0,0.0317,0.0516,0.206,0.514,83.422,232049.0,4,56.0
0.547,0.303,-10.344,0,0.0347,0.838,0.0982,0.109,126.882,204246.0,4,30.0
0.493,0.898,-3.321,1,0.0372,0.000219,0.173,0.536,126.054,190558.0,4,47.0
0.716,0.537,-7.648,0,0.0514,0.233,0.157,0.28,129.979,165978.0,4,82.0
0.381,0.593,-7.376,1,0.0382,0.396,0.113,0.477,79.848,194571.0,4,42.0
0.551,0.516,-9.587,0,0.027,0.289,0.0853,0.547,99.045,279813.0,4,59.0
0.607,0.658,-5.552,0,0.0262,0.0103,0.0537,0.567,99.983,207587.0,4,55.0
0.887,0.485,-9.358,0,0.2,0.0392,0.141,0.328,125.987,215693.0,4,86.0
0.483,0.753,-8.937,0,0.0832,0.425,0.257,0.42,115.102,261093.0,4,74.0
0.509,0.289,-8.3,1,0.0286,0.88,0.111,0.156,158.799,4.05045,3,23.0
0.567,0.123,-16.546,1,0.0594,0.969,0.111,0.0492,113.205,2.490833333,4,40.0
0.694,0.379,-14.014,1,0.0301,0.835,0.111,0.346,79.981,200020.0,4,27.0
0.54,0.968,-3.167,1,0.0766,0.00429,0.111,0.354,130.015,164867.0,4,59.0
0.548,0.254,-8.981,1,0.0314,0.59,0.0937,0.0386,143.769,273240.0,4,55.0
0.634,0.637,-8.07,0,0.0542,0.272,0.0874,0.839,118.997,3.398883333,4,12.0
0.604,0.612,-6.92,1,0.0262,0.314,0.104,0.375,102.969,247145.0,4,34.0
0.672,0.808,-6.657,1,0.325,2.74e-05,0.0655,0.646,123.053,300488.0,4,37.0
0.393,0.926,-2.368,0,0.116,0.00195,0.371,0.36,145.92,172140.0,4,42.0
0.537,0.943,-4.505,1,0.0707,0.000132,0.204,0.477,130.034,201500.0,4,48.0
0.566,0.538,-5.729,1,0.0346,0.406,0.979,0.315,121.154,396968.0,4,58.0
0.457,0.884,-9.954,1,0.0675,0.02,0.09,0.682,151.747,207427.0,4,49.0
0.359,0.938,-4.182,1,0.0773,0.00364,0.0972,0.378,113.468,184720.0,4,42.0
0.578,0.455,-11.265,1,0.0252,0.813,0.112,0.217,99.988,3.763333333,4,23.0
0.552,0.57,-6.973,0,0.0274,0.71,0.0886,0.734,147.268,187413.0,4,37.0
0.524,0.224,-11.612,1,0.0327,0.896,0.0937,0.148,130.093,304080.0,4,27.0
0.555,0.879,-2.484,0,0.0983,0.011,0.298,0.691,113.852,207755.0,4,74.0
0.754,0.854,-4.192,1,0.328,0.344,0.0825,0.772,99.095,216341.0,4,3.0
0.469,0.975,-6.912,0,0.0706,2.87e-06,0.293,0.502,105.003,278400.0,4,34.0
0.642,0.355,-14.196,1,0.0329,0.0951,0.0865,0.725,180.26,180133.0,4,59.0
0.545,0.964,-4.326,1,0.0565,0.000114,0.0842,0.698,142.002,233439.0,4,45.0
0.829,0.619,-8.275,0,0.0996,0.0871,0.119,0.217,102.025,160161.0,4,55.0
0.441,0.984,-3.449,1,0.167,7.71e-05,0.0581,0.135,120.023,201625.0,4,23.0
0.747,0.162,-16.498,1,0.031,0.964,0.132,0.716,93.09,219141.0,1,32.0
0.273,0.952,-8.762,1,0.0843,0.0169,0.142,0.472,100.271,6.76066667,4,77.0
0.718,0.304,-10.176,1,0.0688,0.772,0.141,0.556,99.788,243187.0,4,41.0
0.11,0.729,-7.247,1,0.0395,0.000413,0.108,0.498,182.476,249963.0,4,33.0
0.38,0.843,-2.939,0,0.0346,0.0279,0.113,0.306,106.149,178987.0,4,40.0
0.481,0.175,-15.214,1,0.03,0.882,0.114,0.207,110.224,186129.0,4,48.0
0.765,0.813,-4.76,1,0.0398,0.102,0.0701,0.624,94.088,217200.0,4,33.0
0.721,0.539,-14.064,1,0.351,0.685,0.282,0.963,102.648,241813.0,4,58.0
0.893,0.565,-4.74,1,0.268,0.0754,0.0375,0.808,81.009,156432.0,4,78.0
0.546,0.918,-10.854,0,0.0328,0.063,0.403,0.956,90.103,277313.0,4,18.0
0.472,0.752,-6.051,1,0.0555,0.000164,0.0903,0.305,133.248,320107.0,4,58.0
0.784,0.845,-2.793,1,0.0596,0.286,0.074,0.888,105.981,194721.0,4,64.0
0.646,0.807,-5.169,1,0.0353,0.00445,0.108,0.825,142.038,223348.0,4,45.0
0.532,0.942,-3.395,0,0.0348,0.0232,0.104,0.533,95.065,199133.0,4,57.0
0.627,0.91,-4.629,0,0.052,0.018,0.369,0.751,97.867,236013.0,4,59.0
0.405,0.943,-5.399,0,0.0929,7.95e-05,0.159,0.521,175.008,227707.0,4,47.0
0.492,0.926,-5.257,1,0.188,3.74e-05,0.475,0.479,149.957,160008.0,4,51.0
0.881,0.622,-7.366,0,0.307,0.00137,0.0524,0.708,93.455,194973.0,4,48.0
0.731,0.484,-5.579,1,0.0354,0.73,0.326,0.35,92.043,169128.0,4,74.0
0.617,0.593,-7.761,1,0.028,0.385,0.137,0.614,95.086,329237.0,4,35.0
0.806,0.149,-14.023,0,0.0583,0.924,0.111,0.635,112.001,166699.0,4,48.0
0.301,0.813,-8.145,1,0.0459,0.0949,0.308,0.563,158.675,234901.0,4,17.0
0.629,0.581,-11.856,1,0.027,0.513,0.0755,0.359,97.074,338800.0,4,66.0
0.492,0.7,-7.001,1,0.0437,0.413,0.0996,0.605,110.741,253165.0,4,63.0
0.658,0.125,-15.901,1,0.0323,0.877,0.287,0.507,106.686,2.2757,4,58.0
0.79,0.143,-17.285,1,0.39,0.948,0.339,0.589,119.964,135040.0,3,36.0
0.435,0.423,-8.795,1,0.024,0.0916,0.132,0.451,91.137,287091.0,3,66.0
0.586,0.401,-11.063,0,0.223,0.128,0.263,0.405,115.951,195341.0,4,37.0
0.619,0.839,-10.204,1,0.416,0.265,0.0789,0.743,162.385,173000.0,4,36.0
0.597,0.473,-14.271,1,0.0318,0.0759,0.937,0.533,105.031,3.67,4,47.0
0.393,0.913,-5.009,1,0.0713,0.00683,0.0547,0.651,78.157,309533.0,4,41.0
0.57,0.431,-8.685,0,0.178,0.583,0.105,0.433,154.918,215496.0,4,63.0
0.321,0.22,-12.608,0,0.0352,0.828,0.0873,0.301,157.037,248280.0,4,60.0
0.792,0.634,-11.178,0,0.0723,0.116,0.065,0.556,90.04,252036.0,4,46.0
0.498,0.889,-5.413,1,0.0546,0.0947,0.733,0.696,134.88,283360.0,4,73.0
0.299,0.578,-7.567,1,0.0341,0.67,0.125,0.707,90.612,154680.0,4,27.0
0.704,0.2,-12.217,0,0.035,0.755,0.126,0.139,111.947,4.207583333,4,33.0
0.599,0.617,-9.81,1,0.0425,0.0209,0.146,0.279,135.002,239107.0,4,11.0
0.967,0.583,-5.562,0,0.0789,0.0584,0.0519,0.964,117.0,242733.0,4,80.0
0.501,0.988,-3.339,1,0.12,6.02e-05,0.394,0.192,94.953,221748.0,4,63.0
0.807,0.903,-11.09,1,0.113,0.211,0.0565,0.94,165.034,269867.0,4,54.0
0.684,0.892,-3.262,0,0.0508,0.122,0.415,0.854,126.004,244187.0,4,25.0
0.669,0.848,-10.072,0,0.03,0.0273,0.0881,0.661,102.048,177507.0,4,41.0
0.66,0.708,-9.142,1,0.117,0.101,0.0869,0.908,75.219,218307.0,4,43.0
0.353,0.866,-3.274,1,0.0392,3.03e-05,0.295,0.544,165.215,174013.0,4,64.0
0.496,0.984,-3.899,0,0.136,3.41e-05,0.368,0.247,107.48,252840.0,4,10.0
0.557,0.674,-4.547,0,0.0328,0.0484,0.105,0.362,143.886,218478.0,4,32.0
0.764,0.961,-3.658,1,0.0559,0.172,0.0473,0.432,126.008,351095.0,4,26.0
0.51,0.944,-5.773,0,0.0385,5.68e-05,0.228,0.635,109.985,326160.0,4,45.0
0.409,0.566,-6.234,1,0.0347,0.582,0.11,0.423,181.783,203347.0,4,47.0
0.602,0.324,-7.498,1,0.0479,0.57,0.108,0.261,124.136,319458.0,3,31.0
0.693,0.538,-6.191,1,0.0557,0.207,0.109,0.821,95.992,175440.0,4,43.0
0.488,0.153,-17.966,1,0.033,0.918,0.141,0.155,143.907,3.441083333,4,55.0
0.436,0.761,-2.43,1,0.0506,0.00127,0.173,0.282,142.027,225027.0,4,55.0
0.861,0.642,-8.634,0,0.0793,0.421,0.0828,0.775,113.976,219320.0,4,50.0
0.597,0.655,-6.188,1,0.0299,0.00473,0.607,0.36,121.06,237413.0,4,56.0
0.393,0.895,-6.187,1,0.0524,0.00416,0.71,0.281,131.256,311267.0,4,35.0
0.625,0.358,-8.545,0,0.0279,0.309,0.11,0.238,84.609,222929.0,4,55.0
0.775,0.56,-7.085,1,0.0314,0.195,0.183,0.811,106.003,251187.0,4,54.0
0.674,0.823,-8.654,1,0.202,0.0199,0.666,0.673,94.118,140742.0,4,49.0
0.45,0.993,-2.216,1,0.292,3.45e-05,0.451,0.217,160.029,211875.0,4,57.0
0.189,0.872,-4.918,1,0.0528,3.16e-05,0.125,0.122,109.953,315856.0,4,22.0
0.682,0.74,-9.886,1,0.0445,0.286,0.0812,0.904,98.999,201893.0,4,54.0
0.377,0.682,-8.039,1,0.0299,0.000894,0.0504,0.288,108.736,285133.0,4,79.0
0.325,0.342,-8.86,1,0.0358,0.748,0.101,0.264,92.08,243193.0,4,42.0
0.44,0.114,-18.43,0,0.037,0.953,0.119,0.144,92.895,2.2809,4,40.0
0.514,0.659,-6.142,1,0.0309,0.0284,0.266,0.463,76.483,3.334,4,64.0
0.675,0.787,-2.468,0,0.334,0.0693,0.0494,0.647,140.959,124067.0,4,5.0
0.778,0.547,-7.273,1,0.0489,0.346,0.132,0.441,95.002,242733.0,4,82.0
0.587,0.0595,-26.964,1,0.73,0.857,0.128,0.376,172.18,136867.0,3,10.0
0.489,0.925,-4.679,1,0.0644,7.37e-05,0.347,0.651,169.832,172387.0,4,31.0
0.405,0.715,-8.197,1,0.0374,0.541,0.0819,0.116,132.407,191267.0,4,29.0
0.639,0.776,-4.61,1,0.0829,0.0731,0.18,0.267,160.101,145801.0,4,63.0
0.643,0.378,-9.741,0,0.0301,0.792,0.129,0.484,126.052,170000.0,4,43.0
0.52,0.761,-6.873,0,0.0304,0.000596,0.178,0.276,118.908,358000.0,4,33.0
0.841,0.843,-8.777,0,0.374,0.0586,0.102,0.652,89.996,202206.0,4,32.0
0.628,0.795,-6.941,0,0.0282,0.00406,0.132,0.731,134.999,308387.0,4,42.0
0.573,0.867,-2.876,0,0.168,0.0853,0.38,0.231,74.861,339506.0,4,80.0
0.32,0.932,-4.85,1,0.0992,0.0024,0.508,0.607,173.83,218533.0,4,36.0
0.176,0.962,-3.139,1,0.103,1.66e-05,0.321,0.425,153.951,206733.0,4,47.0
0.692,0.494,-12.232,0,0.0581,0.234,0.122,0.469,139.874,198924.0,4,63.0
0.695,0.762,-3.497,1,0.0395,0.192,0.0863,0.553,120.042,215280.0,4,88.0
0.445,0.591,-9.004,0,0.0316,0.319,0.107,0.0774,137.864,216038.0,4,64.0
0.334,0.884,-4.923,1,0.0399,0.135,0.126,0.552,163.04,318320.0,4,30.0
0.406,0.804,-6.341,0,0.0504,0.00546,0.473,0.48,155.023,216000.0,4,45.0
0.584,0.635,-9.223,1,0.127,0.219,0.351,0.915,91.121,281013.0,4,16.0
0.598,0.772,-9.139,1,0.0339,0.00297,0.924,0.707,126.019,306902.0,3,13.0
0.4,0.456,-11.607,1,0.0338,0.104,0.0981,0.273,117.623,308973.0,4,21.0
0.373,0.97,-4.905,1,0.181,2.02e-05,0.446,0.277,153.786,252469.0,4,50.0
0.618,0.793,-5.711,1,0.0601,0.204,0.126,0.459,101.015,347526.0,4,73.0
0.723,0.896,-2.512,1,0.0435,0.0598,0.0689,0.938,124.013,208402.0,4,62.0
0.758,0.913,-2.926,0,0.113,0.00364,0.193,0.658,128.04,3.1035,4,89.0
0.55,0.716,-5.084,1,0.0397,0.299,0.141,0.202,110.027,216367.0,4,32.0
0.506,0.832,-3.913,1,0.0596,0.00154,0.087,0.32,140.903,195587.0,4,31.0
0.699,0.666,-7.883,0,0.282,0.0229,0.127,0.433,99.888,137640.0,4,54.0
0.682,0.78,-9.948,1,0.0538,0.0114,0.0862,0.317,115.564,319760.0,4,45.0
0.47,0.401,-12.476,1,0.0355,0.297,0.174,0.407,188.037,341933.0,3,30.0
0.611,0.402,-11.807,1,0.328,0.936,0.149,0.444,103.809,2.639333333,4,1.0
0.501,0.818,-4.631,1,0.0317,0.00203,0.0877,0.338,92.01,221880.0,4,25.0
0.463,0.749,-8.118,0,0.0891,0.00796,0.0558,0.888,183.048,179653.0,4,64.0
0.582,0.338,-6.416,0,0.0369,0.665,0.107,0.298,97.785,213880.0,4,37.0
0.567,0.461,-7.124,1,0.0459,0.00107,0.4,0.184,83.021,2.939766667,4,21.0
0.531,0.943,-6.025,1,0.0489,0.5,0.932,0.778,144.746,225760.0,4,47.0
0.712,0.568,-7.864,0,0.0546,0.0947,0.169,0.46,130.019,166356.0,4,76.0
0.537,0.823,-5.874,1,0.0322,0.00784,0.122,0.759,132.241,151827.0,4,43.0
0.349,0.443,-15.045,1,0.0328,0.964,0.0872,0.657,135.03,426413.0,4,26.0
0.834,0.856,-3.309,0,0.206,0.00118,0.389,0.772,125.984,209529.0,4,42.0
0.547,0.949,-6.244,1,0.0546,0.00038,0.101,0.169,119.991,366427.0,4,44.0
0.737,0.409,-10.917,1,0.026,0.18,0.128,0.405,106.965,183653.0,4,2.0
0.438,0.805,-6.237,1,0.0624,0.00255,0.0842,0.564,113.253,240800.0,4,78.0
0.553,0.38,-18.311,0,0.0397,0.446,0.307,0.861,161.161,6.036216667,4,45.0
0.487,0.738,-6.066,0,0.0369,0.0301,0.0455,0.694,158.059,278107.0,4,39.0
0.419,0.339,-7.694,0,0.0366,0.784,0.16,0.378,90.566,181390.0,3,45.0
0.887,0.855,-6.21,1,0.186,0.146,0.109,0.67,116.982,188777.0,4,37.0
0.571,0.41,-11.428,1,0.0413,0.716,0.0832,0.499,81.218,3.381733333,4,44.0
0.191,0.376,-9.946,1,0.0341,0.47,0.104,0.194,159.53,280720.0,3,41.0
0.313,0.831,-3.894,1,0.0404,0.000127,0.24,0.332,152.034,236867.0,4,48.0
0.709,0.783,-7.073,0,0.0334,0.0533,0.11,0.899,128.031,204406.0,4,25.0
0.652,0.876,-3.323,1,0.0359,0.0307,0.449,0.695,126.007,212513.0,4,67.0
0.527,0.606,-6.799,1,0.0305,0.0134,0.418,0.267,105.509,279107.0,4,42.0
0.75,0.681,-6.906,1,0.0401,0.011,0.0684,0.967,125.005,201080.0,4,33.0
0.555,0.422,-11.541,0,0.0372,0.405,0.135,0.35,170.115,160400.0,4,54.0
0.696,0.598,-5.413,1,0.0301,0.0146,0.104,0.515,132.941,209661.0,4,37.0
0.434,0.977,-4.845,1,0.0786,0.00187,0.347,0.0939,128.223,297000.0,4,60.0
0.447,0.568,-4.975,1,0.0305,0.295,0.355,0.149,90.933,249760.0,4,67.0
0.434,0.955,-2.637,0,0.0719,0.000127,0.0572,0.336,89.113,212900.0,4,49.0
0.342,0.7,-5.955,1,0.0449,0.561,0.0994,0.118,150.04,275040.0,4,49.0
0.413,0.705,-9.565,1,0.0356,0.0446,0.0951,0.571,128.54,348240.0,4,21.0
0.437,0.727,-5.432,1,0.0293,0.0532,0.103,0.233,73.029,5.77645,4,68.0
0.847,0.608,-4.925,1,0.0645,0.511,0.0862,0.707,104.993,221235.0,4,50.0
0.604,0.609,-7.104,1,0.0327,0.0219,0.342,0.351,143.579,191664.0,4,41.0
0.356,0.0145,-31.366,1,0.0526,0.991,0.0945,0.196,78.685,2.533333333,3,48.0
0.673,0.782,-5.456,1,0.0817,0.00166,0.341,0.883,135.082,163333.0,4,45.0
0.566,0.969,-3.369,0,0.046,0.0287,0.281,0.641,100.012,355120.0,4,59.0
0.771,0.283,-16.326,1,0.0444,0.198,0.0888,0.906,77.756,3.379783333,4,60.0
0.671,0.639,-6.852,0,0.134,0.0928,0.0941,0.385,119.82,3.6,5,83.0
0.427,0.992,-2.642,1,0.101,1.63e-05,0.108,0.267,143.052,273566.0,4,39.0
0.208,0.433,-12.396,1,0.0498,0.991,0.172,0.278,82.92,124000.0,4,37.0
0.404,0.514,-6.849,1,0.031,0.00137,0.252,0.163,120.2,219998.0,4,31.0
0.519,0.779,-9.159,1,0.0648,0.573,0.286,0.888,113.487,173040.0,4,49.0
0.8,0.841,-3.771,0,0.073,0.355,0.0784,0.711,100.0,214000.0,4,46.0
0.523,0.918,-5.535,1,0.0879,0.0037,0.161,0.245,109.987,188707.0,4,43.0
0.425,0.314,-9.072,1,0.0312,0.924,0.129,0.311,73.69,3.49645,4,44.0
0.394,0.863,-6.239,1,0.101,0.0157,0.0609,0.907,193.552,247773.0,4,49.0
0.509,0.504,-6.789,1,0.0267,0.351,0.31,0.327,104.755,161320.0,4,43.0
0.583,0.881,-4.099,0,0.0904,0.00134,0.341,0.813,140.09,190487.0,4,49.0
0.367,0.903,-5.956,0,0.175,0.0477,0.235,0.239,106.329,281781.0,3,54.0
0.384,0.575,-11.808,1,0.0635,0.0818,0.161,0.775,196.495,207973.0,4,51.0
0.858,0.561,-8.628,0,0.145,0.135,0.372,0.411,125.016,207915.0,4,31.0
0.675,0.649,-8.937,1,0.0562,0.334,0.11,0.496,148.0,148267.0,4,46.0
0.632,0.8,-10.833,0,0.0361,0.00676,0.148,0.767,131.371,369400.0,4,34.0
0.667,0.694,-7.44,0,0.0265,0.168,0.149,0.417,125.023,198693.0,4,29.0
0.402,0.924,-4.089,0,0.156,0.00021,0.237,0.443,180.075,197209.0,4,64.0
0.415,0.782,-6.745,1,0.0461,0.0011,0.14,0.564,135.029,148480.0,4,61.0
0.27,0.957,-3.848,1,0.145,0.000525,0.389,0.454,92.99,216913.0,5,34.0
0.371,0.758,-5.679,1,0.036,0.0958,0.116,0.452,77.81,239680.0,4,68.0
0.369,0.835,-4.462,0,0.0777,0.000105,0.253,0.525,160.156,211500.0,4,54.0
0.719,0.631,-7.779,1,0.0312,0.0384,0.109,0.761,111.982,3.38538333,4,77.0
0.74,0.121,-21.824,1,0.0565,0.996,0.139,0.917,81.616,97600.0,4,6.0
0.456,0.513,-11.221,0,0.0277,0.00447,0.114,0.771,153.995,280603.0,3,23.0
0.293,0.978,-4.882,1,0.087,5.51e-05,0.518,0.514,141.714,174378.0,4,27.0
0.673,0.538,-8.64,1,0.36,0.486,0.101,0.455,179.987,220400.0,4,32.0
0.189,0.997,-8.196,1,0.119,0.193,0.193,0.084,186.337,138413.0,4,32.0
0.5,0.499,-8.069,0,0.0485,0.285,0.105,0.292,126.059,239830.0,3,29.0
0.533,0.663,-8.301,0,0.0341,0.237,0.0709,0.702,175.927,185627.0,4,28.0
0.359,0.699,-11.195,1,0.0402,0.0064,0.117,0.514,148.092,626933.0,4,26.0
0.762,0.701,-3.541,1,0.0286,0.235,0.123,0.742,110.968,208867.0,4,98.0
0.563,0.535,-7.922,1,0.0296,0.509,0.0838,0.391,94.574,198173.0,4,45.0
0.559,0.875,-7.575,0,0.0339,0.000157,0.0609,0.425,98.159,281840.0,4,46.0
0.492,0.727,-4.736,0,0.0344,0.286,0.166,0.371,145.978,267747.0,4,29.0
0.723,0.595,-7.407,0,0.03,0.161,0.181,0.892,122.477,221587.0,4,11.0
0.426,0.426,-10.955,0,0.0545,0.455,0.256,0.506,115.618,3.680216667,4,12.0
0.61,0.683,-6.168,1,0.0998,0.238,0.151,0.379,140.055,223027.0,4,39.0
0.726,0.815,-5.886,1,0.0313,0.00799,0.112,0.462,140.158,209560.0,4,70.0
0.413,0.879,-4.934,1,0.0747,0.000132,0.384,0.59,167.94,241159.0,4,56.0
0.404,0.98,-4.038,1,0.107,0.000193,0.0742,0.433,177.793,220200.0,4,66.0
0.522,0.817,-9.069,1,0.0668,0.118,0.135,0.678,170.97,203680.0,4,41.0
0.903,0.869,-10.167,0,0.125,0.0978,0.258,0.896,139.982,205714.0,4,12.0
0.412,0.379,-12.424,0,0.0603,0.327,0.692,0.248,102.96,212815.0,4,24.0
0.44,0.324,-9.468,1,0.0307,0.777,0.0621,0.328,79.382,3.14155,4,50.0
0.442,0.61,-9.986,0,0.0581,0.0392,0.173,0.413,140.43,208893.0,4,29.0
0.533,0.876,-5.452,1,0.0311,0.000754,0.0823,0.606,101.011,177326.0,4,43.0
0.507,0.328,-10.767,0,0.0382,0.484,0.128,0.299,122.416,299680.0,4,44.0
0.674,0.413,-7.816,1,0.0274,0.836,0.098,0.503,124.893,3.96511667,3,67.0
0.654,0.78,-4.612,1,0.0676,0.0239,0.239,0.626,148.149,184288.0,4,26.0
0.401,0.904,-5.297,0,0.098,0.000385,0.0643,0.251,153.422,240667.0,4,39.0
0.514,0.186,-18.769,1,0.0342,0.885,0.099,0.414,114.744,4.304216667,3,52.0
0.334,0.982,-2.293,0,0.0619,9.11e-05,0.106,0.501,126.883,476267.0,4,63.0
0.81,0.425,-14.68,0,0.0686,0.638,0.104,0.542,104.953,196008.0,4,51.0
0.465,0.874,-5.058,0,0.0523,5.83e-05,0.16,0.379,85.947,204427.0,4,44.0
0.2,0.63,-5.679,1,0.0291,0.000713,0.137,0.145,42.956,425681.0,4,41.0
0.447,0.788,-4.994,0,0.0464,0.00257,0.0744,0.505,80.04,193714.0,4,63.0
0.475,0.576,-13.059,1,0.0312,0.0218,0.391,0.524,96.378,397773.0,4,53.0
0.633,0.878,-5.985,1,0.11,0.00287,0.0631,0.724,140.976,167000.0,4,44.0
0.363,0.191,-19.055,0,0.0367,0.744,0.114,0.292,87.64,154511.0,4,31.0
0.895,0.671,-3.126,1,0.137,0.243,0.0768,0.905,84.956,120000.0,4,72.0
0.461,0.955,-6.684,1,0.0489,0.111,0.952,0.725,160.073,166092.0,4,45.0
0.621,0.512,-11.074,0,0.0547,0.634,0.0803,0.926,114.802,4.274,4,51.0
0.357,0.853,-7.529,0,0.0492,0.00235,0.158,0.294,100.157,397768.0,4,3.0
0.641,0.646,-5.987,1,0.0231,0.0166,0.127,0.313,94.007,329511.0,4,35.0
0.583,0.947,-5.12,1,0.0378,0.0185,0.0679,0.803,135.448,223613.0,4,76.0
0.201,0.961,-5.234,1,0.0822,0.000525,0.329,0.154,109.135,234400.0,4,46.0
0.477,0.94,-3.435,1,0.103,0.000211,0.346,0.338,76.517,302467.0,4,60.0
0.659,0.877,-5.089,0,0.0288,0.0878,0.094,0.471,119.992,160871.0,4,80.0
0.825,0.652,-3.183,0,0.0802,0.581,0.0931,0.931,95.977,233713.0,4,86.0
0.537,0.712,-5.597,1,0.0286,0.289,0.08,0.704,159.871,243160.0,4,69.0
0.592,0.94,-4.265,1,0.0454,0.225,0.276,0.967,159.713,205280.0,4,21.0
0.697,0.867,-8.685,0,0.0425,0.00739,0.396,0.478,121.996,259408.0,4,29.0
0.75,0.711,-10.633,1,0.0641,0.526,0.0282,0.961,105.636,2.329333333,4,45.0
0.457,0.804,-4.756,0,0.0362,0.000206,0.197,0.523,155.022,171033.0,4,58.0
0.597,0.852,-6.89,1,0.0248,0.0265,0.266,0.559,105.996,278493.0,4,51.0
0.627,0.959,-4.744,1,0.0298,0.316,0.112,0.397,109.981,235293.0,4,61.0
0.674,0.406,-9.327,0,0.0534,0.786,0.101,0.429,99.701,200547.0,4,46.0
0.278,0.944,-6.169,1,0.0577,0.000132,0.304,0.494,164.968,182293.0,4,17.0
0.468,0.753,-4.329,0,0.031,0.179,0.148,0.18,155.929,250293.0,4,57.0
0.425,0.14,-14.161,1,0.0432,0.979,0.0994,0.183,83.518,2.658333333,4,24.0
0.64,0.74,-4.083,1,0.0284,0.0115,0.167,0.785,116.879,216320.0,4,84.0
0.268,0.974,-2.948,1,0.114,0.00067,0.0772,0.342,182.095,477027.0,4,59.0
0.592,0.811,-8.282,1,0.0392,0.00118,0.13,0.453,124.029,240640.0,4,37.0
0.548,0.77,-6.676,0,0.026,0.193,0.291,0.41,144.242,307667.0,4,42.0
0.579,0.636,-8.574,0,0.0276,0.0821,0.446,0.898,132.652,280853.0,4,39.0
0.501,0.659,-8.786,1,0.0355,0.0514,0.107,0.0756,175.998,4.315666667,4,15.0
0.362,0.915,-3.244,0,0.181,0.000181,0.166,0.603,162.226,177048.0,4,59.0
0.676,0.512,-8.693,1,0.0463,0.624,0.119,0.63,134.077,186269.0,4,39.0
0.447,0.913,-4.842,1,0.0551,1.02e-05,0.0767,0.254,140.055,202286.0,4,46.0
0.467,0.114,-13.973,1,0.0318,0.941,0.292,0.24,134.647,4.012233333,4,40.0
0.415,0.554,-10.839,0,0.0334,0.00541,0.155,0.163,120.318,311292.0,4,63.0
0.842,0.789,-8.733,0,0.178,0.0265,0.355,0.795,111.113,170641.0,4,66.0
0.582,0.662,-8.493,1,0.0346,0.282,0.0615,0.381,140.075,4.78,4,6.0
0.477,0.578,-7.965,1,0.0312,0.000224,0.195,0.666,88.043,252200.0,4,42.0
0.208,0.787,-6.763,0,0.0728,0.00131,0.0626,0.472,170.626,337880.0,4,47.0
0.379,0.654,-10.798,1,0.0447,0.694,0.275,0.698,135.069,343800.0,4,24.0
0.521,0.193,-17.467,0,0.0664,0.948,0.152,0.236,138.78,485227.0,5,23.0
0.832,0.629,-8.245,1,0.344,0.225,0.0713,0.52,130.062,136615.0,4,22.0
0.637,0.856,-4.34,1,0.034,0.0187,0.0157,0.846,113.32,271187.0,4,48.0
0.469,0.216,-14.891,1,0.0565,0.98,0.114,0.316,98.962,3.6279,4,46.0
0.774,0.609,-10.13,0,0.213,0.397,0.111,0.891,95.598,205000.0,4,66.0
0.476,0.0808,-21.66,1,0.0357,0.971,0.0978,0.182,113.985,4.702066667,4,56.0
0.602,0.496,-9.765,0,0.0407,0.386,0.112,0.504,158.433,340197.0,4,44.0
0.842,0.807,-3.59,0,0.134,0.0052,0.0613,0.441,93.996,206000.0,4,63.0
0.59,0.575,-6.42,0,0.0246,0.602,0.128,0.5,79.563,4.076216667,4,48.0
0.614,0.143,-18.164,0,0.0267,0.981,0.114,0.112,119.48,419067.0,4,43.0
0.427,0.623,-6.248,1,0.0321,0.000439,0.109,0.175,150.077,186411.0,4,36.0
0.482,0.463,-7.927,1,0.0573,0.282,0.36,0.0427,115.011,293173.0,4,45.0
0.483,0.688,-5.508,1,0.0316,0.00435,0.102,0.292,126.241,295333.0,4,57.0
0.533,0.747,-5.678,0,0.0443,0.041,0.261,0.277,124.97,372133.0,4,54.0
0.478,0.972,-4.157,1,0.153,0.00114,0.354,0.245,100.05,223200.0,4,50.0
0.474,0.0964,-15.87,0,0.0406,0.961,0.134,0.272,97.595,265440.0,4,52.0
0.854,0.467,-9.528,1,0.251,0.00784,0.099,0.154,129.963,299837.0,4,51.0
0.481,0.856,-5.733,1,0.0331,0.0223,0.275,0.564,97.515,207373.0,4,45.0
0.582,0.689,-12.203,1,0.0277,0.607,0.145,0.531,111.166,297853.0,4,70.0
0.544,0.507,-6.285,1,0.0385,0.00456,0.258,0.407,154.718,285246.0,3,36.0
0.847,0.603,-4.607,0,0.0397,0.107,0.106,0.735,114.045,227387.0,4,68.0
0.921,0.718,-3.545,0,0.299,0.217,0.189,0.677,141.06,176383.0,4,70.0
0.593,0.651,-4.425,0,0.0508,0.000115,0.0655,0.345,86.085,152900.0,4,47.0
0.606,0.9,-4.504,1,0.119,0.0101,0.075,0.233,133.963,216504.0,4,74.0
0.481,0.956,-4.557,0,0.0394,0.00465,0.285,0.57,160.015,217707.0,4,51.0
0.378,0.953,-3.632,1,0.138,0.000719,0.0936,0.512,167.808,200347.0,4,57.0
0.585,0.511,-9.37,1,0.0391,0.647,0.0392,0.552,105.898,2.991516667,4,65.0
0.421,0.831,-5.128,1,0.106,0.0283,0.464,0.488,134.184,175907.0,4,59.0
0.15,0.859,-2.827,0,0.0595,0.00201,0.387,0.354,170.527,228147.0,5,77.0
0.565,0.546,-7.496,0,0.0314,0.189,0.17,0.195,139.757,273427.0,4,72.0
0.562,0.537,-6.273,0,0.073,0.00623,0.316,0.465,100.757,188716.0,4,50.0
0.46,0.756,-9.251,0,0.0426,0.0371,0.645,0.552,152.059,237424.0,4,34.0
0.733,0.743,-5.045,1,0.371,0.00494,0.261,0.623,150.024,191353.0,4,69.0
0.378,0.664,-7.502,1,0.0383,0.541,0.117,0.327,87.261,188292.0,4,30.0
0.255,0.684,-11.969,1,0.152,0.0423,0.386,0.399,171.682,211023.0,4,40.0
0.535,0.287,-11.5,1,0.0368,0.237,0.0893,0.206,121.148,244641.0,4,38.0
0.598,0.56,-10.89,1,0.0458,0.00428,0.121,0.38,92.086,349213.0,4,48.0
0.724,0.532,-10.13,0,0.0596,0.157,0.694,0.456,130.021,241080.0,4,35.0
0.39,0.219,-14.722,0,0.0456,0.937,0.11,0.133,89.534,249064.0,3,14.0
0.536,0.812,-7.379,0,0.0441,0.00306,0.116,0.338,94.677,266729.0,4,53.0
0.179,0.912,-3.881,0,0.0791,0.0014,0.582,0.289,182.99,231533.0,3,63.0
0.457,0.909,-9.451,1,0.0317,0.0016,0.135,0.755,115.998,156667.0,4,66.0
0.541,0.677,-10.764,1,0.0373,0.122,0.0938,0.555,101.1,316467.0,4,57.0
0.763,0.806,-5.082,0,0.172,0.668,0.527,0.739,127.998,226875.0,4,65.0
0.615,0.376,-11.331,1,0.0347,0.763,0.0524,0.725,76.711,194491.0,4,50.0
0.232,0.946,-4.395,1,0.0661,0.0122,0.088,0.262,181.958,297120.0,4,41.0
0.361,0.578,-6.399,0,0.0427,0.631,0.708,0.247,130.107,56000.0,3,22.0
0.545,0.18,-21.022,0,0.0337,0.988,0.0686,0.31,156.694,226867.0,4,61.0
0.688,0.462,-13.723,1,0.032,0.224,0.0987,0.35,114.036,216794.0,4,52.0
0.46,0.405,-10.547,1,0.132,0.487,0.108,0.153,92.714,239556.0,4,46.0
0.696,0.598,-5.413,1,0.0301,0.0146,0.104,0.515,132.941,209661.0,4,37.0
0.797,0.458,-10.843,1,0.438,0.866,0.134,0.868,114.768,3.7316,4,10.0
0.434,0.897,-4.918,1,0.0488,0.0103,0.612,0.684,148.726,167067.0,4,80.0
0.664,0.609,-6.509,1,0.0707,0.304,0.0926,0.194,130.041,3.509333333,4,86.0
0.478,0.974,-3.866,1,0.102,0.000266,0.0738,0.268,141.077,248307.0,4,66.0
0.551,0.636,-6.798,1,0.054,0.0837,0.112,0.148,174.065,168276.0,4,42.0
0.499,0.65,-8.688,1,0.0444,0.282,0.0731,0.246,66.116,240000.0,4,11.0
0.447,0.988,-0.846,1,0.446,0.0164,0.0727,0.113,179.968,249333.0,4,49.0
0.676,0.625,-8.747,0,0.0729,0.144,0.0796,0.655,90.999,227373.0,4,53.0
0.704,0.491,-6.831,1,0.0591,0.0266,0.338,0.123,137.036,247080.0,4,45.0
0.628,0.345,-12.505,1,0.0289,0.425,0.119,0.116,99.991,3.294,4,53.0
0.265,0.249,-12.076,1,0.0288,0.86,0.0748,0.228,93.079,5.473333333,3,25.0
0.477,0.564,-8.582,1,0.028,0.0111,0.254,0.292,67.965,256867.0,4,57.0
0.601,0.484,-7.502,0,0.046,0.849,0.113,0.447,78.124,218147.0,4,41.0
0.114,0.959,-9.419,0,0.0963,1.31e-06,0.104,0.126,153.904,347253.0,4,44.0
0.786,0.596,-8.393,0,0.0416,0.133,0.324,0.773,124.984,181235.0,4,23.0
0.352,0.656,-9.05,0,0.114,0.000865,0.184,0.498,142.976,503307.0,4,36.0
0.78,0.648,-4.952,0,0.332,0.262,0.0841,0.881,159.984,148500.0,4,57.0
0.222,0.158,-15.982,1,0.043,0.954,0.1,0.0308,80.005,2.228783333,4,43.0
0.751,0.49,-13.679,1,0.0453,0.00932,0.0725,0.925,105.407,342189.0,4,65.0
0.605,0.804,-7.521,1,0.0363,0.265,0.345,0.601,98.866,3.628883333,4,54.0
0.604,0.558,-12.885,0,0.0362,0.106,0.0854,0.968,156.618,305973.0,4,22.0
0.419,0.613,-8.995,1,0.0316,0.0523,0.361,0.733,112.638,317307.0,4,50.0
0.552,0.485,-9.111,1,0.0332,0.517,0.164,0.51,71.548,200173.0,4,63.0
0.511,0.696,-5.157,0,0.0421,0.0272,0.0875,0.788,164.614,179240.0,4,57.0
0.594,0.752,-10.661,0,0.0263,0.00847,0.0578,0.736,101.582,326000.0,4,51.0
0.767,0.568,-8.516,1,0.0261,0.00382,0.0448,0.901,105.571,194867.0,4,58.0
0.615,0.751,-7.38,0,0.0321,0.0129,0.24,0.531,123.739,243693.0,4,42.0
0.649,0.798,-5.589,0,0.0264,0.136,0.269,0.792,111.941,247051.0,4,35.0
0.62,0.416,-13.048,1,0.0294,0.299,0.0746,0.371,116.552,316360.0,4,56.0
0.573,0.715,-7.016,0,0.0497,0.0175,0.135,0.0881,96.439,173152.0,4,41.0
0.42,0.988,-2.622,1,0.157,0.00164,0.286,0.353,155.993,216040.0,4,43.0
0.579,0.631,-6.869,1,0.0471,0.0846,0.51,0.646,103.98,129907.0,3,20.0
0.665,0.725,-6.777,1,0.0329,0.0651,0.13,0.445,119.947,249078.0,4,50.0
0.67,0.737,-6.794,1,0.0434,0.223,0.325,0.754,92.983,3.04,4,67.0
0.626,0.483,-9.458,0,0.0298,0.499,0.202,0.461,110.971,248300.0,3,35.0
0.652,0.655,-12.066,1,0.0351,0.361,0.389,0.962,116.592,252000.0,4,31.0
0.262,0.951,-3.917,1,0.065,0.0043,0.172,0.315,166.418,242647.0,4,27.0
0.277,0.663,-8.821,0,0.0377,0.000409,0.136,0.527,104.561,237027.0,4,78.0
0.605,0.404,-12.366,1,0.0256,0.588,0.104,0.867,94.285,153413.0,4,49.0
0.843,0.553,-3.198,0,0.437,0.236,0.0523,0.63,93.383,258733.0,4,48.0
0.432,0.878,-4.109,1,0.132,0.00315,0.11,0.554,177.922,219342.0,4,47.0
0.634,0.745,-7.405,1,0.258,0.159,0.408,0.75,176.048,198991.0,4,10.0
0.29,0.386,-9.728,1,0.0279,0.51,0.101,0.228,86.889,149328.0,4,26.0
0.56,0.506,-7.259,0,0.0392,0.273,0.109,0.19,124.057,213917.0,4,21.0
0.468,0.41,-11.782,1,0.028,0.587,0.0699,0.519,183.898,3.513333333,4,45.0
0.385,0.91,-4.941,0,0.0624,1.54e-05,0.206,0.514,185.047,203502.0,4,28.0
0.551,0.832,-4.629,1,0.0903,0.364,0.233,0.303,122.065,3.392466667,4,47.0
0.743,0.701,-6.362,0,0.0508,0.101,0.0493,0.721,95.984,211321.0,4,18.0
0.626,0.579,-9.198,1,0.242,0.68,0.0665,0.757,92.754,5.535783333,4,31.0
0.721,0.63,-6.126,0,0.0409,0.534,0.245,0.908,148.045,185107.0,4,62.0
0.693,0.528,-10.855,1,0.0365,0.0714,0.671,0.905,145.157,222107.0,4,50.0
0.707,0.401,-14.222,1,0.0533,0.275,0.201,0.602,136.188,2.988883333,4,56.0
0.686,0.751,-5.747,0,0.0604,0.00604,0.0979,0.851,100.222,270520.0,4,64.0
0.527,0.928,-6.866,1,0.0424,9.48e-06,0.135,0.557,109.993,270326.0,4,48.0
0.304,0.583,-5.313,1,0.061,0.052,0.179,0.0764,105.929,382167.0,4,43.0
0.262,0.606,-6.646,1,0.0484,0.247,0.125,0.275,189.857,252534.0,4,78.0
0.531,0.269,-10.6,1,0.0406,0.866,0.116,0.52,84.186,3.82595,4,1.0
0.503,0.554,-7.551,0,0.305,0.389,0.108,0.188,79.497,180290.0,4,46.0
0.874,0.714,-6.664,1,0.129,0.0155,0.0968,0.541,95.826,265600.0,4,68.0
0.738,0.802,-3.827,0,0.0572,0.588,0.234,0.744,104.95,207125.0,4,32.0
0.405,0.944,-8.473,1,0.249,0.527,0.214,0.71,192.147,211467.0,4,57.0
0.349,0.744,-8.625,1,0.0468,0.646,0.262,0.749,93.584,5.22355,4,42.0
0.604,0.779,-7.549,1,0.0262,0.0151,0.141,0.762,118.24,7.21133333,4,42.0
0.688,0.716,-10.437,0,0.032,0.00905,0.0921,0.977,144.122,384907.0,4,51.0
0.818,0.947,-3.064,0,0.0566,0.591,0.0984,0.936,107.012,277933.0,4,22.0
0.337,0.989,-5.035,1,0.134,1.54e-05,0.424,0.0397,114.985,287364.0,4,25.0
0.598,0.853,-5.373,1,0.0545,0.132,0.132,0.312,121.988,191396.0,1,54.0
0.455,0.504,-11.032,1,0.0525,0.96,0.107,0.767,94.544,5.633333333,4,2.0
0.482,0.866,-4.534,1,0.0293,0.000368,0.247,0.372,147.994,187364.0,4,52.0
0.274,0.606,-6.493,1,0.03,0.00962,0.115,0.685,77.336,256960.0,4,45.0
0.517,0.768,-4.739,0,0.0427,0.000122,0.111,0.73,172.032,245596.0,4,31.0
0.603,0.864,-3.341,0,0.0668,0.055,0.0986,0.616,160.488,184627.0,4,74.0
0.588,0.248,-19.068,0,0.0448,0.291,0.146,0.357,123.012,216733.0,4,30.0
0.536,0.704,-7.612,1,0.0417,0.0932,0.227,0.702,103.134,142819.0,4,60.0
0.366,0.845,-3.893,1,0.096,5.62e-05,0.197,0.446,174.118,227207.0,4,49.0
0.475,0.322,-10.687,1,0.0283,0.367,0.11,0.387,93.503,206267.0,4,77.0
0.72,0.888,-9.254,1,0.0847,0.14,0.0806,0.378,131.97,285093.0,4,59.0
0.897,0.706,-3.925,0,0.149,0.0143,0.157,0.841,91.022,180000.0,4,43.0
0.725,0.747,-5.545,1,0.0876,0.0272,0.104,0.38,132.921,191956.0,4,67.0
0.445,0.886,-6.592,1,0.0647,0.00158,0.0424,0.382,81.37,227262.0,4,38.0
0.574,0.456,-5.66,1,0.0259,0.157,0.251,0.234,62.261,298893.0,4,50.0
0.688,0.716,-10.437,0,0.032,0.00905,0.0921,0.977,144.122,384907.0,4,51.0
0.208,0.909,-5.24,0,0.0802,0.000652,0.26,0.358,160.001,242807.0,4,43.0
0.466,0.445,-5.257,0,0.0262,0.275,0.361,0.129,90.091,153234.0,4,43.0
0.468,0.546,-9.335,1,0.0654,0.738,0.114,0.32,99.934,8.44555,4,25.0
0.683,0.616,-9.765,1,0.0398,0.798,0.134,0.704,123.446,241667.0,4,27.0
0.573,0.396,-10.927,1,0.031,0.425,0.0934,0.149,120.308,224200.0,4,51.0
0.534,0.679,-8.346,1,0.0328,0.269,0.112,0.209,88.007,202484.0,4,45.0
0.536,0.65,-5.603,1,0.0337,0.282,0.0876,0.288,147.93,5.033116667,4,62.0
0.758,0.869,-5.474,0,0.0568,0.146,0.0946,0.83,113.918,4.832216667,4,35.0
0.332,0.771,-5.05,1,0.0362,0.00906,0.288,0.686,172.107,231400.0,4,52.0
0.515,0.973,-4.272,0,0.167,2.11e-05,0.233,0.134,129.965,246720.0,4,31.0
0.603,0.898,-5.777,0,0.125,0.00835,0.386,0.755,156.001,234770.0,4,33.0
0.49,0.224,-12.681,0,0.0522,0.835,0.138,0.216,116.567,199400.0,4,15.0
0.439,0.984,-4.755,1,0.0915,6.25e-06,0.0849,0.2,153.99,365987.0,4,46.0
0.629,0.824,-6.53,1,0.159,0.155,0.0651,0.852,128.01,247960.0,4,73.0
0.562,0.876,-4.448,1,0.0463,0.00147,0.217,0.525,149.971,122999.0,4,59.0
0.472,0.23,-18.543,0,0.035,0.472,0.141,0.498,93.099,682173.0,4,31.0
0.596,0.134,-21.216,1,0.0282,0.933,0.111,0.107,93.652,504827.0,4,49.0
0.225,0.727,-3.78,1,0.0458,5.14e-06,0.255,0.365,171.83,209529.0,4,39.0
0.684,0.69,-9.885,1,0.0412,0.00512,0.101,0.167,120.033,231821.0,4,38.0
0.616,0.839,-4.281,1,0.054,0.0601,0.294,0.722,85.029,174309.0,4,63.0
0.355,0.922,-2.061,1,0.0753,0.00013,0.351,0.13,117.585,202360.0,4,40.0
0.636,0.684,-9.37,0,0.0596,0.00312,0.0402,0.684,96.989,208867.0,4,50.0
0.374,0.991,-1.101,1,0.0813,0.38,0.0929,0.51,95.105,2.72155,4,57.0
0.541,0.811,-7.292,1,0.03,0.0321,0.211,0.211,137.095,303666.0,4,18.0
0.385,0.00573,-36.214,1,0.0365,0.991,0.0921,0.302,101.688,2.328166667,4,41.0
0.502,0.904,-4.01,1,0.0774,0.0886,0.0839,0.868,84.461,245173.0,4,61.0
0.649,0.103,-18.252,0,0.0511,0.978,0.11,0.118,50.767,2.818866667,4,47.0
0.569,0.84,-4.123,1,0.118,0.0295,0.0995,0.749,183.059,249587.0,3,71.0
0.499,0.956,-5.443,1,0.079,7.29e-05,0.412,0.605,159.988,216707.0,4,28.0
0.541,0.98,-3.463,1,0.0832,0.000172,0.319,0.388,107.779,237693.0,4,50.0
0.48,0.382,-9.017,0,0.0339,0.976,0.113,0.102,144.069,312333.0,3,18.0
0.58,0.571,-9.116,1,0.0321,0.378,0.358,0.818,128.15,248013.0,4,60.0
0.413,0.266,-16.193,0,0.0287,0.963,0.104,0.214,61.237,2.880383333,4,49.0
0.179,0.921,-6.935,0,0.15,4.31e-05,0.916,0.0848,168.78,201333.0,4,29.0
0.894,0.472,-9.837,1,0.307,0.0597,0.139,0.464,139.977,216053.0,4,69.0
0.656,0.669,-8.371,0,0.0415,0.0788,0.136,0.509,149.909,183218.0,4,46.0
0.636,0.454,-16.548,1,0.0615,0.599,0.304,0.806,155.547,3.33733333,4,55.0
0.569,0.422,-5.856,1,0.0302,0.0296,0.0613,0.175,76.96,3.45113333,4,80.0
0.777,0.594,-6.35,1,0.0419,0.107,0.125,0.724,108.073,168386.0,4,22.0
0.572,0.455,-14.201,1,0.0339,0.39,0.0756,0.306,133.701,214571.0,4,32.0
0.684,0.45,-10.422,1,0.0332,0.704,0.243,0.639,102.902,3.34155,4,56.0
0.597,0.666,-5.323,0,0.0372,0.183,0.12,0.436,136.81,238421.0,4,41.0
0.408,0.402,-9.485,0,0.0397,0.784,0.218,0.308,73.831,2.670666667,4,34.0
0.482,0.635,-5.422,0,0.4,0.368,0.122,0.817,172.231,123123.0,3,51.0
0.421,0.596,-10.877,1,0.362,0.536,0.107,0.516,167.873,293027.0,3,30.0
0.761,0.821,-5.238,1,0.202,0.185,0.0692,0.388,108.13,125879.0,4,74.0
0.889,0.34,-7.773,0,0.0697,0.218,0.055,0.716,94.009,174321.0,4,88.0
0.712,0.549,-9.484,1,0.0254,0.011,0.118,0.552,109.882,251067.0,4,75.0
0.475,0.953,-6.951,1,0.15,0.000291,0.104,0.232,118.033,199227.0,4,56.0
0.261,0.985,-3.237,1,0.129,0.000187,0.316,0.239,159.838,268200.0,3,55.0
0.598,0.69,-4.758,0,0.303,0.363,0.0519,0.653,187.934,198300.0,4,38.0
0.654,0.568,-11.979,1,0.0272,0.226,0.114,0.762,95.116,219560.0,4,25.0
0.686,0.382,-9.37,1,0.0319,0.518,0.104,0.273,132.961,3.38845,4,31.0
0.597,0.686,-10.458,1,0.0749,0.288,0.0876,0.804,152.049,11.61245,4,15.0
0.8,0.604,-7.067,1,0.163,0.0159,0.031,0.515,150.079,133046.0,4,23.0
0.389,0.865,-4.622,1,0.0348,0.00158,0.159,0.382,129.726,263720.0,4,17.0
0.421,0.598,-6.078,0,0.0487,0.0349,0.416,0.778,157.927,136960.0,4,39.0
0.725,0.746,-7.785,1,0.0292,0.0223,0.293,0.819,107.205,214613.0,4,45.0
0.484,0.852,-6.83,1,0.0451,0.000251,0.0761,0.806,117.792,174787.0,4,53.0
0.731,0.644,-11.248,0,0.0416,0.0267,0.0639,0.24,120.0,322058.0,4,43.0
0.345,0.698,-8.214,1,0.171,0.00735,0.14,0.0395,127.992,354129.0,4,11.0
0.396,0.347,-15.483,1,0.373,0.95,0.398,0.497,73.548,29.45,4,2.0
0.457,0.884,-9.954,1,0.0675,0.02,0.09,0.682,151.747,207427.0,4,49.0
0.547,0.757,-2.479,0,0.0362,0.000577,0.0789,0.335,112.919,327489.0,4,35.0
0.706,0.824,-7.959,1,0.0694,0.355,0.111,0.86,94.98,132000.0,4,62.0
0.186,0.943,-2.154,1,0.0874,0.0068,0.59,0.603,179.557,230840.0,4,42.0
0.569,0.55,-10.342,1,0.0702,0.589,0.0931,0.495,131.082,6.628216667,4,39.0
0.678,0.627,-10.659,0,0.164,0.21,0.397,0.365,115.062,197500.0,4,56.0
0.701,0.612,-9.65,0,0.0325,0.367,0.103,0.26,99.131,314840.0,3,17.0
0.56,0.412,-11.908,1,0.0255,0.00795,0.107,0.44,99.979,312182.0,4,39.0
0.643,0.271,-16.505,0,0.0842,0.00235,0.546,0.263,79.402,229267.0,4,45.0
0.535,0.915,-3.819,1,0.0991,0.00699,0.224,0.731,140.13,2.976883333,4,72.0
0.797,0.475,-10.674,0,0.158,0.258,0.168,0.584,120.041,285179.0,4,22.0
0.532,0.5,-6.3,0,0.0265,0.51,0.0959,0.642,99.739,274880.0,4,19.0
0.497,0.97,-4.851,0,0.0836,9.04e-05,0.101,0.689,138.081,197200.0,4,74.0
0.721,0.782,-9.723,0,0.0529,0.716,0.204,0.844,129.975,354627.0,4,50.0
0.262,0.983,-4.855,0,0.102,0.000977,0.294,0.366,132.606,438733.0,4,39.0
0.537,0.356,-12.071,1,0.0315,0.721,0.0973,0.564,85.307,195133.0,3,29.0
0.138,0.951,-3.951,0,0.178,2.22e-05,0.244,0.0262,140.345,478302.0,4,25.0
0.401,0.918,-5.274,1,0.367,0.0149,0.397,0.525,86.063,95973.0,4,62.0
0.962,0.253,-11.178,0,0.335,0.00578,0.0751,0.137,127.003,293883.0,4,19.0
0.42,0.33,-13.925,1,0.0275,0.245,0.0677,0.175,157.143,295600.0,3,73.0
0.797,0.872,-6.727,0,0.0575,0.291,0.284,0.866,129.885,3.70711667,4,71.0
0.527,0.939,-7.97,1,0.0467,0.0065,0.177,0.865,155.838,224800.0,4,36.0
0.585,0.633,-5.243,0,0.0371,0.512,0.206,0.367,150.093,177337.0,4,36.0
0.329,0.646,-6.962,1,0.0283,0.0093,0.101,0.471,173.974,276132.0,4,58.0
0.606,0.706,-9.665,1,0.0379,0.362,0.16,0.819,174.533,2.469333333,4,72.0
0.442,0.157,-13.791,1,0.0324,0.948,0.224,0.22,76.48,214400.0,4,57.0
0.433,0.815,-4.737,0,0.38,0.0072,0.356,0.911,191.803,3.334216667,4,39.0
0.367,0.856,-11.546,1,0.065,6.98e-05,0.0492,0.322,167.849,220000.0,4,36.0
0.563,0.612,-6.785,1,0.0369,0.0406,0.432,0.341,134.896,200902.0,4,47.0
0.401,0.591,-4.65,1,0.0299,0.00252,0.313,0.691,82.133,164645.0,4,44.0
0.549,0.758,-5.991,1,0.0262,0.0267,0.213,0.486,109.975,188347.0,4,39.0
0.521,0.65,-6.474,1,0.0436,0.272,0.0844,0.743,156.003,231526.0,4,43.0
0.599,0.815,-3.426,1,0.0373,0.00608,0.118,0.213,100.013,250800.0,4,34.0
0.652,0.719,-7.251,1,0.033,0.0353,0.108,0.24,94.969,3.294,4,67.0
0.693,0.528,-8.468,1,0.0259,0.699,0.114,0.597,107.949,191528.0,4,42.0
0.632,0.787,-7.42,0,0.0326,0.295,0.572,0.808,149.967,196986.0,3,37.0
0.806,0.427,-7.701,0,0.209,0.948,0.112,0.878,103.606,3.254,4,9.0
0.703,0.606,-9.871,1,0.0303,0.0392,0.139,0.567,90.065,214818.0,4,27.0
0.749,0.857,-6.188,1,0.0603,0.0709,0.067,0.847,118.728,189093.0,4,9.0
0.535,0.763,-10.16,0,0.0788,0.578,0.103,0.166,148.027,229502.0,4,45.0
0.546,0.667,-9.884,1,0.0401,0.000272,0.108,0.185,83.235,281373.0,4,44.0
0.687,0.617,-5.213,1,0.0287,0.0941,0.0898,0.665,121.079,252307.0,4,73.0
0.538,0.381,-8.119,1,0.0349,0.797,0.115,0.193,86.023,209619.0,4,51.0
0.705,0.776,-6.096,1,0.0445,0.0643,0.0246,0.366,116.011,3.0884,4,73.0
0.448,0.614,-9.357,1,0.031,0.0675,0.14,0.479,126.459,159707.0,4,53.0
0.636,0.824,-7.458,1,0.134,0.137,0.208,0.765,184.05,149348.0,4,29.0
0.346,0.785,-4.991,1,0.0434,0.00165,0.124,0.186,175.986,277467.0,4,59.0
0.611,0.688,-6.044,1,0.0848,0.00402,0.15,0.691,119.995,200449.0,4,31.0
0.547,0.514,-5.856,1,0.0298,0.45,0.0373,0.415,80.943,265265.0,4,36.0
0.563,0.648,-13.441,1,0.0284,0.529,0.342,0.685,80.002,273782.0,4,37.0
0.644,0.607,-8.066,1,0.47,0.00685,0.0786,0.403,161.796,193200.0,3,58.0
0.379,0.685,-6.433,0,0.0353,0.0134,0.294,0.112,105.584,203333.0,4,40.0
0.31,0.584,-10.091,1,0.042,0.000827,0.0528,0.16,86.913,620101.0,4,62.0
0.68,0.895,-7.144,1,0.0378,0.0156,0.145,0.824,93.037,189375.0,4,77.0
0.77,0.665,-7.58,0,0.43,0.00592,0.268,0.725,113.974,271579.0,4,17.0
0.4,0.992,-6.995,1,0.0725,0.107,0.179,0.243,149.412,266173.0,4,61.0
0.526,0.665,-4.997,1,0.0243,0.407,0.169,0.285,158.493,273467.0,4,64.0
0.497,0.923,-3.04,1,0.11,0.00627,0.082,0.545,155.11,180960.0,4,62.0
0.691,0.749,-5.686,1,0.042,0.603,0.0469,0.867,94.989,134493.0,4,23.0
0.582,0.94,-7.675,1,0.0389,0.0406,0.696,0.671,92.946,145087.0,4,38.0
0.471,0.927,-3.165,1,0.0743,1.78e-05,0.135,0.479,138.025,149629.0,4,28.0
0.671,0.667,-5.451,1,0.0271,0.0328,0.08,0.671,111.967,228853.0,4,44.0
0.653,0.941,-2.939,0,0.114,0.134,0.318,0.613,129.96,227840.0,4,37.0
0.553,0.512,-7.759,1,0.0465,0.569,0.107,0.259,94.96,195773.0,4,58.0
0.458,0.339,-14.309,1,0.0333,0.775,0.0799,0.529,151.986,4.856666667,4,55.0
0.617,0.461,-14.485,0,0.0434,0.148,0.12,0.828,93.853,288400.0,4,48.0
0.462,0.628,-5.659,1,0.0274,0.0534,0.12,0.0981,140.049,347760.0,4,63.0
0.953,0.621,-7.638,0,0.221,0.017,0.0398,0.883,123.016,152333.0,4,82.0
0.564,0.269,-13.749,1,0.0443,0.995,0.132,0.602,103.355,171546.0,4,37.0
0.644,0.919,-6.289,1,0.0561,0.181,0.622,0.871,117.459,259907.0,4,70.0
0.313,0.831,-3.894,1,0.0404,0.000127,0.24,0.332,152.034,236867.0,4,48.0
0.902,0.743,-11.136,1,0.229,0.000755,0.0555,0.423,98.944,228267.0,4,50.0
0.468,0.539,-12.652,0,0.241,0.5,0.132,0.0824,115.083,221217.0,4,32.0
0.408,0.591,-4.151,1,0.0305,0.0836,0.102,0.269,74.783,303667.0,4,37.0
0.572,0.835,-6.219,1,0.0317,0.171,0.0702,0.795,129.981,4.02666667,4,78.0
0.78,0.972,0.119,0,0.253,0.0107,0.1,0.958,137.056,198000.0,4,9.0
0.533,0.562,-6.664,0,0.0247,0.526,0.182,0.278,103.055,196408.0,4,29.0
0.614,0.885,-6.485,1,0.0891,0.0123,0.312,0.577,117.98,187207.0,4,51.0
0.263,0.753,-3.842,1,0.0341,0.123,0.724,0.47,126.388,242693.0,4,34.0
0.745,0.102,-19.061,1,0.937,0.982,0.124,0.371,88.247,57443.0,4,8.0
0.503,0.979,-3.685,0,0.0596,0.00102,0.14,0.391,106.015,196320.0,4,30.0
0.837,0.688,-7.307,0,0.216,0.0329,0.0999,0.708,95.565,270093.0,4,44.0
0.62,0.875,-5.957,0,0.0256,0.0159,0.344,0.903,101.872,212307.0,4,43.0
0.571,0.477,-12.319,1,0.0392,0.6,0.111,0.466,77.954,3.88453333,4,34.0
0.648,0.295,-15.026,1,0.0292,0.811,0.0806,0.175,140.062,264240.0,4,43.0
0.337,0.657,-9.316,1,0.033,0.161,0.257,0.415,69.129,292867.0,4,43.0
0.554,0.806,-3.463,1,0.046,0.00177,0.165,0.646,144.923,220693.0,4,53.0
0.874,0.531,-8.425,1,0.34,0.0252,0.305,0.514,111.999,198951.0,4,64.0
0.875,0.408,-10.056,1,0.247,0.841,0.0579,0.472,131.972,150828.0,4,23.0
0.491,0.776,-3.887,1,0.0393,0.314,0.146,0.428,154.988,3.375783333,4,60.0
0.821,0.695,-5.841,1,0.042,0.0402,0.0599,0.903,107.006,144667.0,4,31.0
0.689,0.617,-10.666,1,0.0314,0.645,0.0546,0.978,108.811,3.25645,4,26.0
0.566,0.907,-8.277,1,0.522,0.0546,0.119,0.56,93.164,224213.0,5,42.0
0.422,0.208,-15.886,1,0.0318,0.896,0.192,0.354,111.549,190587.0,3,59.0
0.397,0.835,-8.619,1,0.0383,1.32e-05,0.21,0.389,147.017,202953.0,4,21.0
0.694,0.656,-10.598,1,0.026,0.0586,0.0505,0.803,131.679,210131.0,4,57.0
0.739,0.669,-8.79,1,0.0386,0.0274,0.123,0.547,128.26,295839.0,4,46.0
0.76,0.532,-9.177,1,0.127,0.252,0.252,0.5,123.064,3.03136667,4,71.0
0.48,0.97,-5.006,0,0.0595,3.72e-05,0.29,0.346,136.123,238373.0,4,60.0
0.571,0.585,-8.611,1,0.123,0.974,0.113,0.825,82.565,3.34,3,1.0
0.482,0.694,-5.368,1,0.042,0.452,0.11,0.573,90.196,4.674933333,4,55.0
0.352,0.331,-12.489,1,0.0489,0.994,0.245,0.255,77.039,4.908216667,4,25.0
0.828,0.663,-6.158,0,0.357,0.172,0.206,0.691,78.477,165121.0,4,58.0
0.631,0.851,-5.871,1,0.04,0.392,0.57,0.469,107.008,261040.0,4,52.0
0.465,0.903,-6.971,0,0.081,0.000515,0.853,0.787,142.687,216907.0,4,22.0
0.554,0.639,-7.163,0,0.0278,0.359,0.205,0.644,180.638,5.08,4,59.0
0.782,0.589,-4.827,1,0.189,0.148,0.164,0.869,90.438,223547.0,4,69.0
0.666,0.463,-7.806,0,0.086,0.413,0.232,0.497,84.903,140965.0,4,31.0
0.481,0.385,-12.981,1,0.0458,0.62,0.114,0.363,148.504,4.78888333,3,41.0
0.59,0.857,-3.982,0,0.0831,4.67e-05,0.284,0.652,110.027,173733.0,4,51.0
0.512,0.645,-5.631,1,0.029,0.141,0.0987,0.283,111.015,3.771783333,3,47.0
0.666,0.855,-5.051,0,0.0295,0.179,0.0987,0.803,125.639,268427.0,4,82.0
0.608,0.759,-7.246,0,0.034,0.0569,0.169,0.861,124.504,204080.0,4,53.0
0.87,0.565,-5.356,0,0.0581,0.0631,0.104,0.646,100.041,2.565366667,4,77.0
0.3,0.88,-4.573,1,0.0465,1.37e-05,0.0746,0.563,207.92,199147.0,4,42.0
0.254,0.266,-8.603,1,0.0347,0.791,0.114,0.221,165.336,208954.0,3,44.0
0.328,0.232,-16.28,0,0.0339,0.419,0.11,0.412,149.444,195700.0,4,45.0
0.452,0.873,-4.867,1,0.0613,0.000519,0.0592,0.433,80.473,222027.0,4,67.0
0.59,0.864,-5.478,1,0.0327,0.000453,0.275,0.272,102.972,190960.0,4,49.0
0.6,0.77,-7.077,1,0.195,0.0004,0.0533,0.625,131.582,327293.0,4,46.0
0.637,0.457,-8.455,1,0.259,0.402,0.231,0.4,66.743,168896.0,3,55.0
0.6,0.833,-3.736,1,0.0402,3.68e-05,0.646,0.16,118.023,223729.0,4,47.0
0.499,0.905,-9.354,0,0.0585,0.000186,0.072,0.418,110.019,244500.0,4,10.0
0.641,0.435,-9.88,1,0.0485,0.461,0.132,0.22,76.01,208882.0,4,39.0
0.472,0.88,-4.925,1,0.0519,0.0257,0.0506,0.5,146.929,198467.0,4,53.0
0.325,0.342,-8.86,1,0.0358,0.748,0.101,0.264,92.08,4.05333333,4,45.0
0.856,0.336,-10.061,0,0.0777,0.0403,0.116,0.249,143.002,229700.0,4,14.0
0.608,0.739,-10.582,0,0.0416,0.0102,0.202,0.268,97.884,329733.0,4,11.0
0.471,0.959,-6.042,1,0.0545,1.02e-05,0.183,0.194,141.969,409840.0,4,39.0
0.442,0.615,-7.909,1,0.0321,0.0557,0.182,0.44,84.944,230412.0,4,44.0
0.436,0.826,-9.457,0,0.0532,0.0305,0.128,0.56,99.106,262107.0,4,37.0
0.321,0.604,-6.718,1,0.0554,0.643,0.977,0.267,112.01,6.838,4,36.0
0.684,0.495,-8.282,0,0.0297,0.223,0.154,0.19,99.991,184710.0,4,55.0
0.447,0.59,-4.331,0,0.0281,0.477,0.144,0.304,145.014,295093.0,4,27.0
0.551,0.381,-8.919,1,0.203,0.748,0.135,0.271,97.216,2.93953333,4,69.0
0.316,0.484,-9.11,0,0.0308,0.000334,0.0912,0.299,117.363,269907.0,3,74.0
0.793,0.703,-9.548,1,0.0581,0.000726,0.075,0.856,130.27,450800.0,4,67.0
0.32,0.545,-14.043,1,0.0415,0.586,0.605,0.605,87.618,373893.0,4,34.0
0.311,0.632,-6.852,1,0.0878,0.0206,0.0714,0.467,90.713,280375.0,4,55.0
0.66,0.835,-3.79,1,0.114,0.0001,0.247,0.544,94.014,170500.0,4,51.0
0.49,0.485,-8.14,1,0.132,0.733,0.0867,0.523,185.73,336040.0,3,5.0
0.612,0.117,-15.357,1,0.177,0.99,0.0788,0.781,172.444,153260.0,4,35.0
0.558,0.982,-3.125,0,0.063,0.0221,0.117,0.684,109.372,313667.0,4,4.0
0.61,0.712,-6.822,1,0.0408,0.135,0.175,0.349,99.975,294999.0,5,13.0
0.741,0.164,-12.18,0,0.0334,0.924,0.108,0.299,100.491,234551.0,3,45.0
0.4,0.285,-12.209,0,0.0625,0.969,0.109,0.105,79.115,5.96645,4,41.0
0.565,0.953,-6.504,1,0.0393,0.0546,0.0637,0.887,124.287,131360.0,4,57.0
0.509,0.333,-12.622,0,0.0779,0.0835,0.133,0.243,111.002,181127.0,4,20.0
0.521,0.915,-5.705,0,0.0544,1.69e-05,0.065,0.336,112.507,209453.0,3,54.0
0.579,0.776,-5.365,1,0.173,0.0749,0.239,0.434,136.044,3.831333333,4,68.0
0.602,0.405,-7.157,1,0.0319,0.903,0.133,0.321,137.743,203869.0,4,39.0
0.619,0.3,-8.95,1,0.0982,0.942,0.141,0.443,106.717,1.75025,4,46.0
0.48,0.879,-4.67,0,0.0933,8.87e-05,0.0828,0.289,141.063,143400.0,4,45.0
0.396,0.968,-4.322,1,0.131,5.49e-05,0.263,0.178,161.021,212143.0,4,32.0
0.293,0.933,-8.082,1,0.0701,0.000109,0.336,0.837,150.994,207440.0,4,52.0
0.469,0.297,-12.576,1,0.0733,0.908,0.0604,0.802,71.683,172373.0,4,3.0
0.699,0.678,-11.312,1,0.0398,0.0132,0.103,0.862,110.974,277951.0,4,36.0
0.447,0.927,-3.3,0,0.0508,0.000297,0.0972,0.104,119.034,264480.0,4,40.0
0.68,0.64,-6.691,0,0.0336,0.29,0.124,0.738,105.981,322267.0,4,60.0
0.0646,0.995,-7.07,0,0.143,7.39e-05,0.295,0.0351,204.316,214544.0,4,16.0
0.333,0.927,-8.55,0,0.0733,0.0029,0.297,0.385,141.466,5.13533333,4,75.0
0.488,0.209,-19.549,1,0.0369,0.374,0.103,0.362,120.63,4.72488333,4,56.0
0.768,0.733,-7.057,0,0.068,0.0823,0.113,0.64,116.98,150976.0,4,51.0
0.29,0.58,-8.18,0,0.0346,0.692,0.368,0.505,89.848,4.814666667,4,34.0
0.557,0.511,-6.788,1,0.0291,0.254,0.099,0.602,156.042,3.84955,4,1.0
0.666,0.815,-5.692,1,0.0622,0.0702,0.762,0.788,101.972,204065.0,4,46.0
0.35,0.958,-4.597,1,0.0949,0.000436,0.314,0.555,190.501,199573.0,4,45.0
0.358,0.912,-4.651,1,0.05,3.36e-06,0.122,0.578,156.873,205400.0,4,34.0
0.71,0.807,-5.83,0,0.0622,0.0147,0.0949,0.565,110.051,251893.0,4,30.0
0.683,0.806,-7.574,1,0.042,0.125,0.191,0.962,118.032,3.95155,4,49.0
0.104,0.352,-15.31,0,0.0422,0.194,0.0904,0.0373,90.265,395337.0,3,46.0
0.461,0.955,-6.684,1,0.0489,0.111,0.952,0.725,160.073,166092.0,4,45.0
0.674,0.552,-9.904,1,0.04,0.23,0.274,0.787,127.313,3.379783333,4,45.0
0.135,0.964,-3.492,0,0.113,3.18e-05,0.0731,0.0799,154.486,309213.0,3,45.0
0.462,0.877,-9.245,0,0.0459,0.147,0.362,0.852,133.131,266120.0,4,31.0
0.503,0.858,-6.296,1,0.0657,0.00757,0.0803,0.419,133.615,208653.0,5,70.0
0.294,0.611,-6.268,1,0.0348,0.0226,0.114,0.567,178.191,166400.0,3,53.0
0.539,0.615,-8.746,0,0.252,0.173,0.144,0.493,163.924,214693.0,4,79.0
0.607,0.281,-15.041,1,0.0475,0.956,0.116,0.414,151.986,320993.0,4,15.0
0.515,0.766,-12.768,1,0.0343,0.0249,0.455,0.774,146.911,221000.0,4,68.0
0.561,0.836,-8.904,1,0.0913,0.184,0.859,0.495,132.041,272160.0,3,27.0
0.83,0.382,-11.231,0,0.0566,0.884,0.11,0.54,121.12,173853.0,4,62.0
0.596,0.712,-5.305,1,0.313,0.146,0.103,0.2,81.846,238800.0,4,53.0
0.663,0.96,-4.927,1,0.108,0.0344,0.371,0.408,130.404,284627.0,4,40.0
0.883,0.674,-8.043,0,0.357,0.21,0.0678,0.73,141.02,278085.0,4,90.0
0.566,0.686,-8.101,1,0.0403,9.78e-05,0.372,0.738,120.952,180224.0,4,23.0
0.326,0.904,-2.683,0,0.129,0.195,0.675,0.244,128.696,353583.0,4,24.0
0.448,0.665,-4.203,1,0.026,0.06,0.0828,0.304,172.004,237147.0,4,77.0
0.572,0.695,-7.929,0,0.028,0.00298,0.171,0.252,140.005,250018.0,4,36.0
0.22,0.964,-3.927,1,0.166,4.93e-06,0.394,0.134,199.996,271333.0,4,27.0
0.473,0.358,-8.795,1,0.0276,0.85,0.106,0.237,98.248,267211.0,3,17.0
0.537,0.818,-7.206,1,0.0294,0.00398,0.0979,0.386,130.365,306547.0,4,32.0
0.535,0.724,-5.192,1,0.191,0.102,0.207,0.501,180.077,258477.0,4,50.0
0.507,0.088,-23.309,1,0.0343,0.51,0.0984,0.398,144.226,206867.0,4,57.0
0.802,0.672,-4.349,1,0.0932,0.108,0.0724,0.767,101.029,194952.0,4,44.0
0.589,0.447,-9.538,1,0.0316,0.901,0.123,0.153,103.586,200827.0,3,41.0
0.379,0.593,-9.113,0,0.0295,0.584,0.122,0.511,143.207,463653.0,4,53.0
0.503,0.812,-7.829,0,0.0754,4.75e-05,0.691,0.136,140.902,275493.0,4,49.0
0.908,0.609,-9.669,0,0.278,0.0611,0.132,0.625,94.99,212211.0,4,40.0
0.544,0.876,-4.33,1,0.0362,0.0176,0.063,0.907,133.026,251173.0,4,41.0
0.26,0.981,-4.521,1,0.169,2.05e-05,0.344,0.194,116.259,248226.0,3,47.0
0.438,0.916,-8.318,1,0.124,0.00573,0.334,0.391,143.101,218067.0,4,51.0
0.664,0.877,-4.251,1,0.0334,0.000542,0.284,0.961,146.804,220947.0,4,63.0
0.541,0.968,-4.129,1,0.0396,0.000248,0.423,0.505,125.04,311813.0,4,69.0
0.442,0.52,-8.648,1,0.0261,0.184,0.154,0.177,77.437,304880.0,4,64.0
0.57,0.915,-4.802,0,0.105,0.000273,0.178,0.676,93.54,175227.0,4,66.0
0.511,0.724,-5.927,1,0.0311,0.000826,0.23,0.536,130.029,198081.0,4,60.0
0.501,0.686,-6.457,0,0.0246,0.0405,0.0846,0.218,62.509,361467.0,4,44.0
0.588,0.0493,-20.4,1,0.0355,0.882,0.136,0.202,99.929,2.792833333,4,52.0
0.299,0.971,-6.816,0,0.069,0.000656,0.0364,0.734,174.192,189093.0,4,35.0
0.483,0.292,-16.653,1,0.0305,0.865,0.115,0.175,139.348,5.2579,5,51.0
0.467,0.896,-3.31,1,0.0441,7.97e-05,0.3,0.145,109.953,242116.0,4,24.0
0.805,0.61,-6.64,0,0.0357,0.338,0.112,0.686,114.762,238679.0,4,59.0
0.651,0.71,-4.345,1,0.0302,0.0406,0.309,0.521,117.079,159000.0,4,34.0
0.278,0.568,-9.636,1,0.033,1.04e-05,0.331,0.216,95.514,208040.0,4,31.0
0.441,0.845,-3.315,1,0.0462,3.28e-06,0.723,0.304,113.989,237907.0,4,59.0
0.553,0.717,-5.857,1,0.0318,6.48e-05,0.0385,0.318,127.947,233267.0,4,68.0
0.319,0.771,-5.824,1,0.0456,0.000142,0.0996,0.187,97.959,259218.0,4,45.0
0.286,0.728,-6.608,1,0.0616,0.000174,0.133,0.467,171.441,312120.0,4,66.0
0.58,0.911,-3.849,0,0.0321,0.00589,0.327,0.597,129.908,4.11445,4,31.0
0.703,0.781,-5.536,1,0.0262,0.262,0.155,0.845,100.909,166229.0,4,51.0
0.17,0.986,-3.951,1,0.0953,7.89e-06,0.338,0.161,162.782,298429.0,4,38.0
0.477,0.29,-18.066,1,0.0374,0.554,0.283,0.727,122.589,215203.0,3,35.0
0.494,0.637,-6.004,1,0.0336,0.0789,0.215,0.175,140.034,175547.0,4,58.0
0.623,0.947,-3.934,1,0.103,0.00386,0.582,0.684,146.318,211813.0,4,58.0
0.669,0.732,-8.724,0,0.244,0.00308,0.0492,0.727,150.043,148577.0,4,45.0
0.656,0.5,-12.391,1,0.295,0.849,0.1,0.598,120.608,6.10445,4,37.0
0.423,0.407,-7.45,1,0.0267,0.312,0.11,0.161,139.048,285120.0,3,68.0
0.412,0.964,-7.557,0,0.169,1.84e-06,0.502,0.232,142.536,293347.0,3,51.0
0.536,0.404,-9.315,0,0.0367,0.619,0.127,0.325,112.807,150394.0,4,70.0
0.228,0.85,-6.23,1,0.0489,0.00223,0.056,0.391,130.566,364693.0,4,43.0
0.695,0.292,-18.11,1,0.0614,0.978,0.0917,0.458,85.206,146270.0,4,37.0
0.491,0.622,-9.051,0,0.0935,0.637,0.341,0.513,80.913,209817.0,3,39.0
0.596,0.661,-7.533,0,0.0382,0.0713,0.209,0.124,99.951,195300.0,4,59.0
0.442,0.978,-4.568,0,0.0846,2.93e-05,0.0763,0.356,89.986,210480.0,4,43.0
0.748,0.41,-8.312,0,0.0307,0.688,0.114,0.86,100.016,191000.0,4,41.0
0.408,0.239,-14.704,1,0.0341,0.941,0.104,0.172,151.622,3.449383333,3,47.0
0.74,0.733,-7.142,1,0.0427,0.00349,0.106,0.643,140.012,182179.0,4,8.0
0.406,0.986,-3.662,0,0.14,0.000288,0.261,0.423,168.068,157694.0,4,29.0
0.543,0.912,-10.71,1,0.0601,0.00162,0.0565,0.836,103.731,256733.0,4,71.0
0.34,0.951,-5.376,1,0.114,5.99e-05,0.298,0.122,100.093,292147.0,4,24.0
0.811,0.452,-8.676,1,0.115,0.162,0.12,0.556,121.058,199006.0,4,65.0
0.636,0.692,-11.06,0,0.0351,0.31,0.0979,0.9,123.611,6.019783333,4,27.0
0.411,0.679,-6.48,1,0.0341,0.00814,0.13,0.229,79.081,285677.0,3,23.0
0.581,0.432,-7.305,1,0.0262,0.461,0.0972,0.253,140.062,203500.0,4,39.0
0.672,0.429,-7.364,0,0.0298,0.818,0.205,0.481,127.912,214413.0,4,52.0
0.738,0.482,-8.917,0,0.0402,0.0266,0.106,0.352,93.457,285014.0,4,73.0
0.517,0.795,-6.34,0,0.0399,0.0031,0.126,0.358,141.008,214321.0,4,43.0
0.428,0.413,-6.638,1,0.0319,0.985,0.174,0.654,125.296,5.0696,3,12.0
0.388,0.848,-6.939,0,0.0503,0.00381,0.102,0.536,166.216,192493.0,4,9.0
0.44,0.533,-5.318,1,0.0292,0.00279,0.191,0.461,144.039,208173.0,4,38.0
0.742,0.503,-8.396,0,0.0621,0.0604,0.12,0.444,74.004,282323.0,4,47.0
0.555,0.973,-3.804,1,0.035,0.048,0.0853,0.805,118.642,316707.0,4,69.0
0.532,0.836,-7.683,0,0.0359,0.0179,0.0873,0.184,139.997,274000.0,3,37.0
0.494,0.548,-6.753,0,0.0355,0.0213,0.183,0.129,78.028,233077.0,4,42.0
0.309,0.931,-9.859,1,0.167,2.16e-05,0.414,0.131,197.044,174004.0,4,36.0
0.567,0.765,-6.625,1,0.0517,0.282,0.22,0.768,147.923,187187.0,4,24.0
0.814,0.557,-9.184,0,0.476,0.132,0.201,0.715,87.451,157889.0,4,9.0
0.488,0.862,-7.595,1,0.0476,0.0204,0.359,0.706,104.56,257827.0,4,75.0
0.622,0.737,-9.296,1,0.0289,0.0349,0.318,0.742,130.255,310400.0,4,51.0
0.596,0.481,-11.191,0,0.0258,0.829,0.197,0.485,105.99,267560.0,4,15.0
0.639,0.544,-7.355,1,0.0318,0.261,0.114,0.324,92.018,211630.0,4,41.0
0.732,0.757,-12.541,1,0.0413,0.0561,0.244,0.916,102.233,374733.0,4,18.0
0.607,0.904,-7.693,1,0.0435,0.13,0.134,0.877,146.831,2.980666667,4,49.0
0.604,0.665,-7.981,1,0.305,0.516,0.0766,0.48,84.691,141093.0,4,41.0
0.382,0.589,-7.315,0,0.0267,0.0465,0.122,0.335,140.059,243360.0,4,76.0
0.597,0.31,-12.812,1,0.0847,0.979,0.438,0.963,125.608,0.533916667,4,1.0
0.662,0.949,-4.758,1,0.108,0.128,0.135,0.516,91.954,229360.0,4,70.0
0.515,0.239,-13.68,1,0.0296,0.714,0.112,0.27,115.72,247041.0,4,33.0
0.0814,0.902,-4.89,1,0.0841,2.28e-06,0.2,0.0898,83.631,277383.0,4,18.0
0.481,0.392,-11.381,1,0.0312,0.366,0.124,0.52,124.572,269067.0,4,69.0
0.61,0.409,-12.84,1,0.0306,0.19,0.244,0.561,122.549,454240.0,4,23.0
0.655,0.165,-16.415,0,0.034,0.954,0.0941,0.494,138.02,5.03045,4,49.0
0.495,0.783,-8.835,1,0.0361,3.65e-05,0.574,0.567,144.072,226587.0,4,6.0
0.439,0.698,-6.764,1,0.0643,0.171,0.286,0.815,112.726,148800.0,3,33.0
0.132,0.0195,-29.76,1,0.0445,0.993,0.0569,0.14,81.616,2.721116667,3,59.0
0.622,0.737,-9.296,1,0.0289,0.0349,0.318,0.742,130.255,310400.0,4,51.0
0.76,0.577,-7.899,1,0.0339,0.0139,0.0745,0.293,104.61,184000.0,4,57.0
0.446,0.973,-4.111,1,0.0539,0.0156,0.322,0.52,169.998,240840.0,4,29.0
0.245,0.542,-7.159,1,0.0324,0.147,0.102,0.365,204.824,211960.0,4,61.0
0.34,0.807,-8.196,1,0.0528,0.657,0.266,0.858,205.773,154387.0,4,10.0
0.679,0.489,-14.14,0,0.0327,0.0224,0.0848,0.863,102.357,160496.0,4,20.0
0.77,0.748,-4.944,1,0.0449,0.00651,0.144,0.263,101.501,143480.0,4,51.0
0.542,0.493,-8.022,1,0.0254,0.861,0.151,0.273,101.022,196211.0,4,45.0
0.536,0.841,-9.336,1,0.0912,0.00112,0.645,0.216,128.04,365861.0,4,41.0
0.736,0.669,-8.305,1,0.136,0.107,0.224,0.797,86.531,172023.0,4,54.0
0.643,0.713,-4.852,0,0.0831,0.0646,0.131,0.449,150.003,174523.0,4,26.0
0.548,0.632,-5.569,1,0.145,0.0126,0.0769,0.535,113.682,245800.0,4,61.0
0.519,0.749,-3.318,0,0.0405,0.271,0.119,0.29,147.905,3.33245,4,75.0
0.899,0.726,-9.273,1,0.172,0.000726,0.109,0.708,115.009,219136.0,4,32.0
0.712,0.529,-8.46,1,0.0411,0.728,0.371,0.962,108.363,4.151783333,4,45.0
0.489,0.548,-9.199,0,0.0463,0.538,0.112,0.249,75.308,235000.0,4,26.0
0.717,0.534,-11.072,1,0.0333,0.68,0.0716,0.124,99.998,158400.0,4,25.0
0.693,0.824,-8.139,0,0.0415,0.00726,0.0826,0.822,108.018,176708.0,4,52.0
0.396,0.474,-5.725,1,0.0625,0.629,0.295,0.699,70.551,170164.0,4,26.0
0.443,0.551,-5.667,1,0.026,0.121,0.334,0.683,168.099,163852.0,4,3.0
0.583,0.931,-4.975,0,0.125,0.0174,0.405,0.319,127.034,190360.0,4,54.0
0.747,0.574,-6.587,1,0.24,0.561,0.1,0.436,127.981,175031.0,4,68.0
0.761,0.899,-3.09,0,0.183,0.0135,0.0719,0.673,95.027,217587.0,4,78.0
0.478,0.834,-6.891,0,0.0439,0.00138,0.0588,0.387,139.995,389547.0,4,35.0
0.445,0.779,-7.435,1,0.044,0.0236,0.121,0.25,75.983,238613.0,4,42.0
0.56,0.512,-7.185,0,0.0333,0.592,0.056,0.39,123.991,4.241933333,4,54.0
0.733,0.762,-6.516,0,0.068,0.000433,0.384,0.749,130.005,288000.0,4,41.0
0.497,0.909,-11.786,0,0.0802,2.08e-05,0.68,0.125,139.915,292037.0,4,36.0
0.528,0.116,-14.375,1,0.0388,0.94,0.108,0.438,78.245,2.81331667,4,53.0
0.715,0.645,-6.84,0,0.0497,0.399,0.115,0.316,117.023,228813.0,4,37.0
0.744,0.562,-8.883,0,0.0327,0.0836,0.149,0.523,104.035,173253.0,4,38.0
0.613,0.279,-13.187,1,0.0432,0.757,0.0874,0.955,165.259,146000.0,4,35.0
0.803,0.288,-15.418,0,0.0629,0.865,0.0833,0.865,115.685,259160.0,4,45.0
0.415,0.901,-3.124,1,0.0428,0.00987,0.136,0.424,128.216,225333.0,4,61.0
0.558,0.407,-10.381,1,0.0281,0.842,0.107,0.478,133.959,255255.0,4,54.0
0.468,0.743,-10.846,1,0.0326,0.00819,0.369,0.648,156.103,241800.0,4,57.0
0.52,0.307,-16.509,1,0.0345,0.952,0.0941,0.515,140.008,238000.0,4,33.0
0.705,0.814,-5.466,0,0.0346,0.00115,0.203,0.259,110.0,223279.0,4,79.0
0.558,0.977,-5.082,1,0.211,0.000618,0.316,0.473,167.984,190031.0,4,36.0
0.421,0.922,-5.875,1,0.0601,0.501,0.0863,0.894,88.387,96227.0,4,32.0
0.4,0.723,-7.679,1,0.0626,0.349,0.265,0.201,184.475,183164.0,4,4.0
0.718,0.676,-7.442,0,0.0307,0.219,0.338,0.595,97.027,230467.0,4,35.0
0.503,0.992,-5.407,1,0.18,1.88e-05,0.327,0.113,139.965,164571.0,4,42.0
0.537,0.674,-6.3,1,0.274,0.0657,0.1,0.468,98.642,158427.0,4,70.0
0.656,0.717,-4.871,1,0.0279,0.0127,0.904,0.809,123.988,3.279333333,4,65.0
0.562,0.545,-14.392,0,0.0487,0.764,0.347,0.342,132.495,211560.0,4,31.0
0.661,0.581,-9.67,1,0.032,0.423,0.11,0.863,91.11,3.005333333,4,55.0
0.61,0.891,-5.452,0,0.0587,0.000805,0.0657,0.51,139.903,246733.0,4,72.0
0.518,0.12,-25.934,1,0.0467,0.808,0.117,0.354,95.735,6.78845,4,39.0
0.593,0.464,-16.925,1,0.0374,0.509,0.166,0.763,113.001,316667.0,4,49.0
0.474,0.363,-7.489,1,0.0295,0.0126,0.109,0.11,139.889,241667.0,3,47.0
0.628,0.882,-5.024,0,0.0323,0.259,0.065,0.853,95.083,184413.0,4,72.0
0.677,0.446,-8.096,1,0.025,0.315,0.212,0.44,96.947,3.094,4,53.0
0.315,0.826,-4.314,0,0.0636,0.00064,0.0703,0.359,139.161,256072.0,4,63.0
0.479,0.411,-8.833,1,0.0282,0.555,0.0797,0.316,89.779,283947.0,4,46.0
0.388,0.831,-8.686,1,0.055,0.16,0.156,0.8,173.636,191320.0,4,28.0
0.53,0.721,-4.599,1,0.0431,0.0047,0.0568,0.594,150.988,195534.0,4,46.0
0.778,0.695,-6.865,0,0.0913,0.174,0.151,0.472,149.996,2.213,4,16.0
0.605,0.779,-4.816,0,0.0317,0.272,0.221,0.812,122.009,224801.0,4,3.0
0.456,0.7,-13.014,1,0.0464,0.0353,0.182,0.471,101.023,363307.0,4,34.0
0.581,0.223,-6.41,0,0.0335,0.868,0.176,0.257,139.59,205773.0,4,37.0
0.427,0.85,-5.524,1,0.0407,0.0493,0.348,0.695,135.208,221430.0,4,27.0
0.47,0.913,-10.196,1,0.0343,6.59e-05,0.222,0.977,130.425,145533.0,4,54.0
0.542,0.752,-6.463,1,0.218,0.229,0.129,0.514,172.511,144706.0,4,38.0
0.598,0.846,-4.956,1,0.0355,0.0527,0.113,0.328,144.04,3.101783333,4,70.0
0.637,0.299,-11.314,1,0.0366,0.742,0.359,0.364,83.872,213214.0,4,73.0
0.474,0.956,-4.442,0,0.0809,0.00124,0.114,0.589,168.148,277427.0,3,42.0
0.325,0.838,-6.501,0,0.144,0.0327,0.126,0.449,156.507,181173.0,4,51.0
0.259,0.976,-4.654,0,0.1,1.17e-05,0.2,0.283,149.351,224956.0,4,32.0
0.801,0.527,-7.191,0,0.118,0.0192,0.131,0.52,76.022,232160.0,4,51.0
0.632,0.922,-2.173,1,0.0794,0.00558,0.0927,0.497,88.972,137747.0,4,79.0
0.495,0.98,-5.467,1,0.091,0.000177,0.227,0.326,138.217,254387.0,4,49.0
0.72,0.742,-5.889,1,0.0559,0.0324,0.306,0.718,118.063,180561.0,4,36.0
0.282,0.903,-5.554,1,0.0633,4.25e-05,0.0838,0.276,177.097,224383.0,4,27.0
0.503,0.759,-8.7,1,0.0315,0.00755,0.338,0.965,142.856,125765.0,4,29.0
0.225,0.926,-5.378,0,0.0556,1.27e-05,0.0804,0.165,128.574,310547.0,3,38.0
0.539,0.701,-13.176,1,0.0673,0.29,0.31,0.498,139.967,261536.0,4,29.0
0.843,0.535,-8.922,1,0.507,0.403,0.101,0.409,73.063,121853.0,4,56.0
0.657,0.716,-7.76,0,0.0264,0.2,0.173,0.513,112.045,271107.0,4,50.0
0.563,0.871,-5.825,1,0.029,0.000197,0.0928,0.517,114.894,261627.0,4,43.0
0.894,0.404,-5.913,0,0.13,0.453,0.0801,0.759,102.009,236507.0,4,66.0
0.562,0.572,-5.943,1,0.03,0.0019,0.0712,0.791,120.026,299000.0,4,36.0
0.392,0.884,-3.374,1,0.0385,0.00132,0.35,0.508,169.123,238924.0,4,49.0
0.444,0.406,-12.765,0,0.0535,0.119,0.351,0.411,95.373,251827.0,4,34.0
0.572,0.73,-7.617,1,0.0358,0.00479,0.104,0.635,148.052,158973.0,4,54.0
0.522,0.457,-6.094,1,0.0267,0.175,0.209,0.25,74.914,251579.0,4,32.0
0.55,0.872,-4.742,0,0.0588,0.0864,0.0617,0.618,142.041,189920.0,4,64.0
0.784,0.721,-5.457,1,0.0506,0.0149,0.285,0.895,121.966,176219.0,4,47.0
0.617,0.57,-6.823,0,0.105,0.761,0.109,0.64,145.035,226027.0,4,33.0
0.398,0.266,-14.661,0,0.0396,0.516,0.218,0.25,81.045,567973.0,4,53.0
0.237,0.484,-8.521,0,0.0363,0.9,0.0909,0.642,87.352,3.08755,4,23.0
0.506,0.909,-5.746,0,0.08,0.00145,0.17,0.499,100.101,315187.0,4,52.0
0.578,0.756,-5.82,1,0.115,0.157,0.249,0.663,176.739,201173.0,4,73.0
0.762,0.471,-9.657,1,0.166,0.658,0.101,0.658,167.033,178973.0,4,37.0
0.202,0.853,-6.326,1,0.0475,0.0245,0.143,0.37,100.625,265133.0,4,54.0
0.631,0.515,-9.038,1,0.0245,0.0339,0.116,0.381,154.935,282853.0,4,49.0
0.538,0.272,-10.783,1,0.0381,0.904,0.108,0.316,118.382,3.38651667,4,54.0
0.594,0.851,-3.47,1,0.0514,0.00881,0.0749,0.898,83.522,180356.0,4,40.0
0.474,0.974,-3.715,0,0.0688,2.26e-06,0.499,0.227,105.018,351613.0,4,40.0
0.556,0.929,-5.055,1,0.0637,7.36e-05,0.237,0.44,121.48,330360.0,4,49.0
0.406,0.53,-9.556,1,0.045,0.739,0.108,0.0701,122.773,251279.0,4,59.0
0.734,0.864,-6.119,1,0.303,0.022,0.246,0.47,105.932,231493.0,4,69.0
0.528,0.939,-3.085,1,0.0437,0.076,0.412,0.577,95.98,222973.0,4,46.0
0.704,0.111,-19.914,0,0.0599,0.925,0.106,0.179,74.969,3.525,4,47.0
0.492,0.911,-3.891,0,0.113,0.015,0.345,0.429,168.024,189543.0,4,68.0
0.844,0.846,-5.167,1,0.176,0.00487,0.0784,0.91,144.079,254707.0,4,58.0
0.482,0.55,-7.098,0,0.0356,0.135,0.294,0.105,67.559,252787.0,4,62.0
0.198,0.756,-7.04,1,0.0518,0.00229,0.16,0.246,121.924,449947.0,4,51.0
0.508,0.988,-3.613,0,0.165,8.45e-05,0.209,0.174,75.018,246209.0,4,61.0
0.284,0.951,-5.134,1,0.0992,0.000189,0.369,0.181,104.722,257916.0,3,37.0
0.596,0.658,-7.44,1,0.0337,0.258,0.0975,0.956,88.842,269621.0,4,30.0
0.771,0.769,-3.504,0,0.0694,0.18,0.345,0.931,167.969,289899.0,4,75.0
0.805,0.57,-8.215,1,0.0272,0.194,0.106,0.76,126.478,3.18,4,53.0
0.608,0.759,-7.246,0,0.034,0.0569,0.169,0.861,124.504,204080.0,4,53.0
0.755,0.553,-9.449,0,0.107,0.0492,0.0646,0.836,119.7,266600.0,4,66.0
0.409,0.0965,-22.079,1,0.0387,0.919,0.379,0.219,135.024,239222.0,3,27.0
0.527,0.969,-3.97,1,0.0692,0.000114,0.109,0.386,125.079,175533.0,4,36.0
0.6,0.613,-10.711,1,0.0258,0.0104,0.217,0.558,129.995,287150.0,4,45.0
0.729,0.741,-6.537,0,0.253,0.171,0.0972,0.877,137.457,155024.0,4,52.0
0.677,0.817,-8.569,0,0.0369,0.625,0.104,0.0903,95.009,193833.0,4,33.0
0.631,0.948,-4.459,1,0.11,0.0286,0.0556,0.57,130.053,197043.0,4,38.0
0.641,0.598,-5.7,0,0.324,0.381,0.0921,0.285,131.459,199706.0,5,81.0
0.619,0.855,-4.164,1,0.0376,0.000247,0.0318,0.935,127.671,216160.0,4,60.0
0.93,0.409,-8.347,0,0.077,0.759,0.0925,0.927,119.875,2.784,4,40.0
0.76,0.776,-5.094,0,0.0645,0.0315,0.102,0.935,99.006,280480.0,4,41.0
0.635,0.184,-10.785,1,0.0456,0.665,0.146,0.177,128.424,240200.0,4,74.0
0.637,0.287,-14.732,0,0.155,0.734,0.112,0.199,82.008,187317.0,4,29.0
0.383,0.512,-17.868,1,0.0601,0.0951,0.115,0.293,170.034,206158.0,4,47.0
0.722,0.727,-7.797,1,0.0382,0.00336,0.0944,0.708,116.024,233337.0,4,36.0
0.644,0.549,-5.415,0,0.0285,0.0209,0.134,0.167,90.04,253813.0,4,79.0
0.46,0.586,-6.32,1,0.0281,0.446,0.0831,0.489,122.014,226960.0,4,64.0
0.823,0.611,-8.899,0,0.136,0.127,0.206,0.872,119.569,401267.0,4,42.0
0.316,0.803,-7.143,0,0.0543,0.0172,0.36,0.308,117.233,301613.0,4,51.0
0.915,0.827,-7.715,1,0.137,0.0411,0.0618,0.791,118.07,296253.0,4,27.0
0.372,0.961,-6.765,0,0.0931,1.52e-05,0.0916,0.159,115.336,198227.0,4,53.0
0.822,0.66,-3.637,1,0.0819,0.111,0.143,0.802,113.956,265263.0,4,71.0
0.85,0.645,-6.302,0,0.0611,0.358,0.09,0.93,104.022,156454.0,4,55.0
0.393,0.315,-11.066,1,0.0305,0.939,0.252,0.376,137.741,181000.0,4,32.0
0.662,0.413,-7.357,1,0.0299,0.213,0.134,0.467,93.005,161385.0,4,91.0
0.557,0.289,-12.165,1,0.0282,0.562,0.108,0.138,120.031,207915.0,4,30.0
0.577,0.828,-8.691,0,0.0298,0.00213,0.0581,0.604,123.257,331267.0,4,79.0
0.478,0.714,-4.033,1,0.0417,0.694,0.353,0.731,112.234,161427.0,4,10.0
0.351,0.937,-5.445,1,0.0768,0.000429,0.34,0.286,199.935,230920.0,4,42.0
0.423,0.885,-4.003,1,0.0481,0.000672,0.106,0.628,75.192,173493.0,4,42.0
0.318,0.975,-4.21,1,0.0926,0.00562,0.345,0.668,174.206,182987.0,4,37.0
0.644,0.919,-6.289,1,0.0561,0.181,0.622,0.871,117.459,259907.0,4,70.0
0.432,0.965,-3.673,0,0.0954,2.5e-05,0.348,0.396,96.508,181400.0,4,35.0
0.802,0.852,-1.851,1,0.0604,0.0404,0.0539,0.685,100.029,163799.0,4,58.0
0.47,0.902,-4.544,1,0.129,0.00419,0.153,0.607,156.094,194000.0,4,52.0
0.443,0.991,-5.792,1,0.121,7.19e-06,0.738,0.0654,102.478,302267.0,4,28.0
0.629,0.123,-19.583,1,0.077,0.994,0.112,0.313,101.034,3.163533333,4,51.0
0.505,0.987,-4.037,1,0.0464,1.28e-05,0.137,0.848,140.148,112583.0,4,24.0
0.53,0.949,-2.699,1,0.0459,3.59e-05,0.378,0.836,137.011,203705.0,4,44.0
0.657,0.642,-12.98,1,0.085,0.926,0.12,0.737,110.543,163027.0,4,45.0
0.59,0.647,-6.195,1,0.0246,0.483,0.141,0.615,172.033,337427.0,4,53.0
0.514,0.943,-3.932,0,0.0471,5.98e-06,0.15,0.454,110.01,244754.0,4,34.0
0.173,0.307,-12.555,1,0.0329,0.398,0.116,0.0658,97.36,3.97355,3,30.0
0.536,0.62,-7.859,1,0.0268,0.672,0.088,0.644,112.406,246733.0,4,23.0
0.444,0.979,-4.319,1,0.158,0.000188,0.293,0.277,161.978,181507.0,4,31.0
0.769,0.74,-6.579,0,0.378,0.197,0.171,0.692,94.104,112579.0,4,81.0
0.87,0.571,-7.667,1,0.0391,0.157,0.0992,0.858,119.983,198582.0,4,47.0
0.382,0.33,-15.964,0,0.0784,0.385,0.196,0.647,205.835,194573.0,3,25.0
0.552,0.873,-5.146,0,0.033,5.99e-05,0.067,0.508,121.965,194867.0,4,38.0
0.566,0.657,-10.33,1,0.0693,0.751,0.156,0.643,145.359,164893.0,4,50.0
0.731,0.489,-10.365,1,0.0439,0.564,0.318,0.691,114.673,192227.0,4,37.0
0.543,0.891,-7.084,1,0.0431,0.000262,0.165,0.393,142.633,241573.0,4,44.0
0.506,0.0952,-13.51,1,0.0385,0.91,0.111,0.162,111.163,265687.0,4,48.0
0.512,0.996,-2.1,1,0.114,5.63e-05,0.347,0.0601,130.931,220880.0,4,63.0
0.794,0.912,-3.699,0,0.0406,0.251,0.261,0.859,96.973,242934.0,4,19.0
0.545,0.537,-6.989,1,0.0352,0.39,0.12,0.525,114.385,202440.0,3,60.0
0.802,0.904,-3.267,0,0.0459,0.00108,0.173,0.961,128.931,192533.0,4,69.0
0.639,0.701,-12.343,1,0.0316,0.699,0.15,0.7,102.031,243180.0,3,37.0
0.441,0.583,-8.489,1,0.305,0.273,0.126,0.449,171.702,200422.0,4,44.0
0.55,0.602,-10.286,1,0.0467,0.689,0.0866,0.681,101.328,302437.0,4,42.0
0.849,0.73,-7.734,0,0.271,0.28,0.248,0.494,95.023,162000.0,4,17.0
0.354,0.00717,-23.13,0,0.0413,0.987,0.0959,0.116,80.517,212991.0,4,48.0
0.818,0.639,-6.383,1,0.165,0.0172,0.137,0.886,112.955,157133.0,4,59.0
0.358,0.75,-3.572,1,0.0414,8.49e-05,0.113,0.218,125.103,258253.0,4,61.0
0.631,0.503,-7.857,0,0.0648,0.327,0.14,0.753,209.06,151747.0,4,53.0
0.509,0.53,-15.929,0,0.0389,0.14,0.321,0.969,123.037,219067.0,4,33.0
0.433,0.464,-10.741,1,0.0341,0.635,0.121,0.128,143.78,4.350166667,4,24.0
0.275,0.933,-5.14,0,0.0879,6.86e-05,0.206,0.164,100.47,169284.0,4,32.0
0.448,0.913,-3.094,0,0.0399,3.92e-05,0.236,0.233,92.482,260947.0,4,44.0
0.638,0.637,-10.727,1,0.0332,0.0429,0.11,0.0664,95.989,257490.0,4,52.0
0.574,0.943,-5.238,1,0.0769,3.69e-05,0.366,0.72,112.009,237360.0,4,54.0
0.415,0.593,-11.603,1,0.0467,0.635,0.229,0.473,120.138,241000.0,4,21.0
0.567,0.653,-14.148,1,0.0497,0.294,0.0771,0.538,119.347,220000.0,4,28.0
0.261,0.993,-5.622,1,0.377,0.000292,0.637,0.0958,173.371,267773.0,4,43.0
0.548,0.52,-7.553,0,0.056,0.373,0.128,0.445,159.726,193965.0,4,39.0
0.872,0.707,-7.911,1,0.0513,0.0362,0.27,0.92,132.955,315533.0,4,56.0
0.802,0.442,-8.908,1,0.423,0.59,0.107,0.486,103.047,158486.0,4,46.0
0.72,0.744,-6.938,0,0.12,0.237,0.255,0.619,78.953,243773.0,4,85.0
0.759,0.475,-7.226,1,0.0443,0.205,0.085,0.505,89.471,190347.0,4,73.0
0.673,0.808,-6.183,1,0.0491,0.0121,0.037,0.303,130.041,336280.0,4,65.0
0.454,0.563,-7.653,0,0.0367,0.211,0.126,0.0621,119.939,214250.0,4,35.0
0.34,0.542,-5.746,1,0.0462,0.316,0.113,0.616,169.284,204893.0,4,23.0
0.667,0.898,-1.843,0,0.0448,0.00293,0.159,0.751,110.056,3.653783333,4,47.0
0.171,0.653,-6.641,0,0.046,0.0106,0.367,0.105,199.663,263799.0,4,46.0
0.373,0.403,-10.829,1,0.0312,0.183,0.0757,0.206,116.41,5.186433333,4,31.0
0.467,0.526,-9.982,1,0.0433,0.119,0.124,0.753,109.555,3.64355,4,61.0
0.652,0.876,-3.323,1,0.0359,0.0307,0.449,0.695,126.007,212513.0,4,67.0
0.557,0.782,-3.899,1,0.0475,0.0953,0.118,0.305,159.621,205533.0,4,69.0
0.787,0.73,-6.788,0,0.35,0.0276,0.0828,0.739,159.825,220293.0,4,65.0
0.225,0.689,-9.12,1,0.0555,0.469,0.337,0.5,93.798,102080.0,4,64.0
0.687,0.199,-13.854,1,0.0402,0.839,0.117,0.153,112.417,194000.0,3,16.0
0.65,0.729,-8.641,1,0.0434,0.37,0.323,0.752,103.706,207067.0,4,44.0
0.598,0.875,-5.66,1,0.31,0.0491,0.342,0.616,168.871,215969.0,4,36.0
0.318,0.586,-7.606,0,0.0375,0.383,0.145,0.211,80.806,313868.0,4,54.0
0.167,0.932,-5.22,0,0.0828,1.57e-05,0.0962,0.221,129.093,313360.0,3,47.0
0.63,0.772,-8.366,0,0.0251,0.124,0.116,0.717,128.133,230907.0,4,57.0
0.554,0.49,-8.725,1,0.0267,0.736,0.327,0.578,67.591,232453.0,4,48.0
0.523,0.854,-8.27,1,0.0954,0.478,0.271,0.83,146.688,243507.0,4,50.0
0.788,0.839,-5.163,0,0.0465,0.0261,0.137,0.765,109.968,169872.0,4,29.0
0.415,0.456,-7.878,1,0.048,0.762,0.986,0.423,135.085,4.898233333,4,35.0
0.621,0.901,-5.396,1,0.0302,0.17,0.0875,0.744,113.967,300773.0,4,74.0
0.654,0.506,-17.18,0,0.0535,0.686,0.155,0.831,123.179,4.204,4,76.0
0.518,0.465,-6.065,0,0.0383,0.407,0.175,0.183,141.867,277731.0,4,34.0
0.721,0.759,-7.9,0,0.208,0.0125,0.061,0.369,160.025,246000.0,4,30.0
0.529,0.714,-6.315,1,0.031,0.00901,0.0772,0.814,120.598,219800.0,4,52.0
0.504,0.939,-1.786,0,0.0554,0.133,0.626,0.741,118.09,175773.0,4,38.0
0.542,0.914,-4.747,0,0.113,0.0161,0.744,0.576,153.993,292093.0,4,78.0
0.575,0.843,-6.44,0,0.392,0.177,0.238,0.631,109.987,205091.0,4,33.0
0.615,0.56,-7.721,1,0.0389,0.442,0.132,0.502,131.859,227600.0,4,39.0
0.633,0.35,-12.982,1,0.0684,0.347,0.0604,0.222,123.468,6.330216667,4,27.0
0.285,0.542,-16.67,0,0.0669,0.771,0.497,0.383,107.762,108720.0,3,27.0
0.576,0.591,-9.959,1,0.027,0.191,0.0678,0.479,108.444,480800.0,4,41.0
0.711,0.772,-7.322,1,0.0665,0.183,0.0568,0.92,107.955,260267.0,4,24.0
0.615,0.401,-14.07,0,0.0507,0.203,0.086,0.672,87.959,264960.0,4,56.0
0.314,0.797,-9.026,1,0.038,0.0057,0.0718,0.569,145.393,351627.0,4,69.0
0.473,0.753,-4.878,0,0.1,0.549,0.168,0.87,169.695,3.4247,4,43.0
0.297,0.585,-11.217,0,0.0576,0.678,0.0778,0.366,117.525,4.502666667,4,18.0
0.396,0.473,-7.67,0,0.0345,0.326,0.109,0.385,133.449,219027.0,4,72.0
0.446,0.971,-3.25,1,0.263,0.000551,0.108,0.159,72.493,185379.0,4,43.0
0.755,0.556,-9.535,0,0.332,0.0481,0.297,0.504,140.028,185053.0,4,39.0
0.559,0.639,-9.845,1,0.0327,0.126,0.0928,0.857,118.925,277933.0,3,25.0
0.733,0.794,-10.023,1,0.0307,0.0614,0.33,0.931,148.174,348624.0,4,80.0
0.979,0.41,-11.056,0,0.112,0.658,0.205,0.74,119.971,3.002033333,4,3.0
0.598,0.662,-5.797,1,0.048,0.00301,0.0812,0.531,174.937,141207.0,4,67.0
0.438,0.449,-10.066,1,0.0439,0.907,0.179,0.608,129.037,8.4911,3,38.0
0.848,0.496,-7.738,1,0.0647,0.00079,0.0777,0.903,121.047,161653.0,4,42.0
0.383,0.868,-4.074,0,0.179,0.00146,0.3,0.688,180.077,198668.0,4,52.0
0.641,0.569,-13.311,0,0.0436,0.063,0.192,0.323,147.019,437551.0,4,33.0
0.621,0.552,-6.986,1,0.0242,0.464,0.0735,0.969,92.668,2.069116667,4,50.0
0.552,0.779,-4.151,1,0.0364,0.0419,0.364,0.541,100.28,214446.0,4,49.0
0.415,0.647,-12.021,0,0.0696,4.14e-05,0.208,0.409,163.047,166693.0,4,38.0
0.255,0.947,-4.14,1,0.071,0.000103,0.397,0.235,159.905,208974.0,4,44.0
0.482,0.402,-11.261,1,0.0472,0.228,0.0742,0.314,173.302,321494.0,3,35.0
0.556,0.767,-10.028,1,0.0345,0.123,0.133,0.397,81.933,260933.0,4,5.0
0.782,0.846,-5.69,1,0.0284,0.00415,0.0603,0.892,106.997,202160.0,4,35.0
0.226,0.908,-7.469,0,0.104,9.01e-05,0.251,0.245,170.359,274588.0,4,25.0
0.481,0.845,-4.657,0,0.0326,0.000447,0.103,0.332,130.126,194155.0,4,39.0
0.18,0.915,-6.855,1,0.0946,0.0224,0.0929,0.101,94.578,215360.0,1,54.0
0.407,0.704,-10.505,1,0.0361,0.0395,0.12,0.948,104.695,197125.0,4,36.0
0.392,0.964,-4.441,0,0.0644,7.13e-05,0.106,0.269,167.024,200547.0,4,74.0
0.653,0.638,-4.667,0,0.0684,0.00593,0.061,0.771,124.069,171707.0,4,33.0
0.562,0.314,-10.825,0,0.0825,0.634,0.151,0.546,104.648,205143.0,4,38.0
0.226,0.88,-6.96,1,0.0976,0.000304,0.258,0.341,88.184,309696.0,4,36.0
0.452,0.347,-10.989,1,0.0475,0.456,0.0953,0.388,75.001,12.56333333,4,18.0
0.678,0.558,-7.023,1,0.27,0.0376,0.235,0.451,155.129,137806.0,4,32.0
0.601,0.633,-8.723,1,0.504,0.629,0.679,0.601,80.812,182278.0,4,50.0
0.395,0.456,-15.065,0,0.0315,0.635,0.499,0.45,85.526,301824.0,4,27.0
0.396,0.495,-16.163,1,0.0324,0.221,0.392,0.231,150.062,108773.0,3,48.0
0.382,0.702,-4.865,0,0.0332,0.147,0.0985,0.485,163.982,249520.0,4,30.0
0.732,0.568,-8.929,1,0.279,0.395,0.34,0.591,97.943,229866.0,4,60.0
0.412,0.852,-4.345,0,0.0333,0.000257,0.0979,0.241,90.613,276107.0,4,40.0
0.73,0.428,-6.802,1,0.137,0.192,0.637,0.664,80.493,179479.0,4,39.0
0.272,0.977,-4.339,0,0.205,0.00013,0.0908,0.321,140.653,194040.0,4,24.0
0.792,0.707,-5.218,0,0.0623,0.116,0.12,0.408,134.997,224042.0,4,78.0
0.297,0.964,-5.716,1,0.13,9.77e-05,0.332,0.23,126.287,433000.0,4,37.0
0.524,0.265,-15.365,1,0.0282,0.933,0.186,0.218,106.487,4.8995,3,52.0
0.564,0.744,-7.485,1,0.0661,0.77,0.196,0.656,185.699,325960.0,4,45.0
0.666,0.474,-6.763,1,0.0534,0.157,0.124,0.447,115.911,185782.0,4,43.0
0.631,0.937,-3.858,0,0.034,0.0198,0.327,0.654,101.011,3.30445,4,62.0
0.506,0.957,-5.197,0,0.0612,0.00097,0.082,0.571,116.013,228360.0,4,43.0
0.49,0.776,-7.367,1,0.033,0.000239,0.0881,0.709,160.052,255520.0,4,43.0
0.82,0.62,-9.755,0,0.364,0.0384,0.114,0.898,120.009,193000.0,4,44.0
0.581,0.791,-7.262,1,0.0324,0.00835,0.142,0.619,123.887,256293.0,3,62.0
0.85,0.761,-7.328,1,0.0506,0.154,0.0787,0.746,120.929,263725.0,4,12.0
0.528,0.901,-7.724,1,0.0265,0.00677,0.128,0.665,154.938,209129.0,4,33.0
0.458,0.843,-7.201,1,0.0316,0.00135,0.778,0.713,105.701,228427.0,4,68.0
0.525,0.976,-2.023,1,0.0479,0.0662,0.0804,0.855,138.984,192695.0,4,51.0
0.605,0.621,-7.484,1,0.0323,0.445,0.104,0.864,105.535,7.617116667,4,37.0
0.484,0.802,-9.15,1,0.0339,0.00469,0.186,0.944,130.967,231332.0,4,13.0
0.522,0.88,-4.104,0,0.0633,9.38e-05,0.0812,0.701,174.762,219267.0,4,62.0
0.666,0.642,-6.385,1,0.0445,0.293,0.0873,0.427,165.076,153545.0,4,61.0
0.129,0.962,-4.327,1,0.0706,1.55e-06,0.0968,0.324,170.165,308253.0,4,26.0
0.817,0.753,-3.427,1,0.0497,0.0173,0.049,0.604,97.998,182449.0,4,47.0
0.26,0.837,-3.526,1,0.0455,0.00172,0.0604,0.486,185.972,121560.0,4,28.0
0.488,0.164,-14.138,0,0.0402,0.974,0.105,0.317,128.455,205176.0,4,53.0
0.729,0.672,-4.815,1,0.0351,0.00353,0.275,0.663,115.023,204633.0,4,55.0
0.682,0.471,-9.182,1,0.0301,0.765,0.0908,0.421,79.907,163133.0,4,75.0
0.656,0.723,-4.975,0,0.0262,0.0968,0.343,0.904,105.049,208233.0,4,53.0
0.397,0.367,-9.16,1,0.0363,0.586,0.103,0.524,178.975,216547.0,3,29.0
0.825,0.726,-6.953,0,0.265,0.241,0.122,0.389,133.006,188295.0,4,31.0
0.654,0.616,-9.803,1,0.0569,0.0704,0.198,0.759,123.437,317820.0,4,39.0
0.608,0.801,-6.045,1,0.0664,0.0043,0.316,0.373,180.084,239667.0,4,57.0
0.821,0.376,-13.622,1,0.0487,0.669,0.106,0.824,119.039,170000.0,4,55.0
0.577,0.72,-8.08,1,0.0421,0.0496,0.0977,0.465,150.085,199480.0,4,55.0
0.411,0.364,-15.335,1,0.0743,0.951,0.126,0.0685,95.967,391257.0,3,67.0
0.604,0.0518,-14.453,1,0.0506,0.82,0.119,0.399,133.217,183312.0,4,37.0
0.201,0.977,-5.218,1,0.278,9.27e-06,0.0969,0.0512,134.192,277693.0,4,48.0
0.328,0.447,-6.857,1,0.027,0.119,0.113,0.189,144.429,181613.0,3,49.0
0.611,0.792,-4.836,0,0.0327,4.04e-05,0.0587,0.477,92.609,318960.0,4,52.0
0.491,0.797,-5.212,0,0.0519,0.287,0.109,0.369,81.006,228090.0,4,19.0
0.366,0.888,-5.462,0,0.0382,0.000759,0.0648,0.748,184.992,298703.0,4,41.0
0.34,0.911,-6.196,0,0.0557,0.00161,0.597,0.173,104.427,202480.0,4,31.0
0.623,0.614,-9.24,0,0.0309,0.638,0.143,0.744,147.168,188413.0,4,53.0
0.563,0.922,-4.565,1,0.055,0.00254,0.141,0.0887,149.993,4.382483333,4,7.0
0.843,0.806,-5.946,0,0.269,0.143,0.0771,0.613,94.948,270507.0,4,82.0
0.552,0.765,-8.21,1,0.334,0.234,0.275,0.77,155.093,187386.0,4,47.0
0.358,0.557,-7.398,1,0.059,0.695,0.0902,0.494,85.043,211467.0,4,55.0
0.729,0.672,-4.815,1,0.0351,0.00353,0.275,0.663,115.023,204633.0,4,55.0
0.434,0.511,-6.433,1,0.0371,0.742,0.205,0.632,90.392,4.98955,3,11.0
0.701,0.425,-10.965,1,0.375,0.328,0.1,0.562,135.128,194088.0,4,87.0
0.544,0.951,-4.227,0,0.0784,0.00233,0.129,0.601,154.969,163925.0,4,44.0
0.703,0.313,-9.755,0,0.0484,0.667,0.131,0.547,101.036,180583.0,5,32.0
0.429,0.683,-7.297,1,0.038,0.000823,0.0801,0.0536,126.873,241890.0,4,55.0
0.342,0.926,-6.313,0,0.0939,3.96e-05,0.186,0.0972,147.313,396829.0,4,46.0
0.618,0.75,-6.938,0,0.0641,0.324,0.431,0.864,88.179,197525.0,4,58.0
0.487,0.954,-1.584,1,0.326,0.0798,0.163,0.596,202.532,272920.0,4,1.0
0.607,0.831,-5.195,0,0.0461,9.12e-05,0.266,0.335,125.037,194587.0,4,43.0
0.445,0.655,-7.402,0,0.0694,0.418,0.0829,0.62,108.406,185096.0,4,57.0
0.443,0.909,-3.995,1,0.031,0.0351,0.349,0.623,90.272,203720.0,4,28.0
0.596,0.932,-4.331,0,0.034,0.000943,0.229,0.839,93.057,142063.0,4,31.0
0.753,0.39,-7.294,0,0.0403,0.371,0.125,0.374,136.747,248387.0,4,54.0
0.632,0.542,-4.724,1,0.108,0.755,0.383,0.752,136.318,197947.0,4,29.0
0.683,0.488,-8.733,1,0.0266,0.605,0.13,0.424,113.387,3.095466667,4,31.0
0.778,0.899,-6.552,1,0.0451,0.0028,0.0263,0.881,119.995,204133.0,4,66.0
0.779,0.705,-5.891,0,0.163,0.00471,0.0971,0.196,140.005,192804.0,4,80.0
0.402,0.892,-5.857,0,0.0447,1.74e-06,0.162,0.423,94.982,269938.0,4,38.0
0.5,0.606,-7.988,0,0.0702,0.588,0.0871,0.251,159.956,160653.0,4,32.0
0.585,0.534,-7.802,1,0.0298,0.213,0.16,0.358,101.025,160347.0,4,40.0
0.42,0.116,-18.078,1,0.0419,0.943,0.124,0.142,120.071,4.650216667,4,55.0
0.567,0.666,-6.888,1,0.274,0.905,0.443,0.795,111.315,7.927683333,4,20.0
0.422,0.665,-9.552,0,0.0347,0.428,0.159,0.113,84.993,233160.0,4,18.0
0.476,0.381,-12.557,0,0.0312,0.285,0.0979,0.319,115.024,250467.0,4,26.0
0.321,0.662,-10.374,1,0.0349,0.00352,0.105,0.199,117.853,384867.0,4,43.0
0.124,0.0712,-24.035,1,0.0418,0.939,0.0801,0.0407,154.206,168230.0,3,35.0
0.5,0.528,-10.051,1,0.0276,0.044,0.0911,0.094,78.0,255385.0,4,28.0
0.694,0.774,-4.858,1,0.195,0.218,0.195,0.867,171.919,234907.0,4,18.0
0.564,0.63,-11.022,0,0.0668,0.107,0.0854,0.31,184.206,260557.0,4,51.0
0.318,0.808,-7.186,1,0.0703,0.000257,0.283,0.219,147.74,304613.0,4,48.0
0.457,0.559,-5.17,1,0.027,0.206,0.193,0.41,156.907,235947.0,3,63.0
0.615,0.616,-10.39,0,0.133,0.0399,0.348,0.836,170.776,235000.0,4,66.0
0.665,0.35,-9.426,1,0.028,0.508,0.109,0.467,87.061,126120.0,4,63.0
0.794,0.408,-11.661,0,0.102,0.788,0.105,0.576,93.916,3.019,4,61.0
0.421,0.335,-11.384,1,0.0324,0.0342,0.0944,0.0889,114.227,266493.0,4,63.0
0.384,0.995,-1.549,1,0.272,0.000519,0.787,0.209,159.957,159373.0,4,24.0
0.501,0.315,-13.706,1,0.0389,0.922,0.114,0.593,155.994,4.663816667,3,35.0
0.59,0.551,-6.693,0,0.0305,0.25,0.111,0.304,105.482,269829.0,4,50.0
0.198,0.964,-3.874,1,0.21,0.000245,0.172,0.191,163.424,214467.0,4,38.0
0.63,0.448,-14.446,1,0.0349,0.254,0.38,0.186,100.021,196747.0,1,43.0
0.596,0.727,-5.763,0,0.0405,0.00481,0.0554,0.678,135.091,178813.0,4,45.0
0.338,0.851,-4.193,1,0.0333,1.92e-05,0.0916,0.62,172.534,252170.0,4,31.0
0.601,0.532,-9.119,1,0.0286,0.432,0.0925,0.341,136.571,281613.0,4,82.0
0.51,0.731,-6.715,0,0.0343,0.164,0.363,0.227,95.955,302160.0,4,37.0
0.559,0.354,-12.5,0,0.0309,0.454,0.11,0.471,171.98,301525.0,4,42.0
0.549,0.287,-13.135,1,0.0362,0.373,0.115,0.382,132.439,3.85045,4,57.0
0.565,0.292,-13.124,1,0.0255,0.889,0.112,0.217,78.535,3.503633333,1,40.0
0.81,0.835,-10.18,1,0.0847,0.365,0.0523,0.948,125.67,239027.0,4,40.0
0.134,0.0174,-28.408,1,0.0535,0.973,0.0659,0.0551,170.917,5.709116667,3,35.0
0.391,0.577,-6.53,1,0.0324,0.488,0.0758,0.708,173.933,5.378216667,3,16.0
0.554,0.8,-3.936,1,0.0395,0.119,0.629,0.463,115.056,160120.0,4,75.0
0.252,0.978,-2.341,1,0.166,1.21e-05,0.408,0.563,86.754,217060.0,4,44.0
0.553,0.621,-7.474,0,0.0274,0.00591,0.347,0.425,95.055,276493.0,4,44.0
0.736,0.782,-6.171,1,0.0528,0.09,0.211,0.899,120.987,220227.0,4,53.0
0.543,0.342,-8.647,0,0.0292,0.502,0.106,0.153,117.934,229630.0,4,17.0
0.616,0.908,-6.867,0,0.0551,0.00194,0.0345,0.808,92.984,208332.0,4,38.0
0.413,0.881,-5.541,0,0.0367,5.99e-05,0.0805,0.364,158.066,250547.0,4,78.0
0.392,0.976,-2.189,1,0.107,0.000107,0.271,0.521,199.888,261680.0,4,61.0
0.299,0.811,-7.647,1,0.0948,0.068,0.459,0.709,89.986,7.54045,4,8.0
0.5,0.701,-6.261,0,0.0499,0.0302,0.307,0.159,123.985,199358.0,4,77.0
0.674,0.428,-9.504,1,0.122,0.121,0.132,0.337,84.878,190185.0,4,76.0
0.572,0.246,-13.668,1,0.0267,0.489,0.108,0.465,95.34,4.005583333,4,37.0
0.467,0.809,-5.2,0,0.0944,0.000506,0.337,0.336,180.001,204004.0,4,45.0
0.875,0.907,-11.434,0,0.166,0.0166,0.36,0.743,94.005,340133.0,4,45.0
0.659,0.288,-14.641,1,0.0848,0.895,0.213,0.882,93.444,3.802666667,4,11.0
0.31,0.718,-3.837,1,0.0706,0.179,0.336,0.274,185.561,280440.0,3,32.0
0.679,0.401,-13.766,1,0.0275,0.348,0.303,0.448,117.993,255148.0,4,48.0
0.858,0.873,-3.717,1,0.21,0.213,0.132,0.598,130.139,184827.0,4,27.0
0.666,0.501,-8.951,1,0.0298,0.0342,0.0904,0.487,122.021,222973.0,4,29.0
0.465,0.701,-4.809,1,0.0268,0.00506,0.207,0.216,75.427,370093.0,4,63.0
0.422,0.901,-6.655,0,0.0631,9.22e-05,0.56,0.673,112.445,194587.0,4,65.0
0.868,0.73,-7.478,0,0.337,0.332,0.141,0.947,140.091,164571.0,4,32.0
0.288,0.936,-6.148,1,0.0705,0.000621,0.21,0.332,103.706,276493.0,4,36.0
0.523,0.803,-5.189,0,0.045,0.579,0.0948,0.898,132.316,145293.0,4,63.0
0.463,0.31,-8.364,0,0.0386,0.473,0.218,0.463,124.25,193800.0,5,46.0
0.485,0.286,-12.266,1,0.0462,0.934,0.331,0.327,70.634,144107.0,4,41.0
0.338,0.521,-10.15,0,0.0341,0.0202,0.325,0.287,145.687,267427.0,4,47.0
0.563,0.593,-6.166,1,0.414,0.158,0.291,0.591,147.442,293159.0,4,38.0
0.336,0.739,-5.394,0,0.0481,0.0325,0.137,0.578,169.932,203653.0,4,35.0
0.888,0.841,-1.933,1,0.147,0.46,0.0568,0.964,149.994,120200.0,4,60.0
0.62,0.701,-8.241,0,0.0296,0.172,0.242,0.447,134.966,198573.0,4,50.0
0.871,0.397,-7.872,0,0.394,0.14,0.0681,0.486,88.167,239767.0,4,59.0
0.175,0.0483,-22.434,0,0.0471,0.975,0.143,0.0387,130.585,2.2702,4,25.0
0.574,0.351,-10.911,1,0.0549,0.153,0.103,0.319,80.578,4.709783333,4,32.0
0.399,0.744,-8.303,1,0.0455,8.44e-05,0.0497,0.125,91.918,353956.0,4,36.0
0.595,0.489,-6.947,0,0.0427,0.636,0.114,0.489,139.723,190500.0,4,54.0
0.576,0.97,-5.143,1,0.0507,0.214,0.262,0.965,158.111,212236.0,4,51.0
0.414,0.161,-22.32,0,0.0318,0.883,0.117,0.423,159.375,3.32488333,4,76.0
0.398,0.927,-4.212,1,0.0567,6.2e-05,0.0575,0.311,77.106,260027.0,4,70.0
0.449,0.978,-5.409,1,0.11,0.00176,0.351,0.151,177.952,378840.0,4,34.0
0.244,0.967,-3.01,0,0.0905,2.79e-06,0.0794,0.225,103.259,240293.0,4,26.0
0.748,0.492,-8.584,1,0.0498,0.151,0.146,0.483,145.097,144000.0,4,75.0
0.441,0.97,-2.1,0,0.0708,0.192,0.312,0.5,128.289,172671.0,4,57.0
0.288,0.696,-7.315,1,0.0436,0.00228,0.295,0.167,136.531,196053.0,4,48.0
0.428,0.804,-4.84,1,0.0564,0.0544,0.124,0.595,184.238,197232.0,4,41.0
0.578,0.374,-9.501,1,0.0279,0.281,0.114,0.449,175.867,247507.0,4,44.0
0.632,0.765,-4.577,1,0.0331,0.315,0.244,0.95,99.617,178907.0,4,33.0
0.553,0.68,-7.929,0,0.328,0.44,0.12,0.33,122.007,177197.0,5,60.0
0.604,0.501,-6.717,1,0.164,0.463,0.0989,0.909,68.988,178663.0,5,56.0
0.344,0.925,-4.157,1,0.0554,0.0106,0.0136,0.712,152.395,160280.0,4,56.0
0.448,0.546,-6.681,0,0.0272,0.518,0.147,0.335,133.435,242160.0,4,37.0
0.379,0.363,-13.502,1,0.0308,0.823,0.0951,0.411,60.564,275960.0,4,43.0
0.483,0.787,-5.422,0,0.21,0.339,0.236,0.592,84.81,182387.0,4,55.0
0.711,0.91,-3.896,0,0.0406,0.57,0.347,0.75,106.004,211954.0,4,28.0
0.411,0.813,-3.419,0,0.0598,0.00024,0.275,0.643,168.034,201827.0,4,40.0
0.368,0.521,-9.874,0,0.0258,0.36,0.339,0.468,91.433,193587.0,4,23.0
0.682,0.765,-5.021,0,0.0395,0.0268,0.188,0.567,90.807,182747.0,4,77.0
0.458,0.758,-6.193,0,0.0286,0.262,0.18,0.784,168.974,199133.0,4,38.0
0.657,0.785,-8.428,1,0.037,0.0301,0.0927,0.769,127.987,4.559783333,4,61.0
0.702,0.741,-5.33,1,0.0427,0.00544,0.337,0.646,124.925,3.12641667,4,95.0
0.603,0.946,-3.369,0,0.228,0.000335,0.0936,0.3,133.986,186520.0,4,40.0
0.504,0.315,-11.79,0,0.0286,0.775,0.112,0.27,101.298,3.6397,4,48.0
0.139,0.912,-1.884,1,0.0679,0.167,0.114,0.609,80.895,275000.0,4,39.0
0.536,0.763,-5.384,1,0.063,0.856,0.117,0.814,133.275,4.21435,4,8.0
0.776,0.57,-8.767,1,0.03,0.704,0.109,0.784,131.0,3.643383333,4,34.0
0.825,0.458,-7.47,1,0.0577,0.114,0.102,0.161,145.115,197760.0,4,79.0
0.354,0.549,-6.031,1,0.0384,0.715,0.124,0.319,174.223,181027.0,4,44.0
0.774,0.674,-6.362,1,0.072,0.022,0.0831,0.449,81.994,140488.0,4,40.0
0.633,0.376,-11.434,1,0.0277,0.822,0.0814,0.303,88.276,431933.0,4,42.0
0.399,0.222,-12.37,1,0.0545,0.994,0.104,0.29,85.134,2.7581,4,1.0
0.468,0.81,-8.33,1,0.0724,0.00169,0.567,0.464,145.589,216693.0,4,2.0
0.348,0.521,-5.617,1,0.0388,0.253,0.116,0.331,175.819,183480.0,4,43.0
0.616,0.438,-5.968,1,0.0298,0.356,0.24,0.386,135.929,3.55645,4,74.0
0.286,0.992,-2.333,1,0.21,0.000531,0.104,0.49,178.619,81573.0,4,16.0
0.683,0.54,-5.308,0,0.332,0.0114,0.127,0.432,140.217,164736.0,4,57.0
0.257,0.403,-17.972,1,0.0604,0.0131,0.126,0.0399,148.854,550633.0,4,29.0
0.465,0.256,-9.653,0,0.0787,0.947,0.102,0.341,168.353,124760.0,4,38.0
0.45,0.978,-4.198,0,0.0637,0.000124,0.361,0.268,155.014,262573.0,4,57.0
0.558,0.499,-8.182,1,0.0384,0.593,0.0755,0.217,80.178,318200.0,4,48.0
0.73,0.638,-5.32,0,0.0336,0.0999,0.131,0.893,103.049,3.44155,4,52.0
0.421,0.0162,-25.358,0,0.0388,0.808,0.0978,0.154,110.479,5.628883333,4,62.0
0.924,0.766,-4.092,0,0.256,0.051,0.0981,0.455,132.06,191713.0,4,53.0
0.842,0.734,-5.065,0,0.0588,0.0427,0.106,0.952,137.958,181027.0,4,83.0
0.553,0.937,-5.314,1,0.0447,0.00258,0.201,0.545,159.978,322512.0,4,24.0
0.435,0.798,-5.882,1,0.0327,0.000757,0.162,0.438,100.018,228053.0,4,36.0
0.333,0.373,-9.087,1,0.0481,0.936,0.246,0.434,78.08,5.156566667,3,1.0
0.354,0.994,-4.254,1,0.151,3.38e-05,0.0746,0.0761,203.921,233146.0,4,37.0
0.493,0.951,-5.138,1,0.0805,4.49e-05,0.101,0.375,143.041,208160.0,4,42.0
0.458,0.951,-4.936,1,0.075,0.000254,0.109,0.495,155.073,266467.0,4,37.0
0.493,0.527,-8.128,1,0.246,0.144,0.38,0.887,154.055,309000.0,4,39.0
0.885,0.594,-9.005,1,0.0936,0.431,0.131,0.841,111.997,151449.0,5,51.0
0.561,0.798,-4.619,0,0.0389,0.0219,0.109,0.422,93.028,131619.0,4,46.0
0.479,0.179,-18.337,1,0.0315,0.952,0.208,0.201,68.672,5.184483333,3,48.0
0.601,0.724,-6.769,0,0.48,0.0859,0.14,0.669,125.117,130542.0,5,34.0
0.569,0.249,-12.789,1,0.0421,0.96,0.0817,0.462,105.513,169348.0,4,4.0
0.831,0.66,-5.284,0,0.0301,0.362,0.0674,0.942,110.019,245580.0,4,52.0
0.542,0.465,-7.736,1,0.027,0.491,0.0737,0.464,74.911,207443.0,4,52.0
0.528,0.514,-11.909,1,0.133,0.0252,0.0725,0.44,122.872,290933.0,4,52.0
0.363,0.714,-5.743,0,0.19,0.195,0.184,0.631,75.155,224144.0,4,39.0
0.538,0.899,-5.426,1,0.105,0.000942,0.0385,0.267,159.941,154251.0,4,30.0
0.107,0.57,-7.209,0,0.0348,0.00378,0.449,0.159,80.74,297813.0,4,31.0
0.587,0.493,-14.927,1,0.0505,0.423,0.0909,0.451,161.222,354640.0,4,64.0
0.8,0.597,-9.082,1,0.203,0.0299,0.177,0.449,95.072,132300.0,4,52.0
0.604,0.258,-19.848,1,0.0398,0.982,0.175,0.413,103.019,302724.0,3,43.0
0.851,0.322,-11.078,0,0.323,0.293,0.168,0.503,129.93,187846.0,4,37.0
0.535,0.763,-10.16,0,0.0788,0.578,0.103,0.166,148.027,229502.0,4,45.0
0.839,0.793,-5.885,1,0.407,0.547,0.134,0.771,143.978,161344.0,4,56.0
0.375,0.777,-3.92,0,0.0407,6.51e-05,0.153,0.48,114.968,271560.0,4,54.0
0.897,0.466,-10.18,1,0.0478,0.556,0.119,0.522,104.944,175313.0,4,42.0
0.772,0.724,-5.799,0,0.307,0.0149,0.355,0.518,84.038,298600.0,4,56.0
0.62,0.494,-6.298,1,0.029,0.222,0.122,0.197,114.945,203078.0,4,31.0
0.433,0.182,-12.566,1,0.0641,0.907,0.123,0.421,207.476,201587.0,4,65.0
0.706,0.604,-6.932,1,0.303,0.418,0.242,0.361,82.03,165029.0,4,75.0
0.641,0.857,-7.572,1,0.0431,0.0388,0.339,0.781,150.0,188173.0,4,46.0
0.439,0.93,-7.056,1,0.0652,5e-05,0.212,0.383,83.992,224792.0,4,47.0
0.847,0.92,-7.261,0,0.287,0.0902,0.126,0.519,93.532,266027.0,4,44.0
0.455,0.202,-16.988,1,0.0277,0.687,0.104,0.0675,73.108,422067.0,3,14.0
0.22,0.972,-5.017,0,0.155,0.000162,0.335,0.0761,91.921,269381.0,3,46.0
0.354,0.321,-10.068,1,0.0314,0.862,0.0953,0.356,146.079,4.59378333,4,45.0
0.345,0.307,-13.97,1,0.031,0.834,0.101,0.483,176.666,287947.0,4,41.0
0.305,0.373,-10.742,0,0.0656,0.889,0.253,0.343,82.531,170250.0,5,1.0
0.634,0.909,-8.332,1,0.0289,0.171,0.102,0.816,103.398,268467.0,4,44.0
0.849,0.521,-12.999,0,0.216,0.304,0.115,0.763,95.265,248867.0,4,75.0
0.366,0.686,-7.004,1,0.048,0.318,0.239,0.611,84.01,435373.0,4,32.0
0.454,0.973,-2.884,0,0.139,0.0096,0.0911,0.563,93.914,301680.0,4,42.0
0.592,0.547,-13.09,1,0.0627,0.303,0.0709,0.736,133.581,145400.0,4,14.0
0.569,0.111,-18.174,1,0.0406,0.929,0.104,0.284,118.6,2.624,4,34.0
0.778,0.825,-6.73,0,0.105,0.00588,0.0659,0.725,133.015,306569.0,4,32.0
0.494,0.881,-4.773,1,0.037,0.0111,0.104,0.623,160.942,239467.0,4,50.0
0.468,0.419,-10.746,1,0.139,0.977,0.143,0.472,207.452,163213.0,3,6.0
0.756,0.211,-17.646,1,0.409,0.784,0.11,0.307,81.253,1.461783333,4,72.0
0.344,0.826,-5.971,0,0.195,0.67,0.0731,0.526,81.796,152000.0,4,33.0
0.456,0.353,-9.607,1,0.0349,0.874,0.107,0.335,124.318,4.267633333,3,19.0
0.563,0.126,-17.326,1,0.0315,0.858,0.132,0.103,104.959,3.759116667,4,49.0
0.785,0.424,-4.299,1,0.0952,0.00386,0.0724,0.757,118.977,149153.0,4,36.0
0.287,0.997,-3.124,1,0.107,0.00206,0.944,0.268,99.545,294627.0,4,24.0
0.645,0.623,-7.836,1,0.0359,0.566,0.204,0.624,95.968,229667.0,4,48.0
0.654,0.159,-15.9,1,0.0698,0.979,0.0911,0.322,129.481,169600.0,4,35.0
0.727,0.905,-5.274,0,0.0376,0.126,0.125,0.876,135.969,193227.0,3,40.0
0.459,0.677,-5.719,1,0.0626,0.0373,0.12,0.146,160.154,244500.0,4,41.0
0.602,0.329,-7.788,1,0.0285,0.81,0.126,0.135,111.986,246579.0,4,43.0
0.627,0.81,-4.971,1,0.284,0.314,0.546,0.637,100.136,252374.0,4,49.0
0.51,0.709,-7.86,1,0.0598,0.0125,0.0716,0.267,120.633,193952.0,3,51.0
0.635,0.875,-4.756,0,0.0306,0.11,0.0993,0.0485,111.005,223320.0,4,57.0
0.61,0.822,-4.422,1,0.0355,0.0171,0.093,0.437,93.993,3.62445,4,61.0
0.191,0.829,-3.381,0,0.0447,2.72e-05,0.362,0.191,116.007,276667.0,5,53.0
0.777,0.694,-9.237,0,0.0305,0.101,0.0763,0.801,124.022,187880.0,4,52.0
0.586,0.813,-5.126,0,0.0276,0.156,0.276,0.568,132.64,248467.0,4,23.0
0.138,0.883,-6.656,0,0.0885,0.000273,0.159,0.116,171.903,381133.0,5,16.0
0.595,0.158,-17.446,1,0.0576,0.752,0.139,0.392,135.968,173760.0,4,23.0
0.384,0.871,-4.034,1,0.04,0.00991,0.349,0.321,159.939,235613.0,4,51.0
0.395,0.774,-7.731,0,0.0433,0.346,0.0898,0.762,91.578,1284507.0,4,19.0
0.783,0.757,-6.166,0,0.188,0.158,0.0925,0.713,155.96,135334.0,5,37.0
0.446,0.997,-3.952,0,0.103,9.44e-05,0.391,0.104,155.108,246212.0,4,19.0
0.867,0.503,-8.431,1,0.0334,0.827,0.184,0.474,111.016,276760.0,4,51.0
0.693,0.871,-3.389,1,0.0844,0.00358,0.11,0.533,111.989,204853.0,4,59.0
0.84,0.766,-4.12,1,0.136,0.00302,0.0684,0.402,94.018,155884.0,4,89.0
0.282,0.939,-4.938,0,0.269,0.0037,0.162,0.201,150.058,236625.0,4,38.0
0.428,0.995,-2.53,1,0.0918,2.06e-05,0.305,0.123,103.24,362347.0,4,47.0
0.759,0.809,-7.886,0,0.293,0.0955,0.35,0.508,86.848,220800.0,4,50.0
0.488,0.775,-9.387,1,0.0567,0.0435,0.181,0.826,81.004,205506.0,4,37.0
0.391,0.808,-6.209,0,0.0892,0.0759,0.149,0.737,100.304,203507.0,4,74.0
0.471,0.436,-7.493,1,0.0546,0.688,0.0813,0.421,143.213,220972.0,4,41.0
0.706,0.56,-5.482,0,0.0777,0.246,0.0807,0.539,129.851,3.443116667,4,39.0
0.609,0.6,-9.005,1,0.0877,0.0183,0.0461,0.184,81.504,156074.0,4,32.0
0.58,0.265,-15.267,1,0.0317,0.796,0.11,0.583,154.595,189827.0,3,62.0
0.604,0.429,-7.237,1,0.0247,0.674,0.249,0.42,96.009,257720.0,4,22.0
0.373,0.862,-3.988,1,0.0383,4.78e-05,0.109,0.21,158.932,234707.0,4,39.0
0.861,0.82,-4.807,0,0.0728,0.032,0.0706,0.781,118.04,187571.0,4,67.0
0.797,0.582,-12.97,1,0.255,0.00484,0.517,0.415,105.974,282640.0,4,58.0
0.45,0.894,-6.033,1,0.0519,9.45e-06,0.421,0.339,128.04,208863.0,4,34.0
0.475,0.908,-5.519,1,0.0432,3.37e-05,0.339,0.374,95.018,219133.0,4,33.0
0.499,0.302,-15.15,1,0.0495,0.752,0.129,0.564,167.075,164507.0,4,40.0
0.639,0.678,-5.02,1,0.0278,0.44,0.221,0.531,106.966,3.53555,4,65.0
0.386,0.561,-5.879,1,0.0324,0.806,0.11,0.416,78.884,3.60618333,4,48.0
0.48,0.72,-5.607,1,0.0283,0.0116,0.114,0.383,76.54,279847.0,4,47.0
0.515,0.447,-10.533,1,0.0394,0.291,0.0923,0.184,76.575,264947.0,4,42.0
0.589,0.673,-7.344,0,0.0435,0.0916,0.112,0.508,135.011,327080.0,4,18.0
0.656,0.326,-15.756,1,0.0283,0.111,0.25,0.787,78.298,3.142216667,4,59.0
0.747,0.573,-6.562,0,0.295,0.268,0.302,0.551,90.036,142766.0,4,72.0
0.833,0.748,-5.963,1,0.229,0.0331,0.0728,0.484,119.925,140000.0,4,77.0
0.782,0.589,-7.37,1,0.0803,0.0476,0.0366,0.849,85.022,3.049333333,4,72.0
0.634,0.931,-4.768,0,0.267,0.159,0.0873,0.557,143.996,256667.0,4,30.0
0.686,0.452,-13.339,1,0.0914,0.54,0.059,0.833,106.944,209467.0,4,7.0
0.571,0.375,-12.281,1,0.0641,0.359,0.0963,0.599,153.573,195418.0,4,45.0
0.566,0.124,-18.166,0,0.0431,0.709,0.132,0.11,79.924,374440.0,4,56.0
0.672,0.934,-3.322,1,0.0333,0.0956,0.109,0.948,129.123,2.875116667,4,51.0
0.374,0.656,-11.757,1,0.045,0.475,0.118,0.476,100.597,285048.0,4,31.0
0.69,0.584,-8.864,1,0.0746,0.47,0.297,0.809,118.017,179693.0,3,48.0
0.688,0.926,-3.869,1,0.0927,0.00422,0.0765,0.609,140.016,211290.0,4,20.0
0.31,0.373,-10.775,1,0.0329,0.89,0.144,0.282,135.15,8.3397,1,23.0
0.364,0.729,-10.391,1,0.0334,2.05e-05,0.457,0.373,83.017,213479.0,4,22.0
0.476,0.706,-7.839,0,0.0289,0.379,0.877,0.368,114.858,227467.0,4,56.0
0.555,0.727,-4.694,1,0.0327,0.0507,0.287,0.13,156.0,4.068883333,4,2.0
0.604,0.594,-6.706,1,0.0259,0.757,0.148,0.333,109.931,192550.0,4,47.0
0.556,0.87,-4.816,0,0.166,0.162,0.0941,0.955,169.826,194564.0,4,28.0
0.37,0.601,-10.958,1,0.141,0.93,0.306,0.487,85.953,4.683783333,4,3.0
0.627,0.213,-12.634,1,0.0349,0.877,0.204,0.18,92.054,199463.0,4,60.0
0.76,0.652,-8.896,1,0.0311,0.137,0.11,0.398,119.978,185536.0,3,52.0
0.789,0.745,-9.841,1,0.418,0.565,0.0883,0.578,111.045,241834.0,4,43.0
0.493,0.617,-6.229,0,0.0384,0.492,0.258,0.597,145.974,208023.0,4,26.0
0.469,0.79,-6.889,1,0.0391,0.000148,0.282,0.466,107.45,381947.0,4,68.0
0.76,0.65,-9.233,1,0.189,0.00805,0.0772,0.581,87.433,354640.0,4,42.0
0.527,0.657,-6.333,0,0.196,0.321,0.591,0.556,124.075,337247.0,4,16.0
0.399,0.747,-10.62,1,0.0741,0.032,0.0688,0.597,181.964,233200.0,4,38.0
0.674,0.789,-6.903,1,0.0676,0.00178,0.0754,0.918,129.804,121160.0,4,76.0
0.562,0.63,-12.332,1,0.0255,0.0483,0.0926,0.402,99.369,5.664,4,51.0
0.448,0.945,-7.978,1,0.0394,0.0219,0.0254,0.437,111.705,373467.0,4,57.0
0.474,0.943,-1.973,0,0.0577,3.6e-05,0.364,0.423,103.441,202567.0,4,36.0
0.704,0.636,-6.029,1,0.0252,0.0344,0.35,0.89,111.845,193953.0,4,72.0
0.637,0.528,-9.837,1,0.0394,0.163,0.122,0.781,106.949,207573.0,4,64.0
0.312,0.975,-4.628,1,0.0853,0.000667,0.133,0.37,178.117,207547.0,4,50.0
0.495,0.537,-4.959,0,0.0296,0.754,0.633,0.171,132.395,3.731333333,3,45.0
0.485,0.898,-3.75,1,0.0568,0.000776,0.642,0.494,99.983,198680.0,4,56.0
0.533,0.802,-4.212,1,0.0384,0.001,0.314,0.293,106.969,258267.0,4,59.0
0.555,0.412,-6.284,1,0.0354,0.692,0.112,0.282,163.887,238995.0,3,52.0
0.817,0.595,-10.144,0,0.264,0.0207,0.155,0.383,92.931,253107.0,4,35.0
0.571,0.618,-4.966,1,0.0445,0.147,0.159,0.288,138.03,3.863866667,4,70.0
0.291,0.97,-2.839,0,0.382,0.00301,0.31,0.28,180.292,245027.0,4,53.0
0.536,0.969,-2.62,0,0.0915,0.43,0.082,0.805,84.881,239575.0,4,37.0
0.618,0.819,-4.979,1,0.0941,0.555,0.122,0.678,124.523,138978.0,4,40.0
0.323,0.804,-7.397,1,0.0369,7.35e-05,0.0957,0.384,144.756,943529.0,5,59.0
0.652,0.601,-7.988,1,0.0317,0.625,0.17,0.302,130.308,178840.0,4,53.0
0.414,0.632,-5.971,0,0.301,0.273,0.56,0.35,62.18,205130.0,4,36.0
0.483,0.858,-2.94,0,0.0346,0.0559,0.514,0.712,188.055,357419.0,4,57.0
0.587,0.613,-9.444,0,0.0341,0.000179,0.178,0.655,85.693,396333.0,4,52.0
0.347,0.117,-17.072,0,0.0549,0.936,0.134,0.46,173.601,179746.0,3,41.0
0.924,0.651,-3.894,1,0.124,0.0203,0.059,0.898,126.947,261920.0,4,51.0
0.925,0.859,-7.335,1,0.196,0.0347,0.2,0.967,140.034,197387.0,4,73.0
0.475,0.128,-17.601,0,0.0341,0.958,0.101,0.154,116.029,2.225366667,4,43.0
0.469,0.951,-4.222,1,0.111,0.0119,0.0976,0.283,149.976,254811.0,4,60.0
0.433,0.779,-5.72,0,0.0723,0.0319,0.922,0.315,169.897,551947.0,4,26.0
0.279,0.137,-11.45,1,0.0381,0.906,0.223,0.206,142.848,160169.0,3,57.0
0.426,0.819,-3.24,0,0.0295,0.00639,0.212,0.643,177.916,140189.0,4,47.0
0.495,0.553,-6.859,1,0.0397,0.0816,0.424,0.377,138.999,270160.0,4,41.0
0.667,0.467,-8.991,1,0.0499,0.851,0.272,0.905,136.676,144320.0,4,47.0
0.669,0.612,-8.525,1,0.122,0.0138,0.102,0.209,170.188,152000.0,4,46.0
0.592,0.54,-11.249,0,0.0587,0.692,0.0965,0.354,111.955,252027.0,4,75.0
0.419,0.916,-8.373,1,0.0604,9.2e-06,0.0751,0.495,128.981,175293.0,4,50.0
0.558,0.982,-2.99,0,0.117,0.00171,0.334,0.202,119.977,196000.0,4,36.0
0.353,0.971,-6.117,0,0.144,7.14e-05,0.0713,0.543,173.87,203107.0,4,25.0
0.567,0.159,-13.648,1,0.0331,0.914,0.111,0.436,146.913,2.63155,4,64.0
0.608,0.785,-5.346,0,0.0472,0.00173,0.0762,0.806,117.983,200733.0,4,65.0
0.421,0.716,-5.548,1,0.0367,0.00184,0.112,0.767,78.66,214224.0,4,38.0
0.606,0.923,-6.842,1,0.0661,0.000676,0.081,0.599,108.107,313067.0,4,41.0
0.384,0.992,-3.249,0,0.125,3.36e-05,0.565,0.0988,160.038,235640.0,4,52.0
0.522,0.363,-11.422,1,0.0285,0.709,0.0952,0.186,82.542,256747.0,3,12.0
0.393,0.132,-18.825,0,0.0321,0.0776,0.0956,0.293,87.168,464667.0,4,48.0
0.392,0.971,-2.05,0,0.0898,0.00795,0.177,0.24,159.822,241707.0,4,45.0
0.48,0.861,-6.836,1,0.0477,0.00329,0.0907,0.377,135.055,349653.0,4,52.0
0.397,0.969,-3.892,1,0.0463,1.52e-06,0.0513,0.702,134.289,218293.0,4,1.0
0.235,0.675,-8.739,1,0.041,0.0519,0.0999,0.584,184.723,424733.0,4,45.0
0.325,0.912,-3.39,0,0.0514,0.0016,0.132,0.652,132.609,205933.0,4,31.0
0.356,0.96,-3.487,1,0.104,0.0142,0.209,0.0857,125.921,204733.0,4,73.0
0.464,0.769,-8.48,1,0.0316,1.49e-05,0.213,0.397,120.096,269747.0,4,37.0
0.763,0.77,-3.507,1,0.299,0.0858,0.566,0.576,89.876,192000.0,4,28.0
0.565,0.587,-7.393,0,0.0317,0.0573,0.0416,0.966,147.462,198467.0,4,66.0
0.337,0.405,-10.535,0,0.0323,0.686,0.121,0.206,135.756,1090787.0,4,30.0
0.487,0.582,-10.795,1,0.0353,0.00949,0.0977,0.199,123.352,208773.0,4,20.0
0.548,0.345,-9.82,1,0.0262,0.187,0.125,0.387,78.007,139250.0,4,36.0
0.839,0.588,-7.441,0,0.043,0.199,0.661,0.439,107.954,194254.0,4,25.0
0.539,0.966,-5.02,1,0.433,0.0542,0.466,0.432,99.142,235533.0,4,43.0
0.451,0.103,-14.311,1,0.0341,0.969,0.123,0.261,78.478,5.505316667,4,10.0
0.629,0.459,-8.22,0,0.107,0.616,0.106,0.427,80.988,244444.0,4,33.0
0.274,0.726,-11.541,1,0.0449,0.000212,0.0993,0.426,146.449,422933.0,4,66.0
0.643,0.622,-10.569,0,0.0304,0.345,0.156,0.833,120.202,172067.0,4,14.0
0.588,0.976,-4.943,0,0.0615,0.0308,0.0928,0.592,101.811,268040.0,4,50.0
0.681,0.567,-9.229,1,0.0385,0.00152,0.112,0.941,152.624,5.55755,4,18.0
0.359,0.0686,-21.495,0,0.0345,0.916,0.104,0.0762,102.41,4.351033333,4,60.0
0.624,0.727,-7.194,1,0.0316,0.21,0.0999,0.193,116.039,3.10063333,4,35.0
0.61,0.548,-10.408,0,0.0555,0.775,0.425,0.413,103.983,202423.0,4,30.0
0.344,0.955,-10.614,1,0.0444,5.4e-06,0.0665,0.352,111.671,203680.0,4,48.0
0.893,0.537,-6.822,0,0.364,0.211,0.0599,0.588,140.038,178562.0,4,65.0
0.609,0.832,-5.284,1,0.039,0.425,0.17,0.654,105.023,226333.0,4,49.0
0.442,0.748,-10.139,1,0.0626,0.0429,0.0967,0.229,135.422,369221.0,4,27.0
0.397,0.0666,-20.405,1,0.0383,0.963,0.107,0.0389,137.313,174172.0,4,66.0
0.427,0.407,-9.665,1,0.0382,0.612,0.109,0.244,168.844,266467.0,4,57.0
0.444,0.648,-4.955,1,0.0476,0.288,0.059,0.171,125.706,189000.0,5,84.0
0.553,0.362,-11.218,0,0.0263,0.0458,0.075,0.158,142.352,388267.0,3,79.0
0.774,0.645,-5.531,1,0.321,0.197,0.22,0.415,76.552,183286.0,4,48.0
0.705,0.188,-13.843,0,0.372,0.223,0.104,0.145,139.815,247040.0,4,15.0
0.546,0.298,-10.78,1,0.0263,0.523,0.116,0.157,96.806,133608.0,4,34.0
0.472,0.366,-12.595,0,0.0286,0.15,0.0837,0.171,127.167,382297.0,4,73.0
0.504,0.597,-6.237,1,0.1,0.206,0.0949,0.557,117.974,230489.0,4,62.0
0.789,0.372,-14.553,1,0.0484,0.44,0.107,0.162,107.016,181500.0,4,28.0
0.554,0.367,-11.983,1,0.0382,0.848,0.0862,0.945,144.563,2.588666667,4,1.0
0.697,0.663,-6.0,0,0.0512,0.154,0.282,0.548,134.108,205027.0,4,45.0
0.53,0.123,-22.841,0,0.0294,0.978,0.111,0.334,100.696,3.374383333,4,53.0
0.725,0.66,-4.013,1,0.152,0.0684,0.105,0.734,132.949,202194.0,4,41.0
0.643,0.961,-5.298,1,0.0315,0.0196,0.948,0.96,124.027,3.42845,4,68.0
0.431,0.334,-9.88,1,0.032,0.651,0.147,0.0448,94.483,249429.0,4,43.0
0.579,0.668,-10.288,1,0.497,0.345,0.212,0.575,78.322,180027.0,1,42.0
0.458,0.99,-3.717,1,0.183,0.000285,0.454,0.46,166.904,211430.0,4,62.0
0.25,0.821,-7.694,1,0.075,0.000551,0.335,0.81,190.203,195827.0,4,43.0
0.544,0.917,-6.086,1,0.0788,0.0306,0.064,0.642,140.639,212693.0,4,55.0
0.673,0.577,-10.076,0,0.0359,0.0806,0.0811,0.856,94.936,182405.0,4,20.0
0.285,0.322,-16.58,0,0.044,0.366,0.107,0.142,134.042,1412451.0,4,57.0
0.649,0.672,-6.191,1,0.0552,0.0092,0.0757,0.305,123.004,192976.0,4,42.0
0.349,0.974,-4.724,1,0.197,0.00843,0.358,0.158,118.409,246733.0,3,43.0
0.635,0.793,-6.744,1,0.0375,0.106,0.189,0.775,96.042,257573.0,4,7.0
0.706,0.733,-5.477,0,0.0672,0.255,0.103,0.66,141.914,162387.0,4,67.0
0.51,0.9,-6.278,0,0.05,0.00569,0.285,0.381,130.067,210406.0,4,56.0
0.243,0.958,-3.348,1,0.0619,0.000192,0.702,0.426,95.252,184853.0,4,36.0
0.457,0.291,-13.43,1,0.0325,0.548,0.175,0.193,77.904,3.242666667,4,33.0
0.633,0.969,-6.112,1,0.0581,0.0113,0.123,0.603,138.946,255760.0,4,43.0
0.561,0.439,-12.044,1,0.0369,0.458,0.105,0.307,145.425,209839.0,3,49.0
0.652,0.483,-9.964,0,0.291,0.658,0.393,0.372,75.987,134881.0,4,67.0
0.747,0.708,-7.008,0,0.0722,0.0907,0.0842,0.915,139.944,159143.0,4,40.0
0.815,0.336,-15.521,0,0.0495,0.0738,0.0539,0.976,115.808,282667.0,4,33.0
0.646,0.697,-8.726,0,0.0542,0.0226,0.129,0.645,150.023,181608.0,4,36.0
0.296,0.533,-6.588,1,0.0318,0.0119,0.0908,0.107,137.991,339053.0,4,29.0
0.724,0.612,-10.86,0,0.0358,0.000175,0.185,0.494,138.728,226645.0,4,26.0
0.596,0.474,-11.263,1,0.0266,0.547,0.0928,0.379,112.983,220619.0,4,32.0
0.356,0.907,-6.446,0,0.0458,0.00051,0.0639,0.389,170.057,263204.0,4,36.0
0.338,0.356,-11.65,1,0.0325,0.874,0.121,0.493,79.298,5.145733333,4,26.0
0.71,0.696,-5.674,0,0.0415,0.0403,0.131,0.594,75.496,232247.0,4,33.0
0.171,0.055,-24.659,0,0.0437,0.833,0.158,0.054,96.665,6.968883333,4,20.0
0.332,0.737,-8.572,0,0.0349,0.00696,0.0519,0.761,183.333,144616.0,4,80.0
0.465,0.352,-11.768,1,0.03,0.846,0.134,0.164,74.895,224455.0,4,16.0
0.536,0.928,-6.492,0,0.0589,0.0154,0.2,0.389,136.258,248400.0,4,73.0
0.403,0.213,-7.731,1,0.0366,0.923,0.348,0.291,119.497,197053.0,4,2.0
0.461,0.811,-7.643,1,0.0349,0.129,0.108,0.214,150.016,244906.0,4,25.0
0.46,0.579,-5.857,0,0.0292,0.322,0.172,0.395,136.206,250053.0,4,33.0
0.497,0.89,-4.559,0,0.0445,0.00055,0.255,0.249,133.047,396440.0,4,64.0
0.279,0.928,-4.464,1,0.061,2.11e-06,0.217,0.299,159.939,148473.0,4,22.0
0.597,0.404,-9.832,0,0.0358,0.767,0.108,0.145,71.551,242667.0,4,37.0
0.503,0.342,-8.028,1,0.0375,0.857,0.0916,0.392,82.677,213080.0,4,51.0
0.469,0.759,-5.119,1,0.0409,0.000357,0.145,0.332,130.045,210629.0,4,36.0
0.649,0.353,-9.883,1,0.0352,0.0187,0.146,0.231,89.968,216840.0,4,28.0
0.769,0.348,-10.088,0,0.207,0.586,0.113,0.539,74.883,171333.0,4,49.0
0.858,0.561,-8.628,0,0.145,0.135,0.372,0.411,125.016,207915.0,4,31.0
0.561,0.789,-5.297,1,0.0401,0.000168,0.106,0.149,96.994,275960.0,4,43.0
0.535,0.612,-9.219,0,0.0333,0.328,0.125,0.163,92.477,251437.0,4,45.0
0.586,0.535,-11.517,1,0.0274,0.527,0.143,0.759,99.799,3.545116667,4,42.0
0.483,0.941,-4.083,0,0.109,2.66e-05,0.175,0.395,109.979,243693.0,4,39.0
0.586,0.675,-7.819,1,0.0776,0.26,0.144,0.473,143.92,3.32645,4,51.0
0.7,0.664,-8.211,1,0.0394,0.306,0.249,0.585,142.009,223066.0,4,79.0
0.533,0.362,-14.791,1,0.0244,0.478,0.0857,0.45,82.993,235224.0,4,63.0
0.457,0.523,-8.144,1,0.0355,0.376,0.199,0.382,116.047,319951.0,4,41.0
0.544,0.459,-8.821,1,0.0264,0.264,0.179,0.195,129.058,235747.0,3,35.0
0.575,0.914,-6.432,1,0.0731,0.397,0.455,0.854,127.029,260399.0,4,16.0
0.72,0.494,-7.779,0,0.0843,0.125,0.123,0.357,161.896,178000.0,3,44.0
0.717,0.866,-3.662,1,0.0474,0.248,0.385,0.734,154.889,129117.0,4,43.0
0.402,0.835,-6.367,1,0.043,0.0558,0.103,0.69,157.066,275933.0,4,56.0
0.778,0.713,-5.852,1,0.289,0.0452,0.0405,0.321,140.024,154253.0,4,55.0
0.863,0.586,-6.512,1,0.0617,0.0074,0.103,0.823,111.968,2.792666667,4,43.0
0.657,0.732,-10.007,1,0.0399,0.00146,0.146,0.835,106.213,184533.0,4,32.0
0.413,0.0771,-22.29,1,0.0381,0.956,0.257,0.099,124.912,4.64445,4,49.0
0.593,0.854,-6.023,1,0.039,0.0379,0.0749,0.295,105.004,194929.0,4,33.0
0.583,0.587,-6.44,1,0.0421,0.521,0.115,0.31,118.005,3.764,4,36.0
0.797,0.872,-6.727,0,0.0575,0.291,0.284,0.866,129.885,222427.0,4,72.0
0.415,0.853,-11.098,1,0.038,0.0107,0.536,0.302,148.494,197013.0,4,58.0
0.49,0.508,-10.719,1,0.0318,0.471,0.077,0.0844,93.022,4.301083333,4,24.0
0.424,0.83,-5.298,1,0.028,0.000307,0.36,0.544,101.596,181608.0,4,45.0
0.526,0.646,-4.113,1,0.0351,0.159,0.1,0.473,147.675,257853.0,4,37.0
0.588,0.881,-4.62,1,0.0666,0.000252,0.326,0.709,129.947,209093.0,4,66.0
0.324,0.976,-5.231,1,0.12,0.000113,0.293,0.463,166.939,231938.0,4,56.0
0.572,0.285,-12.367,1,0.0316,0.789,0.0944,0.168,88.012,3.35226667,4,56.0
0.433,0.914,-8.137,1,0.041,5.99e-06,0.0742,0.789,173.985,257184.0,4,30.0
0.378,0.953,-3.632,1,0.138,0.000719,0.0936,0.512,167.808,200347.0,4,57.0
0.356,0.849,-5.59,1,0.0399,0.000256,0.115,0.306,133.166,508307.0,4,44.0
0.449,0.142,-18.201,1,0.0421,0.945,0.111,0.131,112.211,4.845166667,4,59.0
0.528,0.864,-5.702,0,0.0441,0.000332,0.0702,0.159,126.012,274286.0,4,50.0
0.634,0.737,-5.135,0,0.0303,0.267,0.252,0.613,99.386,242916.0,4,26.0
0.727,0.974,-2.261,0,0.0664,0.103,0.174,0.965,79.526,235213.0,4,80.0
0.565,0.382,-7.698,1,0.026,0.24,0.0864,0.474,142.064,194577.0,4,31.0
0.786,0.722,-9.029,0,0.0616,0.0481,0.111,0.566,98.008,178776.0,4,37.0
0.534,0.744,-9.455,1,0.0337,0.0572,0.166,0.344,100.721,235000.0,4,16.0
0.425,0.643,-7.626,1,0.0316,0.000446,0.149,0.165,136.019,293293.0,4,45.0
0.592,0.749,-6.165,0,0.0295,0.000618,0.166,0.799,127.038,192921.0,4,29.0
0.27,0.736,-8.351,0,0.0388,0.0013,0.401,0.82,147.251,290947.0,4,25.0
0.664,0.621,-6.521,1,0.0671,0.162,0.353,0.489,89.566,205613.0,4,49.0
0.724,0.603,-6.261,0,0.0317,0.183,0.0948,0.569,111.493,240880.0,4,72.0
0.121,0.147,-16.843,0,0.0384,0.93,0.158,0.0366,74.451,265873.0,5,51.0
0.629,0.581,-11.856,1,0.027,0.513,0.0755,0.359,97.074,5.64666667,4,65.0
0.542,0.561,-10.013,0,0.53,0.126,0.0931,0.527,73.969,183078.0,4,58.0
0.795,0.655,-3.815,1,0.0422,0.076,0.296,0.744,93.029,215891.0,4,89.0
0.541,0.803,-4.494,1,0.036,0.521,0.0786,0.814,84.982,202846.0,4,62.0
0.115,0.257,-14.611,0,0.0349,0.805,0.184,0.0725,93.784,530894.0,4,55.0
0.69,0.712,-3.597,0,0.0703,0.0275,0.122,0.665,97.989,3.92155,4,36.0
0.601,0.589,-6.358,1,0.0275,0.602,0.249,0.303,96.972,229227.0,3,14.0
0.498,0.817,-4.165,1,0.0451,0.000516,0.392,0.402,124.093,276667.0,4,34.0
0.852,0.73,-9.918,1,0.041,0.157,0.799,0.946,105.017,6.260616667,4,43.0
0.692,0.301,-14.094,0,0.0403,0.938,0.11,0.713,92.059,172042.0,4,24.0
0.474,0.274,-16.446,0,0.0309,0.98,0.11,0.326,62.969,4.171816667,4,37.0
0.568,0.482,-11.23,0,0.0446,0.0294,0.545,0.548,111.939,7.233133333,4,21.0
0.786,0.57,-7.193,0,0.0329,0.241,0.123,0.903,111.992,155427.0,4,39.0
0.339,0.976,-2.9,1,0.188,0.102,0.556,0.402,88.473,218304.0,4,20.0
0.577,0.474,-8.976,1,0.0293,0.518,0.099,0.582,146.03,193107.0,4,35.0
0.758,0.821,-6.911,1,0.275,0.173,0.042,0.878,105.896,298019.0,4,20.0
0.546,0.945,-4.399,1,0.0531,0.000311,0.724,0.545,135.128,153613.0,4,67.0
0.266,0.294,-11.938,0,0.0291,0.771,0.107,0.0397,137.941,811077.0,3,66.0
0.674,0.672,-5.507,0,0.264,0.139,0.0868,0.559,180.115,160448.0,4,59.0
0.469,0.705,-5.134,1,0.0458,0.0304,0.659,0.137,122.025,350187.0,4,52.0
0.428,0.599,-2.135,1,0.0286,0.0665,0.137,0.134,125.83,301730.0,4,59.0
0.245,0.96,-3.465,1,0.216,0.0514,0.0922,0.145,175.968,148867.0,4,42.0
0.427,0.666,-8.276,1,0.0318,0.0211,0.203,0.526,164.96,214475.0,4,42.0
0.469,0.92,-4.03,1,0.0685,0.00302,0.329,0.379,110.988,286810.0,4,44.0
0.169,0.55,-9.754,0,0.0938,0.0115,0.106,0.0382,124.849,316228.0,3,23.0
0.63,0.748,-11.289,1,0.0487,0.0264,0.644,0.783,112.176,222627.0,4,22.0
0.601,0.912,-2.001,0,0.0439,0.169,0.274,0.641,115.0,111893.0,4,21.0
0.433,0.971,-5.083,0,0.111,2.15e-05,0.372,0.146,114.922,215441.0,4,27.0
0.262,0.951,-3.917,1,0.065,0.0043,0.172,0.315,166.418,242647.0,4,27.0
0.787,0.422,-8.552,1,0.0569,0.287,0.3,0.607,87.018,176667.0,4,53.0
0.648,0.867,-5.184,1,0.142,0.0849,0.321,0.874,164.399,235394.0,4,34.0
0.62,0.849,-6.582,0,0.0394,0.149,0.109,0.891,149.998,221554.0,4,42.0
0.166,0.0286,-28.399,1,0.0389,0.977,0.103,0.0517,91.62,5.063333333,4,32.0
0.574,0.677,-8.009,0,0.0638,0.476,0.0877,0.661,169.899,6.108666667,4,28.0
0.8,0.748,-10.781,0,0.0893,0.00454,0.576,0.0961,120.028,339079.0,4,18.0
0.716,0.64,-8.726,1,0.025,0.565,0.127,0.485,105.012,4.342283333,4,64.0
0.489,0.962,-5.497,0,0.105,0.000414,0.252,0.34,160.055,210000.0,4,48.0
0.564,0.292,-12.407,1,0.0397,0.912,0.087,0.508,94.918,4.213283333,4,31.0
0.482,0.368,-13.35,1,0.307,0.344,0.0489,0.62,197.807,203907.0,4,34.0
0.493,0.627,-9.554,1,0.0443,0.73,0.153,0.829,117.035,212093.0,4,28.0
0.6,0.716,-8.693,1,0.0347,0.00773,0.108,0.741,136.484,236560.0,4,45.0
0.47,0.978,-5.661,1,0.0645,0.00278,0.879,0.815,163.02,246160.0,4,34.0
0.487,0.146,-20.742,1,0.0366,0.982,0.117,0.109,114.488,3.421783333,4,55.0
0.236,0.971,-3.98,0,0.0987,0.000759,0.172,0.403,159.001,239960.0,4,59.0
0.521,0.887,-4.474,1,0.0375,0.0228,0.198,0.739,87.047,202908.0,4,20.0
0.672,0.395,-12.655,0,0.0328,0.887,0.139,0.287,104.722,3.3777,4,36.0
0.666,0.992,-6.701,1,0.25,0.0111,0.22,0.0806,152.589,413880.0,4,61.0
0.759,0.852,-6.535,0,0.0448,0.774,0.0917,0.889,80.619,306533.0,4,49.0
0.714,0.594,-8.379,1,0.0404,0.246,0.0818,0.395,101.127,173465.0,4,42.0
0.491,0.907,-6.087,0,0.0511,0.011,0.0643,0.535,139.889,203613.0,4,38.0
0.621,0.766,-1.73,0,0.0392,0.433,0.323,0.612,138.974,153784.0,4,51.0
0.447,0.733,-6.186,1,0.0283,0.0151,0.209,0.419,180.036,177772.0,4,27.0
0.769,0.632,-4.956,1,0.138,0.652,0.125,0.533,110.058,228000.0,4,44.0
0.338,0.896,-11.876,0,0.0619,0.312,0.358,0.0918,126.008,220741.0,4,9.0
0.858,0.544,-9.289,1,0.0751,0.583,0.0707,0.874,108.217,2.77133333,4,73.0
0.442,0.677,-9.76,1,0.144,0.513,0.282,0.649,123.31,762667.0,4,32.0
0.812,0.722,-5.736,0,0.0725,0.176,0.325,0.855,97.925,168980.0,4,34.0
0.862,0.707,-6.742,1,0.0324,0.0947,0.124,0.863,122.21,268160.0,4,47.0
0.634,0.845,-5.058,0,0.352,0.00602,0.0598,0.929,94.0,237027.0,4,67.0
0.618,0.746,-6.917,0,0.0322,0.684,0.0995,0.683,124.031,318107.0,1,13.0
0.19,0.971,-5.581,1,0.224,0.000152,0.0548,0.115,96.523,228587.0,4,31.0
0.447,0.751,-5.065,0,0.0422,0.324,0.174,0.174,124.151,330413.0,4,35.0
0.674,0.493,-6.821,1,0.0318,0.397,0.101,0.35,124.941,255785.0,3,32.0
0.638,0.912,-5.229,0,0.0682,0.000304,0.113,0.725,138.02,258107.0,4,48.0
0.584,0.684,-4.314,0,0.567,0.312,0.112,0.72,210.164,213573.0,4,75.0
0.534,0.969,-3.378,1,0.0535,0.000359,0.269,0.598,75.005,376920.0,4,54.0
0.391,0.0939,-25.725,0,0.0531,0.982,0.107,0.101,127.162,2.3773,4,43.0
0.533,0.768,-5.217,1,0.0589,0.00165,0.29,0.653,121.75,142320.0,4,31.0
0.607,0.333,-12.717,1,0.0324,0.000968,0.151,0.0802,126.619,250293.0,4,54.0
0.572,0.896,-4.282,0,0.0333,0.0013,0.113,0.442,126.022,188095.0,4,26.0
0.858,0.442,-10.549,1,0.263,0.000797,0.115,0.224,135.953,98827.0,4,35.0
0.245,0.922,-4.154,0,0.0738,2.53e-06,0.108,0.533,177.041,200813.0,4,40.0
0.606,0.554,-8.875,0,0.299,0.714,0.159,0.654,139.355,210429.0,4,15.0
0.431,0.284,-11.858,1,0.0432,0.871,0.0899,0.229,98.317,204067.0,1,67.0
0.251,0.962,-2.481,1,0.114,9.37e-05,0.344,0.0769,95.941,162334.0,4,39.0
0.669,0.627,-5.415,0,0.0622,0.216,0.158,0.643,180.043,196302.0,4,41.0
0.883,0.658,-6.162,1,0.31,0.371,0.134,0.658,143.028,152323.0,4,57.0
0.651,0.533,-8.726,1,0.0592,0.131,0.158,0.573,79.538,274424.0,4,64.0
0.399,0.91,-5.285,1,0.0482,0.000125,0.196,0.537,175.978,216987.0,4,37.0
0.618,0.441,-6.074,1,0.0266,0.0553,0.113,0.0894,116.2,318200.0,3,48.0
0.81,0.611,-7.978,0,0.221,0.155,0.0739,0.679,119.956,189809.0,4,63.0
0.667,0.381,-7.494,1,0.0294,0.455,0.116,0.199,135.975,4.564883333,4,68.0
0.354,0.615,-11.288,1,0.0888,0.81,0.657,0.599,143.758,5.478216667,4,25.0
0.678,0.552,-7.915,0,0.374,0.528,0.135,0.603,83.951,124834.0,4,59.0
0.595,0.579,-7.253,0,0.397,0.0146,0.379,0.485,129.766,129242.0,5,31.0
0.764,0.961,-3.658,1,0.0559,0.172,0.0473,0.432,126.008,351095.0,4,26.0
0.731,0.893,-2.836,0,0.0496,0.185,0.194,0.792,124.993,253440.0,4,26.0
0.321,0.803,-4.752,1,0.0398,0.00168,0.0896,0.418,179.869,231180.0,4,31.0
0.292,0.823,-6.763,1,0.0407,0.0117,0.155,0.244,89.939,275395.0,4,70.0
0.582,0.962,-3.037,1,0.0542,0.0096,0.283,0.506,123.971,180640.0,4,70.0
0.401,0.708,-6.816,1,0.0489,0.0577,0.0679,0.486,149.914,4.96,3,23.0
0.5,0.9,-3.654,1,0.0863,0.000375,0.381,0.632,159.826,182953.0,4,32.0
0.398,0.89,-2.248,0,0.0473,0.0252,0.0472,0.572,95.095,212938.0,4,68.0
0.458,0.863,-4.876,0,0.0336,0.0161,0.345,0.654,146.224,190960.0,4,51.0
0.586,0.616,-7.964,1,0.0324,0.182,0.0927,0.719,148.088,4.03493333,4,92.0
0.67,0.716,-8.097,1,0.0656,0.000318,0.107,0.777,91.136,273240.0,4,26.0
0.56,0.959,-5.493,1,0.0652,0.245,0.531,0.618,103.006,299685.0,4,51.0
0.717,0.866,-3.662,1,0.0474,0.248,0.385,0.734,154.889,129117.0,4,43.0
0.748,0.715,-4.987,0,0.0605,0.108,0.1,0.688,102.991,159066.0,4,39.0
0.511,0.674,-9.536,1,0.0274,0.117,0.129,0.663,173.949,283371.0,4,44.0
0.529,0.555,-10.687,1,0.0566,0.0265,0.676,0.632,109.579,590720.0,4,21.0
0.551,0.714,-5.691,0,0.0383,0.00911,0.353,0.0517,84.959,240517.0,4,36.0
0.401,0.933,-5.682,1,0.0344,0.00744,0.318,0.734,127.193,310893.0,4,65.0
0.499,0.627,-8.04,0,0.0309,0.0243,0.0799,0.241,119.889,238910.0,4,33.0
0.674,0.522,-7.77,1,0.0275,0.669,0.116,0.59,96.974,3.90823333,4,43.0
0.433,0.7,-8.197,1,0.163,0.843,0.102,0.8,80.623,176186.0,4,49.0
0.474,0.0964,-15.87,0,0.0406,0.961,0.134,0.272,97.595,4.424,4,44.0
0.436,0.876,-4.902,0,0.0647,3.33e-05,0.205,0.512,157.044,255080.0,4,65.0
0.831,0.727,-3.657,0,0.169,0.447,0.111,0.703,125.068,213080.0,4,79.0
0.374,0.991,-1.101,1,0.0813,0.38,0.0929,0.51,95.105,163293.0,4,59.0
0.527,0.716,-6.029,0,0.0616,0.0698,0.0737,0.331,99.426,281347.0,4,58.0
0.543,0.911,-4.077,1,0.0291,0.00119,0.0857,0.376,130.259,179893.0,4,32.0
0.644,0.432,-5.722,1,0.0323,0.758,0.109,0.472,93.966,192600.0,4,47.0
0.429,0.668,-7.539,0,0.044,0.208,0.538,0.398,77.737,211067.0,4,64.0
0.558,0.924,-4.341,0,0.064,0.0271,0.537,0.567,151.99,186827.0,4,72.0
0.537,0.371,-12.68,1,0.0289,0.634,0.0928,0.299,143.839,252770.0,4,39.0
0.503,0.906,-4.627,1,0.0538,0.000553,0.127,0.723,151.001,243249.0,4,43.0
0.529,0.932,-7.501,1,0.0488,0.00251,0.136,0.571,138.158,201693.0,4,72.0
0.476,0.715,-10.623,1,0.0386,0.741,0.155,0.791,78.936,155973.0,4,23.0
0.477,0.887,-4.272,1,0.0626,7.68e-05,0.0588,0.387,119.948,206427.0,4,45.0
0.42,0.79,-7.824,0,0.06,0.00384,0.0943,0.507,137.968,170760.0,4,33.0
0.633,0.788,-4.075,0,0.127,0.0111,0.0582,0.412,134.13,161617.0,4,63.0
0.644,0.467,-9.398,1,0.0385,0.502,0.231,0.69,79.022,268007.0,4,60.0
0.6,0.849,-5.788,0,0.0376,0.0174,0.0745,0.257,140.002,305571.0,1,55.0
0.454,0.387,-10.159,0,0.0417,0.406,0.0783,0.686,97.995,205533.0,4,28.0
0.507,0.883,-4.465,0,0.0411,0.0179,0.265,0.689,90.025,241640.0,4,42.0
0.408,0.582,-8.305,1,0.0508,0.218,0.159,0.365,114.926,230000.0,5,70.0
0.721,0.559,-8.152,1,0.0309,0.00256,0.223,0.397,91.015,139301.0,4,57.0
0.402,0.76,-8.138,0,0.0386,1.05e-05,0.0791,0.199,74.999,300503.0,4,48.0
0.712,0.895,-4.212,0,0.254,0.181,0.108,0.727,96.338,285413.0,4,48.0
0.354,0.689,-3.504,1,0.0385,0.16,0.14,0.41,137.444,175109.0,3,17.0
0.505,0.928,-5.457,0,0.0319,0.000193,0.205,0.513,138.023,170080.0,4,47.0
0.443,0.459,-8.955,1,0.074,0.546,0.307,0.565,87.064,3.30618333,5,78.0
0.456,0.834,-6.685,1,0.0328,0.225,0.126,0.9,114.817,174093.0,4,19.0
0.732,0.835,-3.279,0,0.0819,0.335,0.0354,0.892,80.696,263400.0,4,56.0
0.605,0.601,-14.501,0,0.0838,0.959,0.527,0.88,138.213,167146.0,4,4.0
0.525,0.619,-8.096,0,0.0242,0.127,0.172,0.381,92.501,351760.0,4,47.0
0.498,0.939,-6.022,1,0.119,4.68e-05,0.243,0.348,157.979,181280.0,4,45.0
0.506,0.637,-10.392,1,0.0422,8.18e-06,0.0876,0.317,136.993,275733.0,4,44.0
0.674,0.789,-6.903,1,0.0676,0.00178,0.0754,0.918,129.804,121160.0,4,76.0
0.629,0.208,-16.225,1,0.0324,0.824,0.107,0.685,96.609,215564.0,4,66.0
0.344,0.891,-5.937,1,0.062,0.000107,0.0763,0.692,147.382,378070.0,4,30.0
0.66,0.578,-5.27,1,0.0301,0.0248,0.119,0.587,110.976,179884.0,4,26.0
0.618,0.823,-4.76,1,0.0447,0.0132,0.288,0.58,82.004,171880.0,4,77.0
0.556,0.849,-8.967,1,0.0443,0.00107,0.154,0.456,91.19,409440.0,4,38.0
0.727,0.431,-10.007,0,0.0937,0.173,0.0813,0.157,94.95,208681.0,4,58.0
0.546,0.475,-5.569,0,0.0267,0.473,0.117,0.202,93.856,234463.0,4,33.0
0.208,0.498,-3.294,1,0.0533,0.000402,0.357,0.0382,124.635,453440.0,4,43.0
0.609,0.681,-11.491,1,0.0394,0.0999,0.0422,0.895,172.609,4.527783333,4,46.0
0.469,0.653,-7.101,0,0.0512,0.00131,0.304,0.107,145.084,251293.0,4,35.0
0.468,0.964,-5.384,0,0.0931,0.00914,0.35,0.185,95.035,219185.0,4,43.0
0.823,0.844,-4.953,0,0.249,0.0868,0.29,0.456,94.99,150316.0,4,42.0
0.53,0.701,-8.572,1,0.0827,0.347,0.09,0.421,172.813,267093.0,4,31.0
0.197,0.914,-5.982,0,0.0777,1.49e-05,0.164,0.604,200.038,268076.0,4,43.0
0.764,0.661,-8.276,1,0.0526,0.0203,0.179,0.479,92.018,226587.0,4,60.0
0.278,0.834,-10.08,0,0.105,0.113,0.192,0.118,133.523,461307.0,5,28.0
0.333,0.972,-3.323,0,0.123,0.000273,0.104,0.137,169.806,185120.0,4,56.0
0.719,0.415,-8.983,1,0.0902,0.558,0.293,0.463,160.02,183109.0,4,64.0
0.427,0.262,-8.541,1,0.0276,0.746,0.068,0.228,104.085,224867.0,4,78.0
0.417,0.747,-8.742,1,0.0331,0.00033,0.368,0.342,86.982,208994.0,4,33.0
0.533,0.838,-5.625,0,0.0837,0.0251,0.318,0.722,80.049,179690.0,4,1.0
0.276,0.658,-5.418,1,0.0329,0.0836,0.161,0.16,172.326,259133.0,4,61.0
0.758,0.378,-15.308,0,0.0449,0.284,0.049,0.985,120.736,223867.0,4,71.0
0.437,0.926,-6.056,1,0.0751,0.000586,0.099,0.751,169.937,180373.0,4,43.0
0.702,0.578,-13.415,1,0.031,0.382,0.0425,0.975,111.617,6.06066667,4,68.0
0.359,0.518,-3.537,1,0.0302,0.665,0.106,0.135,76.572,3.774883333,4,62.0
0.396,0.379,-14.236,1,0.043,0.382,0.105,0.368,114.447,3.34155,3,55.0
0.712,0.629,-6.461,1,0.0365,0.0181,0.126,0.407,97.486,201973.0,4,42.0
0.632,0.562,-7.794,1,0.0248,0.44,0.153,0.297,97.991,280813.0,4,51.0
0.468,0.692,-4.015,1,0.0295,0.0202,0.523,0.561,78.009,200360.0,4,68.0
0.654,0.784,-4.906,1,0.0418,0.000314,0.0775,0.545,116.996,197565.0,4,41.0
0.648,0.528,-10.335,1,0.0296,0.419,0.126,0.731,86.017,216000.0,4,46.0
0.653,0.76,-6.086,1,0.0479,0.475,0.0917,0.6,98.008,308733.0,4,65.0
0.528,0.428,-12.206,1,0.026,0.133,0.117,0.161,96.187,347867.0,4,41.0
0.577,0.814,-5.694,1,0.0316,0.209,0.0765,0.783,174.027,175427.0,4,1.0
0.602,0.711,-9.887,0,0.0438,0.166,0.1,0.646,121.875,286000.0,4,40.0
0.59,0.853,-7.546,0,0.044,0.0581,0.334,0.188,160.003,254453.0,4,30.0
0.806,0.6,-11.02,1,0.0535,0.0251,0.0408,0.932,113.544,214227.0,4,41.0
0.491,0.817,-9.656,1,0.0644,0.129,0.275,0.895,156.248,177893.0,3,25.0
0.402,0.0943,-16.791,1,0.036,0.653,0.388,0.175,117.173,243893.0,4,27.0
0.289,0.238,-12.244,1,0.0326,0.0421,0.109,0.187,81.264,282493.0,3,54.0
0.361,0.302,-7.403,1,0.0359,0.854,0.104,0.365,144.247,170047.0,4,1.0
0.461,0.466,-10.561,1,0.0557,0.781,0.698,0.533,106.672,640733.0,4,28.0
0.369,0.562,-7.778,1,0.045,0.115,0.75,0.347,165.377,4.270666667,3,30.0
0.764,0.759,-5.443,0,0.0413,0.00903,0.0746,0.937,128.999,234240.0,4,60.0
0.574,0.721,-9.826,0,0.0519,0.69,0.324,0.921,148.238,7.138216667,3,30.0
0.762,0.902,-3.409,0,0.031,0.151,0.11,0.954,120.021,252173.0,4,33.0
0.878,0.951,-5.077,1,0.069,0.0317,0.0614,0.607,111.334,325133.0,4,50.0
0.684,0.638,-8.279,0,0.0585,0.393,0.103,0.692,126.959,203240.0,4,62.0
0.235,0.732,-17.339,0,0.146,0.978,0.547,0.0688,88.027,130489.0,4,5.0
0.434,0.596,-10.013,0,0.16,0.518,0.122,0.139,89.0,321204.0,4,60.0
0.719,0.648,-7.6,0,0.125,0.2,0.127,0.66,140.201,123263.0,4,85.0
0.565,0.644,-8.116,1,0.0696,0.426,0.264,0.633,97.716,452773.0,4,60.0
0.477,0.0775,-19.338,0,0.0481,0.927,0.112,0.205,115.488,5.926666667,4,40.0
0.684,0.459,-6.673,1,0.0671,0.461,0.367,0.399,105.975,212500.0,4,35.0
0.471,0.932,-4.867,1,0.103,0.00245,0.4,0.332,97.924,224167.0,4,33.0
0.385,0.951,-3.09,0,0.125,0.000361,0.455,0.423,89.838,200765.0,4,43.0
0.795,0.658,-6.896,0,0.057,0.233,0.247,0.786,139.917,167108.0,4,49.0
0.789,0.742,-5.664,0,0.0652,0.0681,0.166,0.661,116.965,167990.0,4,82.0
0.365,0.525,-9.865,1,0.0304,0.511,0.807,0.325,142.261,437360.0,4,24.0
0.444,0.454,-7.434,1,0.0419,0.892,0.114,0.236,67.848,305400.0,4,55.0
0.359,0.685,-6.036,0,0.0286,0.0001,0.0875,0.732,84.282,266442.0,4,39.0
0.59,0.78,-7.832,1,0.0304,0.233,0.129,0.581,133.086,238800.0,4,40.0
0.686,0.735,-4.616,1,0.264,0.00921,0.342,0.0596,171.355,322227.0,4,76.0
0.725,0.614,-7.015,1,0.0409,0.136,0.062,0.429,95.039,336800.0,4,57.0
0.615,0.465,-13.834,0,0.0486,0.827,0.134,0.54,118.178,3.37445,4,20.0
0.745,0.632,-7.974,0,0.288,0.39,0.103,0.581,128.05,212344.0,4,28.0
0.466,0.45,-11.199,1,0.0296,0.0426,0.113,0.133,113.065,303717.0,4,35.0
0.618,0.662,-4.797,1,0.0262,0.0028,0.107,0.398,127.985,180187.0,4,55.0
0.82,0.555,-6.251,1,0.348,0.394,0.102,0.715,105.543,155302.0,4,17.0
0.877,0.61,-7.817,0,0.0731,0.0238,0.115,0.634,135.951,137647.0,4,9.0
0.656,0.773,-9.156,0,0.0363,0.335,0.155,0.867,114.979,220240.0,4,39.0
0.799,0.345,-11.52,1,0.0276,0.748,0.169,0.776,90.417,2.614566667,4,50.0
0.169,0.956,-2.94,1,0.0631,0.00127,0.208,0.159,95.249,257240.0,3,44.0
0.345,0.727,-9.711,0,0.0778,0.252,0.0882,0.509,143.874,160600.0,4,37.0
0.373,0.676,-6.606,0,0.0483,0.18,0.297,0.253,88.339,219643.0,4,31.0
0.657,0.507,-7.523,1,0.0253,0.278,0.0932,0.735,94.008,265802.0,4,45.0
0.451,0.911,-3.92,0,0.032,0.00434,0.19,0.669,77.217,124880.0,4,46.0
0.546,0.696,-6.537,1,0.0335,0.0887,0.195,0.596,89.882,246587.0,4,66.0
0.546,0.469,-8.967,1,0.0289,0.391,0.091,0.779,142.712,145640.0,4,50.0
0.533,0.545,-7.681,1,0.0243,0.207,0.113,0.419,98.014,270918.0,4,60.0
0.498,0.685,-5.732,0,0.0949,0.0113,0.0875,0.628,163.171,166995.0,4,32.0
0.208,0.498,-3.294,1,0.0533,0.000402,0.357,0.0382,124.635,453440.0,4,43.0
0.661,0.567,-12.432,1,0.261,0.105,0.111,0.539,85.938,146513.0,4,38.0
0.431,0.959,-7.376,1,0.0601,3.36e-05,0.481,0.378,120.027,263026.0,4,30.0
0.705,0.692,-4.694,0,0.0264,0.124,0.0491,0.666,111.992,244518.0,4,29.0
0.229,0.903,-4.321,1,0.0664,0.00673,0.948,0.266,150.08,5.927783333,4,46.0
0.381,0.868,-5.885,1,0.183,0.00429,0.259,0.499,110.727,239507.0,4,25.0
0.27,0.217,-8.433,0,0.0353,0.731,0.0902,0.13,203.815,205470.0,4,37.0
0.812,0.248,-11.129,1,0.0534,0.986,0.137,0.742,125.33,151301.0,4,33.0
0.367,0.864,-7.073,1,0.0894,0.126,0.96,0.401,121.018,277493.0,4,41.0
0.513,0.88,-4.69,0,0.0309,9.59e-05,0.0824,0.495,92.358,269533.0,4,65.0
0.684,0.481,-12.59,1,0.0384,0.475,0.118,0.784,115.078,250000.0,4,68.0
0.613,0.953,-3.435,1,0.0855,0.00148,0.152,0.537,105.046,213800.0,4,76.0
0.724,0.616,-6.073,1,0.0426,0.312,0.115,0.729,107.964,166453.0,4,45.0
0.233,0.848,-6.322,1,0.0461,0.039,0.135,0.223,177.44,217480.0,4,34.0
0.511,0.276,-9.215,1,0.0393,0.746,0.0994,0.269,122.265,236813.0,1,40.0
0.58,0.755,-7.137,1,0.0377,0.123,0.0854,0.921,162.075,232021.0,4,38.0
0.406,0.992,-0.467,1,0.143,0.000218,0.289,0.33,194.926,210986.0,4,41.0
0.224,0.889,-6.345,1,0.0672,0.0116,0.411,0.34,134.936,210573.0,4,23.0
0.704,0.512,-6.269,1,0.0281,0.131,0.12,0.53,88.045,3.366283333,4,17.0
0.6,0.56,-6.311,1,0.0325,0.479,0.111,0.417,139.469,3.358216667,4,62.0
0.7,0.418,-11.238,0,0.033,0.655,0.195,0.721,119.627,130747.0,4,49.0
0.615,0.744,-3.993,1,0.0741,0.136,0.0839,0.683,121.828,240903.0,4,35.0
0.413,0.921,-5.759,0,0.0689,4.19e-05,0.178,0.309,170.025,262059.0,4,34.0
0.566,0.378,-7.714,1,0.0248,0.457,0.0943,0.185,80.772,268000.0,4,47.0
0.402,0.962,0.943,1,0.0656,0.0105,0.356,0.527,155.015,166452.0,4,56.0
0.642,0.816,-4.786,1,0.0439,0.0309,0.0719,0.703,114.007,205762.0,4,51.0
0.604,0.37,-18.45,1,0.0362,0.836,0.0954,0.666,90.339,290733.0,3,59.0
0.392,0.981,-4.564,0,0.0799,2.9e-05,0.174,0.335,160.047,232014.0,4,46.0
0.594,0.533,-7.993,0,0.0438,0.153,0.172,0.729,78.552,2.28845,4,60.0
0.618,0.684,-6.163,1,0.039,0.117,0.273,0.823,170.029,141750.0,4,51.0
0.645,0.417,-7.022,1,0.029,0.543,0.0982,0.256,77.054,253080.0,4,65.0
0.396,0.811,-10.441,1,0.0419,0.000601,0.677,0.343,159.426,3.850666667,4,37.0
0.818,0.456,-7.419,1,0.038,0.823,0.127,0.784,113.992,3.06205,4,50.0
0.673,0.901,-4.356,1,0.294,0.0353,0.181,0.548,119.971,178000.0,4,31.0
0.489,0.586,-13.885,1,0.0596,0.0352,0.059,0.882,167.722,332560.0,4,17.0
0.432,0.936,-4.537,0,0.0562,0.00691,0.14,0.499,157.469,303920.0,4,65.0
0.699,0.243,-17.724,0,0.0285,0.806,0.153,0.321,99.946,283200.0,4,21.0
0.444,0.475,-10.77,1,0.0461,0.771,0.094,0.421,169.863,4.6316,4,19.0
0.481,0.765,-4.025,1,0.0388,0.00381,0.119,0.465,102.829,232960.0,4,61.0
0.828,0.492,-9.744,1,0.0276,0.0644,0.128,0.789,120.151,257800.0,4,85.0
0.686,0.579,-8.183,0,0.0225,0.245,0.113,0.5,102.013,3.728216667,4,39.0
0.537,0.781,-3.704,0,0.0385,0.0467,0.0883,0.38,134.943,220653.0,4,28.0
0.236,0.903,-3.02,1,0.18,6.05e-05,0.105,0.395,184.05,380886.0,4,40.0
0.706,0.937,-3.88,1,0.0444,0.0914,0.323,0.729,127.99,239667.0,4,18.0
0.519,0.916,-5.32,1,0.0839,0.000975,0.185,0.265,101.484,349193.0,4,35.0
0.808,0.694,-8.467,1,0.263,0.215,0.374,0.776,145.987,189493.0,4,61.0
0.743,0.673,-8.209,1,0.0277,0.23,0.26,0.964,119.988,177409.0,4,21.0
0.876,0.576,-5.377,0,0.0866,0.199,0.174,0.585,111.008,142500.0,4,53.0
0.803,0.338,-14.029,1,0.0349,0.196,0.097,0.912,106.841,155707.0,4,67.0
0.591,0.732,-8.522,1,0.0329,0.435,0.148,0.712,117.981,218450.0,4,40.0
0.591,0.719,-7.824,0,0.215,0.0201,0.906,0.142,100.014,3.11341667,4,75.0
0.492,0.859,-4.274,1,0.0332,0.0659,0.0756,0.251,92.474,223853.0,4,60.0
0.624,0.946,-4.684,1,0.122,0.00876,0.34,0.655,98.994,133693.0,4,36.0
0.379,0.716,-4.312,1,0.0326,0.000272,0.0786,0.239,92.721,279333.0,4,59.0
0.246,0.565,-13.624,1,0.0824,5.6e-05,0.208,0.474,73.506,157200.0,4,23.0
0.566,0.765,-6.337,1,0.0439,0.0248,0.0783,0.604,156.036,3.274,4,66.0
0.847,0.492,-11.104,1,0.0451,0.804,0.122,0.855,112.034,4.04155,4,42.0
0.502,0.758,-9.76,1,0.0407,0.00915,0.284,0.729,112.499,213693.0,4,66.0
0.645,0.329,-16.642,1,0.0419,0.239,0.375,0.184,128.099,212750.0,4,41.0
0.587,0.872,-5.066,1,0.0484,0.018,0.622,0.735,159.925,221333.0,4,71.0
0.364,0.752,-6.709,0,0.052,0.0071,0.189,0.0394,135.533,332373.0,4,45.0
0.527,0.973,-3.203,0,0.19,0.000756,0.361,0.131,134.942,122222.0,4,53.0
0.73,0.225,-15.429,1,0.032,0.23,0.258,0.596,123.61,2.816666667,4,35.0
0.736,0.321,-13.474,1,0.0444,0.799,0.0619,0.342,84.928,2.62755,4,62.0
0.853,0.484,-11.655,1,0.0792,0.942,0.151,0.962,111.737,3.162666667,4,5.0
0.743,0.448,-7.173,1,0.0317,0.816,0.319,0.562,90.062,172240.0,4,49.0
0.4,0.403,-10.004,1,0.0372,0.575,0.0677,0.133,121.964,184503.0,3,18.0
0.562,0.964,-2.991,0,0.072,0.000539,0.579,0.41,138.063,244960.0,4,69.0
0.185,0.106,-21.724,0,0.0324,0.99,0.0791,0.0635,62.988,5.257333333,4,45.0
0.281,0.779,-5.104,1,0.0514,0.0437,0.37,0.344,167.172,239173.0,4,59.0
0.408,0.971,-3.876,1,0.125,5.7e-05,0.135,0.237,118.445,216973.0,4,50.0
0.21,0.86,-2.187,1,0.0738,0.0121,0.142,0.402,164.762,167507.0,3,30.0
0.332,0.899,-5.638,1,0.0463,0.0348,0.684,0.66,136.696,652187.0,4,37.0
0.562,0.667,-5.106,1,0.0287,0.00534,0.0784,0.503,106.965,137110.0,4,30.0
0.959,0.394,-8.687,0,0.437,0.152,0.105,0.51,121.008,127750.0,4,77.0
0.489,0.806,-6.054,1,0.0858,0.841,0.0687,0.944,172.269,145267.0,4,56.0
0.753,0.722,-5.348,0,0.305,0.533,0.599,0.858,92.152,260543.0,4,23.0
0.744,0.637,-4.483,1,0.0241,0.337,0.0696,0.785,100.511,3.53155,4,72.0
0.708,0.763,-5.74,0,0.0428,0.054,0.132,0.221,119.977,212009.0,4,35.0
0.625,0.922,-8.92,1,0.0816,0.00624,0.839,0.427,139.712,268013.0,4,28.0
0.435,0.153,-11.536,1,0.0499,0.953,0.11,0.326,182.647,3.42,4,42.0
0.402,0.597,-9.258,1,0.0327,0.0385,0.109,0.496,81.806,287000.0,4,66.0
0.699,0.907,-4.661,1,0.273,0.143,0.302,0.859,96.912,178859.0,4,67.0
0.751,0.744,-6.859,1,0.177,0.152,0.252,0.634,148.014,171892.0,4,80.0
0.626,0.725,-8.013,0,0.035,0.115,0.109,0.943,87.357,214667.0,4,36.0
0.46,0.906,-8.201,1,0.15,2.99e-05,0.17,0.566,161.055,204160.0,4,48.0
0.279,0.4,-8.353,0,0.0426,0.673,0.103,0.109,167.56,246223.0,4,23.0
0.599,0.906,-5.133,0,0.0641,0.0158,0.108,0.712,120.024,302423.0,4,41.0
0.476,0.3,-11.227,1,0.06,0.47,0.0951,0.403,76.71,237187.0,4,29.0
0.434,0.639,-11.659,1,0.0509,0.00658,0.0592,0.159,130.245,297404.0,4,44.0
0.701,0.137,-16.397,1,0.0417,0.991,0.155,0.68,92.341,311813.0,4,37.0
0.787,0.422,-8.552,1,0.0569,0.287,0.3,0.607,87.018,176667.0,4,53.0
0.527,0.922,-2.666,0,0.0728,0.00475,0.422,0.49,95.975,181680.0,4,84.0
0.656,0.723,-4.975,0,0.0262,0.0968,0.343,0.904,105.049,208233.0,4,53.0
0.568,0.741,-5.64,1,0.0395,0.0122,0.371,0.771,104.056,189466.0,4,35.0
0.573,0.902,-7.638,0,0.054,0.018,0.0928,0.876,84.412,225280.0,4,85.0
0.457,0.759,-9.06,1,0.0613,0.000736,0.0848,0.309,138.017,235761.0,4,41.0
0.508,0.776,-5.438,1,0.0336,0.00114,0.293,0.549,101.952,185427.0,4,26.0
0.648,0.437,-6.386,1,0.0316,0.0631,0.15,0.365,62.483,165301.0,4,54.0
0.353,0.921,-8.303,1,0.0644,0.00118,0.327,0.556,103.156,375682.0,4,31.0
0.631,0.183,-17.128,1,0.0846,0.994,0.113,0.399,83.481,2.629666667,1,50.0
0.684,0.729,-3.8,1,0.0407,0.0231,0.124,0.49,159.975,185787.0,4,53.0
0.692,0.799,-7.924,1,0.164,0.388,0.301,0.549,97.978,199667.0,4,57.0
0.525,0.298,-12.438,1,0.033,0.714,0.111,0.106,119.827,273307.0,4,37.0
0.791,0.41,-12.604,0,0.084,0.167,0.0763,0.511,91.021,302040.0,4,60.0
0.598,0.751,-5.869,1,0.0327,0.0299,0.139,0.671,120.033,187768.0,4,48.0
0.851,0.598,-8.356,1,0.439,0.000595,0.343,0.654,180.046,237320.0,4,61.0
0.434,0.974,-6.188,1,0.152,0.000127,0.956,0.12,125.016,226865.0,4,39.0
0.325,0.838,-6.501,0,0.144,0.0327,0.126,0.449,156.507,181173.0,4,51.0
0.87,0.467,-8.741,0,0.0652,0.0779,0.198,0.84,120.016,135067.0,4,12.0
0.383,0.662,-5.162,1,0.0333,0.165,0.248,0.138,121.154,298760.0,4,75.0
0.547,0.347,-4.101,1,0.0421,0.865,0.175,0.562,132.845,4.85898333,5,50.0
0.684,0.672,-5.762,0,0.0341,0.151,0.116,0.381,93.965,155674.0,4,70.0
0.547,0.817,-11.861,0,0.0362,0.0266,0.0767,0.856,114.976,200121.0,4,24.0
0.624,0.554,-8.113,1,0.0225,0.191,0.299,0.311,97.031,269720.0,4,65.0
0.704,0.657,-9.431,0,0.0934,0.00873,0.297,0.527,107.931,155556.0,4,61.0
0.679,0.768,-7.246,1,0.0787,0.254,0.0916,0.685,126.117,266627.0,4,54.0
0.361,0.795,-7.563,1,0.0347,0.0348,0.114,0.556,143.445,228667.0,4,29.0
0.654,0.929,-5.906,1,0.0998,0.0468,0.0539,0.902,144.774,2.814,4,75.0
0.336,0.699,-6.481,1,0.0794,0.000334,0.104,0.21,170.317,218647.0,4,40.0
0.81,0.591,-13.385,1,0.0638,0.414,0.072,0.297,136.028,297775.0,4,62.0
0.253,0.924,-4.83,1,0.162,0.00179,0.281,0.72,171.971,222467.0,4,53.0
0.372,0.94,-3.586,0,0.14,0.00178,0.154,0.49,163.099,201543.0,4,37.0
0.87,0.41,-8.804,1,0.182,0.243,0.127,0.576,83.974,171202.0,4,37.0
0.773,0.759,-6.158,1,0.0353,0.15,0.74,0.964,112.99,172030.0,4,12.0
0.453,0.816,-5.656,1,0.0706,0.00524,0.363,0.374,144.154,221947.0,4,53.0
0.298,0.823,-9.793,1,0.0816,7.66e-05,0.132,0.235,135.596,275600.0,4,62.0
0.717,0.598,-5.613,0,0.0809,0.22,0.122,0.496,153.905,151040.0,4,73.0
0.381,0.894,-8.638,1,0.037,0.0258,0.0251,0.797,205.528,246933.0,4,69.0
0.368,0.921,-4.897,0,0.0919,0.000716,0.295,0.451,119.113,219523.0,3,54.0
0.269,0.853,-4.647,0,0.0854,0.000249,0.118,0.179,141.581,299533.0,4,68.0
0.53,0.656,-9.099,1,0.0557,0.0826,0.0461,0.911,156.793,233360.0,4,33.0
0.486,0.439,-14.008,0,0.0446,0.57,0.303,0.313,109.134,166067.0,4,27.0
0.281,0.614,-9.066,1,0.0551,0.088,0.252,0.498,134.665,522267.0,4,2.0
0.579,0.731,-5.659,1,0.0323,0.244,0.297,0.618,133.582,3.497783333,4,56.0
0.412,0.821,-9.453,1,0.075,0.0156,0.327,0.316,130.997,559893.0,4,40.0
0.897,0.337,-11.375,1,0.353,0.117,0.111,0.443,120.038,192000.0,4,44.0
0.501,0.743,-6.379,0,0.0348,0.207,0.0793,0.224,91.01,242093.0,4,60.0
0.262,0.841,-7.043,1,0.0557,1.28e-05,0.109,0.339,136.216,336720.0,4,41.0
0.631,0.796,-5.35,1,0.0401,0.000245,0.38,0.596,92.469,209120.0,4,66.0
0.218,0.836,-5.441,0,0.0994,0.000995,0.522,0.41,173.806,239413.0,4,50.0
0.587,0.879,-5.887,1,0.0547,0.00122,0.125,0.395,108.905,203119.0,4,53.0
0.593,0.804,-5.497,1,0.0319,0.105,0.047,0.962,148.959,138360.0,4,57.0
0.385,0.848,-4.31,1,0.0604,0.0772,0.287,0.0381,109.985,160670.0,4,30.0
0.426,0.888,-3.72,0,0.0987,0.000455,0.306,0.387,144.111,191520.0,4,73.0
0.484,0.643,-4.72,1,0.0416,0.0036,0.243,0.345,163.97,195191.0,4,80.0
0.301,0.969,-11.283,1,0.302,0.804,0.801,0.0428,185.722,4.789116667,3,24.0
0.486,0.241,-17.337,1,0.0366,0.413,0.0928,0.614,106.574,5.01888333,4,61.0
0.982,0.641,-4.956,1,0.0553,0.000222,0.0563,0.866,131.023,355413.0,3,18.0
0.564,0.873,-6.078,1,0.0314,0.019,0.101,0.832,113.885,195547.0,4,59.0
0.389,0.169,-14.333,1,0.0453,0.913,0.114,0.186,77.79,8.815783333,3,43.0
0.743,0.71,-5.042,0,0.0362,0.0139,0.289,0.239,98.008,153000.0,4,48.0
0.18,0.905,-2.767,1,0.0453,0.000146,0.327,0.552,138.02,102333.0,4,35.0
0.664,0.66,-5.284,1,0.291,0.181,0.19,0.47,90.106,261467.0,4,55.0
0.301,0.514,-6.976,1,0.0617,0.0723,0.251,0.153,145.59,291400.0,4,67.0
0.573,0.734,-5.576,1,0.0416,0.000796,0.102,0.13,101.023,243382.0,4,48.0
0.637,0.703,-5.378,1,0.0298,3.05e-05,0.129,0.613,97.496,217827.0,4,32.0
0.658,0.496,-9.303,1,0.0484,0.14,0.184,0.625,82.122,215573.0,4,54.0
0.474,0.64,-9.053,0,0.037,0.026,0.123,0.383,171.705,249563.0,4,41.0
0.801,0.346,-14.296,1,0.11,0.957,0.0989,0.309,137.971,420901.0,4,36.0
0.601,0.698,-5.924,0,0.0376,0.0218,0.0586,0.594,110.055,174486.0,4,37.0
0.581,0.847,-5.48,0,0.0638,0.000259,0.0875,0.394,120.07,188000.0,4,38.0
0.75,0.418,-10.412,1,0.244,0.149,0.0857,0.442,104.981,225631.0,4,65.0
0.483,0.968,-5.737,0,0.101,0.00128,0.331,0.0695,110.035,448837.0,3,38.0
0.836,0.367,-4.267,1,0.126,0.0297,0.151,0.212,78.009,135421.0,4,57.0
0.45,0.945,-4.765,0,0.0757,0.00567,0.363,0.458,99.985,151680.0,4,21.0
0.827,0.66,-9.669,1,0.0337,0.508,0.0756,0.904,113.449,269143.0,4,75.0
0.418,0.28,-6.856,0,0.0321,0.748,0.238,0.454,103.251,215053.0,4,37.0
0.553,0.442,-9.975,0,0.0274,0.304,0.113,0.31,139.927,236156.0,4,36.0
0.64,0.922,-6.283,0,0.0385,0.00369,0.332,0.716,125.105,234227.0,4,72.0
0.283,0.659,-11.879,0,0.0329,0.0959,0.119,0.515,103.059,264093.0,4,40.0
0.243,0.0652,-21.076,1,0.0354,0.962,0.115,0.0419,78.164,3.724216667,4,49.0
0.673,0.427,-7.629,0,0.0458,0.143,0.105,0.393,113.556,203947.0,4,55.0
0.821,0.845,-6.392,0,0.0481,0.000241,0.284,0.892,134.998,189667.0,4,11.0
0.614,0.545,-9.036,0,0.064,0.483,0.203,0.68,145.173,216787.0,4,24.0
0.702,0.852,-6.337,1,0.101,0.00109,0.102,0.519,97.085,326374.0,4,32.0
0.599,0.316,-14.436,1,0.081,0.679,0.653,0.355,147.963,125266.0,4,30.0
0.798,0.84,-6.559,0,0.0879,0.00518,0.142,0.867,122.958,3.806666667,4,30.0
0.45,0.0767,-22.482,0,0.0378,0.869,0.0853,0.167,100.427,2.810266667,4,55.0
0.451,0.813,-9.569,1,0.0462,1.8e-05,0.0885,0.114,120.551,200627.0,3,30.0
0.851,0.674,-4.488,1,0.0619,0.0101,0.218,0.518,101.011,193828.0,4,51.0
0.489,0.769,-3.524,1,0.038,0.00135,0.0727,0.637,128.985,215827.0,4,65.0
0.563,0.937,-5.243,1,0.0461,0.000111,0.315,0.522,101.159,146693.0,4,47.0
0.384,0.366,-10.65,1,0.0329,0.371,0.101,0.199,138.134,4.35616667,4,56.0
0.774,0.714,-5.009,0,0.0427,0.00388,0.045,0.811,111.964,268053.0,4,46.0
0.53,0.629,-7.869,1,0.0529,0.46,0.0873,0.827,85.549,251427.0,4,17.0
0.379,0.687,-10.778,1,0.0645,0.16,0.323,0.525,141.878,548827.0,4,37.0
0.403,0.903,-3.88,1,0.0664,0.574,0.287,0.498,115.669,423840.0,4,1.0
0.321,0.827,-7.726,1,0.0401,0.00602,0.394,0.14,132.106,330040.0,4,29.0
0.501,0.415,-8.882,0,0.0242,0.0375,0.336,0.227,76.608,253067.0,4,41.0
0.459,0.465,-13.564,1,0.0388,0.11,0.0915,0.117,123.94,337600.0,4,46.0
0.172,0.0494,-21.748,1,0.0387,0.866,0.0791,0.0391,51.134,278698.0,4,14.0
0.256,0.961,-4.055,1,0.18,2.5e-05,0.119,0.171,115.929,304421.0,4,25.0
0.385,0.963,-2.532,0,0.0846,8.96e-05,0.132,0.412,144.901,154267.0,4,39.0
0.49,0.817,-5.912,1,0.0272,8.49e-05,0.0962,0.369,99.335,173573.0,4,46.0
0.854,0.463,-6.159,1,0.137,0.117,0.354,0.549,120.024,225773.0,4,73.0
0.612,0.573,-6.921,1,0.0246,0.525,0.0892,0.722,110.031,276574.0,4,23.0
0.743,0.733,-5.576,1,0.0352,0.00705,0.0565,0.726,122.975,231897.0,4,61.0
0.68,0.454,-4.262,1,0.0392,0.232,0.112,0.238,139.012,240019.0,4,51.0
0.697,0.484,-7.398,1,0.4,0.82,0.102,0.32,82.629,230511.0,4,45.0
0.333,0.82,-7.361,1,0.0531,0.000288,0.0891,0.162,115.12,436333.0,4,35.0
0.311,0.988,-3.397,1,0.113,2.83e-05,0.132,0.269,195.058,279692.0,3,40.0
0.856,0.605,-7.691,0,0.048,0.0202,0.0661,0.6,123.998,181935.0,4,51.0
0.447,0.994,-5.143,1,0.185,1.42e-06,0.148,0.0771,126.057,278000.0,4,30.0
0.464,0.887,-4.65,1,0.0499,0.000429,0.126,0.23,132.759,271240.0,4,63.0
0.705,0.897,-4.751,0,0.0344,0.137,0.098,0.711,102.012,222320.0,4,42.0
0.773,0.281,-9.781,1,0.11,0.24,0.112,0.465,102.019,227706.0,4,72.0
0.431,0.666,-11.141,1,0.0337,0.00151,0.0527,0.619,134.777,315667.0,4,55.0
0.519,0.682,-7.335,1,0.0897,0.0176,0.0926,0.814,156.994,155733.0,4,51.0
0.591,0.848,-4.397,0,0.0828,0.137,0.372,0.386,105.922,246816.0,4,65.0
0.404,0.398,-9.907,1,0.0289,0.205,0.0917,0.251,75.867,287484.0,4,41.0
0.788,0.93,-7.996,0,0.103,0.0578,0.0683,0.427,120.006,208500.0,4,30.0
0.773,0.8,-3.17,0,0.0987,0.0613,0.0327,0.842,89.988,184507.0,4,85.0
0.139,0.912,-1.884,1,0.0679,0.167,0.114,0.609,80.895,275000.0,4,39.0
0.691,0.794,-4.251,0,0.278,0.0739,0.0816,0.737,112.849,213493.0,4,55.0
0.208,0.932,-6.872,0,0.0791,1.74e-06,0.365,0.336,146.02,244853.0,4,24.0
0.584,0.957,-4.789,1,0.13,0.00356,0.407,0.701,108.029,186682.0,4,58.0
0.479,0.443,-9.239,1,0.0273,0.047,0.104,0.193,92.959,299020.0,4,24.0
0.49,0.847,-2.915,1,0.0298,0.038,0.107,0.537,83.994,211587.0,4,46.0
0.44,0.206,-18.234,1,0.033,0.881,0.0989,0.167,86.624,6.046,4,39.0
0.377,0.976,-3.686,0,0.217,0.000107,0.142,0.264,116.062,141560.0,4,31.0
0.407,0.872,-9.205,0,0.0462,5.78e-05,0.0654,0.388,137.381,238400.0,4,33.0
0.541,0.392,-10.635,1,0.0445,0.539,0.0864,0.351,152.993,3.76665,4,39.0
0.22,0.913,-5.229,1,0.0799,2.72e-05,0.166,0.207,90.02,132780.0,4,31.0
0.371,0.921,-5.533,1,0.0784,0.0113,0.43,0.508,109.675,220538.0,4,59.0
0.494,0.735,-8.347,1,0.0345,0.00401,0.544,0.742,132.526,283000.0,4,60.0
0.2,0.47,-8.411,1,0.032,0.494,0.156,0.118,129.876,243000.0,1,23.0
0.719,0.612,-7.555,1,0.435,0.0791,0.136,0.552,102.91,169175.0,4,52.0
0.508,0.808,-5.197,1,0.253,0.121,0.379,0.558,81.781,200133.0,4,27.0
0.603,0.753,-5.251,0,0.283,0.131,0.105,0.452,99.836,153078.0,4,41.0
0.489,0.726,-6.204,1,0.345,0.2,0.349,0.672,190.297,236000.0,3,40.0
0.555,0.927,-4.167,0,0.0708,0.00155,0.209,0.848,156.031,212016.0,4,45.0
0.605,0.555,-10.323,1,0.0823,0.357,0.226,0.212,86.984,136552.0,4,37.0
0.396,0.415,-10.106,1,0.0599,0.0362,0.0913,0.263,151.458,354533.0,4,55.0
0.715,0.432,-6.769,1,0.0275,0.724,0.164,0.175,109.927,4.206883333,4,36.0
0.562,0.606,-8.072,1,0.0286,0.0878,0.146,0.56,142.058,198078.0,4,16.0
0.458,0.98,-3.651,1,0.0808,0.000205,0.127,0.4,118.964,258333.0,4,56.0
0.453,0.542,-7.379,1,0.0391,0.975,0.0927,0.487,81.921,156373.0,4,1.0
0.71,0.415,-9.561,1,0.0908,0.902,0.149,0.418,92.016,86749.0,4,63.0
0.482,0.786,-5.735,1,0.032,0.00321,0.446,0.793,126.755,323000.0,4,76.0
0.623,0.709,-9.818,0,0.0636,0.102,0.0967,0.948,122.394,165381.0,4,66.0
0.578,0.633,-7.552,1,0.0355,0.0869,0.113,0.928,141.971,169067.0,3,42.0
0.282,0.648,-7.604,0,0.0291,0.012,0.216,0.117,91.536,331427.0,4,53.0
0.437,0.382,-8.529,1,0.0303,0.834,0.103,0.0834,81.703,222649.0,3,37.0
0.315,0.826,-4.314,0,0.0636,0.00064,0.0703,0.359,139.161,256072.0,4,63.0
0.409,0.92,-5.439,0,0.12,0.00719,0.0823,0.37,145.085,290960.0,4,71.0
0.433,0.0662,-19.398,1,0.0403,0.954,0.0713,0.162,107.241,5.97555,4,45.0
0.774,0.618,-5.58,0,0.199,0.215,0.147,0.501,148.19,186487.0,4,32.0
0.539,0.762,-6.908,0,0.0339,0.158,0.0648,0.661,114.08,228827.0,4,52.0
0.55,0.96,-4.148,0,0.0452,8.84e-06,0.0955,0.47,128.016,261160.0,4,45.0
0.843,0.564,-6.267,0,0.0398,0.0561,0.0376,0.738,99.016,219525.0,4,46.0
0.456,0.492,-8.133,1,0.0268,0.266,0.104,0.207,139.79,3.888,4,2.0
0.414,0.978,-3.144,0,0.0913,0.000268,0.0998,0.253,174.045,229901.0,4,46.0
0.414,0.404,-14.677,1,0.0293,2.44e-05,0.121,0.156,102.883,535600.0,4,50.0
0.51,0.882,-5.659,0,0.159,0.00158,0.0764,0.653,154.029,216721.0,4,80.0
0.354,0.867,-5.078,1,0.0362,4.64e-05,0.0748,0.436,93.389,274400.0,4,48.0
0.594,0.468,-10.117,0,0.0246,0.606,0.0913,0.174,99.067,353120.0,4,57.0
0.297,0.642,-7.946,0,0.0384,0.32,0.1,0.282,126.161,314160.0,4,36.0
0.703,0.838,-5.882,1,0.0328,0.0106,0.103,0.484,110.061,249853.0,4,42.0
0.523,0.606,-4.754,0,0.0301,0.512,0.106,0.065,145.837,217867.0,4,82.0
0.887,0.609,-9.295,0,0.311,0.0212,0.0763,0.571,92.506,152000.0,4,39.0
0.861,0.656,-7.867,0,0.425,0.104,0.0986,0.331,88.967,218210.0,4,85.0
0.577,0.464,-7.943,1,0.024,0.0979,0.154,0.346,90.557,219507.0,4,52.0
0.161,0.976,-8.428,0,0.0913,3.48e-06,0.0915,0.241,173.229,276107.0,4,32.0
0.591,0.758,-2.522,1,0.0317,0.0254,0.371,0.543,97.03,197938.0,4,32.0
0.697,0.134,-19.991,1,0.0545,0.862,0.1,0.416,96.519,180533.0,4,31.0
0.427,0.394,-22.414,1,0.0658,0.828,0.126,0.111,180.111,273827.0,4,27.0
0.602,0.516,-7.575,0,0.0533,0.521,0.214,0.337,140.057,193448.0,4,54.0
0.549,0.653,-7.47,1,0.0503,0.457,0.0969,0.287,121.348,187173.0,4,73.0
0.823,0.482,-10.503,1,0.394,0.343,0.0988,0.53,68.437,197956.0,4,31.0
0.58,0.256,-17.45,0,0.0482,0.759,0.0897,0.499,79.122,7.770666667,4,39.0
0.567,0.494,-12.093,1,0.0544,0.569,0.33,0.42,149.839,200853.0,4,54.0
0.282,0.846,-4.641,1,0.0728,8.29e-05,0.521,0.174,184.617,497467.0,4,46.0
0.457,0.902,-5.624,1,0.0313,2.17e-05,0.258,0.834,92.711,246920.0,4,68.0
0.143,0.912,-6.754,1,0.0823,0.00733,0.727,0.415,172.514,260133.0,4,30.0
0.783,0.929,-12.052,0,0.0455,0.000406,0.0738,0.644,123.687,314653.0,4,34.0
0.783,0.698,-8.268,1,0.0323,0.522,0.0754,0.758,124.996,4.136666667,4,66.0
0.765,0.791,-5.707,1,0.0317,0.262,0.0669,0.966,95.026,3.437116667,4,67.0
0.424,0.885,-5.997,0,0.0717,0.000915,0.102,0.156,139.077,256664.0,4,26.0
0.507,0.863,-5.109,1,0.0482,0.00181,0.354,0.926,156.67,194280.0,4,45.0
0.845,0.717,-6.773,1,0.359,0.428,0.0822,0.255,93.997,182640.0,4,66.0
0.597,0.457,-5.931,0,0.0479,0.0374,0.114,0.416,170.017,219978.0,4,28.0
0.733,0.944,-5.059,0,0.064,0.0017,0.097,0.718,104.005,143063.0,4,28.0
0.441,0.173,-17.286,1,0.0445,0.959,0.109,0.386,72.379,4.718216667,4,34.0
0.434,0.718,-9.707,0,0.258,9.42e-05,0.0829,0.816,209.383,219793.0,3,14.0
0.51,0.98,-3.341,1,0.105,0.000722,0.339,0.4,147.991,173800.0,4,53.0
0.528,0.715,-4.772,1,0.0334,0.000781,0.0961,0.301,127.989,169784.0,4,21.0
0.385,0.919,-4.154,0,0.0642,0.00019,0.358,0.469,153.02,235840.0,4,3.0
0.592,0.77,-3.402,1,0.318,0.122,0.103,0.361,191.692,264760.0,4,56.0
0.66,0.692,-9.156,1,0.0364,0.0618,0.0743,0.41,135.058,187093.0,4,33.0
0.445,0.537,-8.532,0,0.04,0.695,0.0944,0.131,122.769,4.072666667,4,84.0
0.269,0.974,-3.295,1,0.152,0.00152,0.199,0.375,118.44,263867.0,4,36.0
0.0789,0.0701,-19.808,0,0.0424,0.902,0.345,0.0505,81.68,7.934,4,25.0
0.503,0.404,-9.388,1,0.0505,0.656,0.11,0.473,152.041,193320.0,4,34.0
0.895,0.49,-4.452,0,0.165,0.0617,0.0802,0.728,96.995,166165.0,4,44.0
0.508,0.729,-5.712,0,0.0443,0.0681,0.1,0.412,91.906,236880.0,4,63.0
0.786,0.87,-3.875,0,0.0316,0.413,0.0389,0.864,100.66,4.41955,4,13.0
0.474,0.0389,-19.06,0,0.0749,0.865,0.0839,0.0353,79.31,280120.0,4,20.0
0.554,0.187,-13.753,1,0.0281,0.809,0.0602,0.104,139.994,3.822583333,4,42.0
0.206,0.965,-5.116,1,0.079,9.91e-06,0.367,0.168,92.615,299867.0,4,65.0
0.833,0.679,-4.496,1,0.0365,0.0834,0.0769,0.975,109.916,219867.0,4,66.0
0.393,0.911,-4.027,0,0.0877,4.31e-05,0.13,0.158,125.958,257120.0,4,34.0
0.318,0.86,-6.76,0,0.0943,0.0622,0.0858,0.446,96.262,174267.0,4,36.0
0.543,0.146,-15.836,0,0.0658,0.989,0.0973,0.387,99.258,2.945833333,4,51.0
0.691,0.388,-12.401,0,0.0537,0.767,0.0996,0.304,117.001,186130.0,4,57.0
0.855,0.304,-13.163,0,0.0657,0.892,0.0831,0.809,82.57,197960.0,4,12.0
0.573,0.815,-7.581,0,0.582,0.109,0.101,0.573,91.813,188418.0,4,58.0
0.616,0.728,-4.02,0,0.0278,0.0275,0.228,0.375,111.934,3.666216667,4,65.0
0.547,0.922,-5.845,1,0.0858,0.00619,0.349,0.844,160.128,188653.0,4,55.0
0.601,0.574,-8.166,1,0.03,0.579,0.216,0.8,147.964,214080.0,4,70.0
0.481,0.94,-5.204,1,0.066,0.000891,0.0939,0.66,96.493,189333.0,4,68.0
0.392,0.872,-4.834,1,0.0421,0.16,0.18,0.48,176.432,319493.0,4,14.0
0.473,0.735,-8.921,1,0.0296,0.0603,0.15,0.754,132.506,169800.0,4,45.0
0.656,0.78,-4.743,1,0.0854,0.00112,0.151,0.607,151.401,246000.0,4,60.0
0.616,0.839,-4.281,1,0.054,0.0601,0.294,0.722,85.029,174309.0,4,63.0
0.3,0.915,-5.691,1,0.049,0.00194,0.147,0.51,147.116,233573.0,4,50.0
0.547,0.486,-8.282,1,0.0404,0.0941,0.0761,0.927,135.534,142107.0,4,6.0
0.374,0.895,-4.552,1,0.0351,0.000163,0.164,0.533,113.992,166400.0,4,40.0
0.553,0.502,-5.972,1,0.0409,0.299,0.764,0.296,129.976,210200.0,4,79.0
0.766,0.579,-9.722,1,0.0385,0.179,0.264,0.755,125.206,2.366,4,47.0
0.524,0.553,-10.767,1,0.0292,0.831,0.174,0.517,104.578,196493.0,4,62.0
0.221,0.9,-4.622,0,0.0693,3.37e-05,0.0641,0.474,74.745,175387.0,4,36.0
0.634,0.621,-6.261,1,0.0811,0.334,0.459,0.741,93.034,2.940216667,4,71.0
0.605,0.653,-6.658,0,0.0593,0.0602,0.177,0.755,94.995,194744.0,4,50.0
0.372,0.644,-13.5,1,0.0636,0.0188,0.312,0.236,116.433,532027.0,3,41.0
0.477,0.641,-7.254,0,0.0295,0.0239,0.184,0.215,108.09,288067.0,1,41.0
0.759,0.807,-5.812,0,0.122,0.448,0.105,0.62,123.904,136996.0,4,79.0
0.438,0.931,-5.281,0,0.0643,0.224,0.104,0.379,149.933,219448.0,4,52.0
0.498,0.84,-5.003,0,0.0362,0.0348,0.103,0.35,139.991,3.778883333,4,35.0
0.585,0.892,-4.466,1,0.0424,0.00108,0.281,0.878,161.985,148207.0,4,67.0
0.531,0.943,-6.025,1,0.0489,0.5,0.932,0.778,144.746,225760.0,4,47.0
0.23,0.979,-3.84,1,0.0931,7.35e-05,0.109,0.22,183.619,235467.0,4,38.0
0.19,0.0748,-20.995,1,0.0452,0.937,0.169,0.0366,112.111,8.978,3,24.0
0.788,0.456,-8.575,0,0.0691,0.469,0.146,0.424,136.05,138040.0,4,54.0
0.28,0.261,-11.941,1,0.03,0.854,0.0862,0.396,85.163,239000.0,5,21.0
0.637,0.963,-5.116,1,0.0882,0.000286,0.0449,0.823,150.1,165000.0,4,66.0
0.467,0.324,-10.451,1,0.0255,0.615,0.118,0.166,94.301,320267.0,3,75.0
0.105,0.0655,-24.937,1,0.0417,0.908,0.0923,0.0389,90.828,3.211783333,4,34.0
0.625,0.546,-9.363,0,0.417,0.0768,0.351,0.596,90.951,150080.0,4,39.0
0.736,0.796,-6.02,0,0.0486,0.00361,0.197,0.742,93.986,316381.0,4,48.0
0.719,0.698,-6.297,1,0.245,0.0185,0.0426,0.292,132.914,153500.0,4,64.0
0.481,0.488,-9.776,0,0.0524,0.0589,0.136,0.177,137.967,315799.0,1,37.0
0.714,0.335,-9.099,1,0.0292,0.728,0.154,0.272,109.029,215107.0,4,39.0
0.556,0.675,-9.837,0,0.413,0.272,0.0874,0.431,137.436,176793.0,4,63.0
0.469,0.902,-6.147,1,0.0651,0.00617,0.0813,0.413,123.972,199107.0,4,32.0
0.58,0.816,-5.165,1,0.0726,0.132,0.0776,0.814,89.938,3.341116667,4,61.0
0.829,0.611,-8.415,0,0.204,0.334,0.0987,0.66,118.034,158644.0,4,37.0
0.709,0.517,-8.077,1,0.0335,0.277,0.484,0.429,105.369,132000.0,4,53.0
0.401,0.196,-13.299,1,0.0346,0.812,0.154,0.171,105.001,196652.0,4,41.0
0.92,0.399,-17.627,1,0.0608,0.129,0.0721,0.966,110.824,2.44555,4,45.0
0.212,0.809,-4.97,0,0.0356,0.018,0.16,0.202,93.01,230360.0,4,44.0
0.768,0.799,-6.079,0,0.0831,0.104,0.155,0.731,94.268,222960.0,4,40.0
0.472,0.543,-9.695,0,0.029,0.525,0.109,0.265,165.012,272227.0,3,33.0
0.486,0.699,-8.211,1,0.0693,0.436,0.161,0.394,137.927,4.579033333,4,18.0
0.839,0.54,-6.814,1,0.0357,0.00786,0.0589,0.718,119.981,3.00155,4,46.0
0.578,0.817,-6.542,1,0.0363,0.183,0.285,0.726,141.621,272293.0,4,77.0
0.669,0.668,-11.039,0,0.0391,0.299,0.105,0.201,106.989,226373.0,4,52.0
0.499,0.536,-8.755,0,0.0352,0.444,0.287,0.284,127.792,254373.0,4,51.0
0.608,0.471,-9.709,0,0.031,0.458,0.124,0.295,113.032,179965.0,4,45.0
0.529,0.885,-5.384,1,0.125,2.72e-05,0.145,0.299,111.995,250179.0,4,26.0
0.83,0.725,-7.128,0,0.36,0.055,0.065,0.725,160.132,121365.0,4,49.0
0.854,0.846,-3.055,0,0.0885,0.00692,0.0549,0.799,102.99,252284.0,4,14.0
0.464,0.941,-8.879,1,0.0815,4.07e-06,0.115,0.535,137.978,134091.0,4,37.0
0.57,0.688,-7.48,1,0.032,0.308,0.151,0.749,111.993,213716.0,4,54.0
0.373,0.679,-9.195,1,0.0393,7.83e-05,0.247,0.42,90.974,223267.0,4,55.0
0.607,0.912,-4.122,0,0.0461,0.0488,0.154,0.819,104.996,191027.0,4,42.0
0.382,0.594,-8.402,1,0.0528,0.549,0.107,0.521,160.251,2.6125,4,38.0
0.494,0.512,-9.698,1,0.0328,0.000709,0.274,0.0329,120.047,4.776066667,4,8.0
0.654,0.843,-7.264,0,0.0286,0.0392,0.17,0.97,145.026,240661.0,4,34.0
0.28,0.258,-14.109,1,0.029,0.206,0.112,0.186,172.098,255633.0,3,53.0
0.604,0.442,-10.076,1,0.0307,0.802,0.145,0.419,78.03,197829.0,4,12.0
0.779,0.493,-8.536,1,0.189,0.194,0.125,0.535,97.982,147310.0,4,35.0
0.657,0.375,-9.212,0,0.0911,0.163,0.106,0.211,126.231,345827.0,4,45.0
0.267,0.347,-14.454,0,0.0335,0.992,0.173,0.395,68.164,3.56615,4,18.0
0.547,0.798,-8.668,0,0.0375,0.0383,0.0771,0.1,90.501,4.184933333,4,24.0
0.539,0.951,-4.138,0,0.0478,0.174,0.218,0.78,159.731,213560.0,4,23.0
0.603,0.633,-4.148,0,0.0334,0.0473,0.433,0.0894,86.971,196082.0,4,52.0
0.351,0.237,-16.727,1,0.0525,0.98,0.323,0.457,80.894,227093.0,4,24.0
0.586,0.944,-5.508,0,0.0706,0.000179,0.133,0.554,136.991,242840.0,4,23.0
0.455,0.247,-17.85,1,0.0333,0.13,0.0718,0.0827,175.812,6.066216667,4,47.0
0.769,0.342,-14.044,0,0.0413,0.395,0.136,0.274,104.932,245480.0,4,30.0
0.538,0.502,-13.22,1,0.0331,0.219,0.0856,0.414,81.297,267853.0,4,36.0
0.69,0.567,-10.875,0,0.311,0.599,0.116,0.609,96.002,328573.0,4,49.0
0.723,0.341,-9.546,0,0.0547,0.519,0.0611,0.737,143.884,235339.0,4,24.0
0.818,0.553,-5.694,1,0.0882,0.107,0.118,0.842,118.043,199322.0,4,47.0
0.905,0.564,-9.221,1,0.307,0.368,0.112,0.547,141.983,152199.0,4,63.0
0.565,0.877,-4.561,0,0.0614,0.00813,0.26,0.389,118.484,285920.0,4,60.0
0.673,0.716,-4.982,0,0.0291,0.088,0.209,0.727,97.925,183525.0,4,59.0
0.429,0.873,-6.121,1,0.0539,0.00362,0.111,0.439,79.529,305345.0,4,44.0
0.328,0.0391,-23.658,0,0.0474,0.98,0.11,0.292,171.043,164949.0,3,32.0
0.407,0.841,-8.161,0,0.0339,0.15,0.296,0.422,135.389,189829.0,4,46.0
0.241,0.923,-3.495,1,0.0529,0.000446,0.22,0.451,172.046,291132.0,3,54.0
0.555,0.883,-3.426,1,0.0341,0.00114,0.868,0.507,125.02,316718.0,4,69.0
0.749,0.714,-5.055,1,0.199,0.102,0.173,0.782,96.515,189827.0,4,51.0
0.814,0.794,-5.248,1,0.213,0.138,0.328,0.737,95.233,174397.0,4,36.0
0.498,0.391,-9.158,1,0.0284,0.773,0.112,0.348,159.787,421080.0,4,33.0
0.643,0.502,-12.373,1,0.0366,0.679,0.143,0.418,107.783,271441.0,4,36.0
0.376,0.511,-6.608,1,0.0294,0.00513,0.118,0.253,153.895,234613.0,4,46.0
0.678,0.467,-11.192,1,0.0375,0.656,0.356,0.187,109.974,276000.0,4,42.0
0.637,0.129,-17.082,1,0.0346,0.887,0.0719,0.298,125.802,3.79365,4,64.0
0.487,0.609,-8.111,0,0.0249,0.291,0.336,0.349,99.983,175307.0,4,16.0
0.464,0.47,-12.03,1,0.031,0.145,0.128,0.134,119.158,362133.0,4,32.0
0.338,0.93,-4.619,1,0.131,0.0111,0.172,0.589,203.101,255175.0,4,59.0
0.412,0.977,-6.063,1,0.0717,8.57e-05,0.0956,0.421,154.918,251200.0,4,48.0
0.629,0.458,-8.177,1,0.0422,0.00269,0.0969,0.467,79.362,220377.0,4,40.0
0.302,0.686,-5.655,1,0.0496,0.0234,0.28,0.489,150.432,316000.0,4,36.0
0.615,0.0947,-15.896,1,0.0645,0.99,0.111,0.273,95.989,2.94245,4,49.0
0.662,0.845,-6.173,0,0.0352,0.0211,0.342,0.679,114.957,202502.0,4,60.0
0.619,0.608,-7.719,0,0.0293,0.593,0.152,0.718,110.014,305653.0,4,17.0
0.596,0.552,-10.278,0,0.097,0.0765,0.104,0.112,97.949,229320.0,4,76.0
0.775,0.604,-12.625,1,0.222,0.0252,0.0633,0.697,142.04,168253.0,4,21.0
0.356,0.963,-4.216,0,0.15,0.000296,0.346,0.352,180.015,197167.0,4,34.0
0.0896,0.974,-6.697,0,0.149,8.1e-06,0.138,0.0466,195.168,279123.0,3,21.0
0.668,0.672,-4.931,1,0.0303,0.111,0.329,0.539,89.011,3.351783333,4,67.0
0.538,0.899,-5.426,1,0.105,0.000942,0.0385,0.267,159.941,154251.0,4,30.0
0.343,0.78,-6.479,1,0.0375,0.0133,0.157,0.412,100.895,4.622866667,4,13.0
0.579,0.734,-4.644,1,0.303,0.321,0.159,0.407,79.994,194500.0,4,40.0
0.673,0.704,-5.766,0,0.0339,0.493,0.0732,0.578,93.547,157267.0,4,51.0
0.378,0.638,-5.576,1,0.075,0.02,0.0849,0.735,184.086,250627.0,4,76.0
0.611,0.734,-7.741,1,0.0451,0.0675,0.585,0.556,91.001,251267.0,4,54.0
0.873,0.886,-4.53,1,0.357,0.0241,0.0347,0.274,127.061,169134.0,4,40.0
0.786,0.659,-8.929,0,0.0525,0.236,0.312,0.823,118.033,244000.0,4,40.0
0.262,0.928,-2.795,1,0.0894,8.08e-05,0.195,0.533,161.925,233520.0,4,61.0
0.539,0.935,-3.379,0,0.0937,0.00957,0.0773,0.306,109.979,214554.0,4,38.0
0.388,0.978,-3.57,1,0.123,0.00032,0.302,0.166,133.988,174053.0,4,31.0
0.549,0.294,-13.181,0,0.0337,0.144,0.108,0.146,115.299,342067.0,4,56.0
0.531,0.904,-5.334,0,0.0443,0.000104,0.0786,0.847,147.846,205267.0,4,38.0
0.458,0.377,-11.406,1,0.0343,0.575,0.204,0.145,104.607,252000.0,4,39.0
0.513,0.82,-5.428,1,0.0299,0.00192,0.504,0.52,99.952,269400.0,4,57.0
0.725,0.629,-6.208,0,0.0461,0.172,0.347,0.499,91.961,229558.0,4,52.0
0.64,0.744,-7.9,1,0.0442,0.0874,0.0586,0.768,92.983,3.314,4,40.0
0.785,0.892,-4.71,1,0.0356,0.0711,0.113,0.974,120.115,179160.0,4,59.0
0.718,0.761,-4.172,0,0.148,0.0907,0.0647,0.692,170.006,175071.0,4,44.0
0.762,0.701,-3.541,1,0.0286,0.235,0.123,0.742,110.968,3.481116667,4,95.0
0.243,0.987,-4.011,0,0.293,0.0016,0.158,0.112,130.032,381120.0,4,36.0
0.401,0.577,-9.008,0,0.0807,0.47,0.132,0.559,77.983,126499.0,4,48.0
0.357,0.738,-7.858,1,0.181,0.465,0.0885,0.52,176.281,6.177116667,4,17.0
0.703,0.653,-3.969,0,0.0376,0.0543,0.345,0.414,148.02,123446.0,4,54.0
0.249,0.0279,-29.617,0,0.039,0.975,0.103,0.037,84.122,223267.0,3,51.0
0.367,0.979,-2.977,1,0.109,7.04e-06,0.242,0.176,170.037,212467.0,4,43.0
0.764,0.333,-15.921,1,0.0308,0.217,0.11,0.738,130.541,3.347116667,4,59.0
0.306,0.0632,-25.363,0,0.0363,0.917,0.105,0.0308,101.071,2.89095,1,9.0
0.483,0.858,-2.94,0,0.0346,0.0559,0.514,0.712,188.055,357419.0,4,57.0
0.537,0.558,-8.683,1,0.0296,0.0243,0.106,0.828,96.967,202333.0,4,26.0
0.617,0.754,-7.395,1,0.0363,0.00754,0.256,0.397,105.282,196853.0,4,51.0
0.449,0.508,-7.444,0,0.0304,0.609,0.153,0.191,122.275,255373.0,4,25.0
0.717,0.391,-7.425,1,0.0309,0.888,0.0938,0.507,121.924,211715.0,4,60.0
0.653,0.722,-7.3,1,0.0292,0.0571,0.107,0.888,128.018,206240.0,4,53.0
0.562,0.878,-4.806,1,0.0387,0.0539,0.112,0.558,103.029,3.94775,4,64.0
0.414,0.949,-6.038,1,0.0767,0.000498,0.102,0.46,159.999,274053.0,4,56.0
0.401,0.535,-11.402,0,0.0457,0.0315,0.622,0.151,98.23,141375.0,4,19.0
0.718,0.4,-6.901,1,0.0315,0.0341,0.109,0.429,86.014,238547.0,4,47.0
0.703,0.525,-9.626,1,0.0528,0.22,0.0475,0.786,97.067,277013.0,4,39.0
0.343,0.532,-7.347,1,0.0318,0.934,0.316,0.476,104.775,5.583433333,4,25.0
0.45,0.923,-7.518,1,0.102,0.0473,0.325,0.529,185.989,210200.0,4,21.0
0.513,0.0658,-21.082,1,0.0409,0.949,0.117,0.152,121.391,3.71905,4,46.0
0.743,0.644,-7.378,0,0.0549,0.0389,0.0708,0.653,114.994,229976.0,4,38.0
0.873,0.751,-7.606,0,0.126,0.0766,0.422,0.774,104.487,314600.0,4,39.0
0.409,0.338,-7.951,1,0.0432,0.731,0.25,0.273,184.043,144446.0,3,31.0
0.745,0.736,-5.258,0,0.29,0.142,0.11,0.77,104.008,172758.0,4,70.0
0.276,0.389,-12.124,0,0.0314,0.293,0.0807,0.155,65.603,254373.0,4,13.0
0.592,0.813,-7.154,1,0.0465,0.0014,0.336,0.384,114.038,224773.0,4,60.0
0.635,0.548,-12.39,0,0.118,0.274,0.465,0.476,96.951,257853.0,4,32.0
0.546,0.937,-4.247,1,0.0736,3.44e-05,0.104,0.389,96.033,214987.0,4,52.0
0.691,0.179,-15.682,1,0.0373,0.842,0.0943,0.222,108.573,3.4312,4,53.0
0.783,0.571,-9.746,0,0.55,0.408,0.19,0.655,103.902,133846.0,4,47.0
0.402,0.931,-4.455,1,0.0562,0.000277,0.243,0.32,102.185,204844.0,4,52.0
0.528,0.159,-13.696,1,0.0267,0.76,0.209,0.423,82.986,315795.0,3,44.0
0.489,0.322,-8.785,0,0.0265,0.787,0.127,0.416,87.381,238971.0,4,37.0
0.541,0.887,-6.429,1,0.0322,0.000498,0.222,0.708,140.003,205042.0,4,52.0
0.696,0.837,-5.961,1,0.123,0.098,0.35,0.469,105.984,282280.0,4,29.0
0.497,0.99,-3.436,1,0.13,0.000778,0.129,0.101,131.99,249050.0,4,58.0
0.897,0.371,-5.019,1,0.368,0.0904,0.325,0.441,81.008,156005.0,4,79.0
0.699,0.882,-3.896,0,0.0311,0.00296,0.13,0.657,120.016,196813.0,4,80.0
0.602,0.467,-11.087,1,0.301,0.155,0.32,0.171,185.113,268227.0,4,30.0
0.854,0.71,-6.32,0,0.0793,0.0113,0.166,0.818,106.894,214947.0,4,74.0
0.33,0.532,-11.764,1,0.0263,0.00101,0.101,0.218,93.512,285907.0,4,63.0
0.454,0.97,-6.759,1,0.13,0.00102,0.299,0.157,87.968,348627.0,4,31.0
0.785,0.793,-7.915,1,0.163,0.22,0.124,0.655,88.902,310600.0,4,61.0
0.483,0.818,-7.666,1,0.0444,0.114,0.367,0.691,175.668,219467.0,4,68.0
0.218,0.196,-15.586,0,0.0333,0.586,0.0991,0.0858,170.196,473600.0,4,32.0
0.802,0.699,-7.677,0,0.304,0.159,0.122,0.348,124.173,211412.0,4,44.0
0.501,0.652,-10.403,1,0.0319,0.0262,0.173,0.476,142.013,523467.0,4,29.0
0.476,0.594,-6.879,1,0.135,0.0599,0.0785,0.314,159.702,141050.0,4,88.0
0.514,0.95,-4.657,1,0.0725,1.09e-05,0.19,0.149,130.027,467827.0,4,51.0
0.621,0.799,-10.119,1,0.0648,0.0668,0.111,0.739,157.925,198228.0,4,45.0
0.25,0.979,-2.075,1,0.176,1.06e-05,0.0609,0.651,93.122,152280.0,4,36.0
0.504,0.888,-5.948,1,0.0661,0.0588,0.256,0.303,116.44,281053.0,4,46.0
0.432,0.183,-8.276,1,0.0368,0.736,0.104,0.319,131.848,2.858333333,3,42.0
0.386,0.561,-5.879,1,0.0324,0.806,0.11,0.416,78.884,216371.0,4,49.0
0.383,0.515,-7.771,1,0.0341,0.394,0.116,0.141,139.85,244253.0,4,39.0
0.573,0.939,-6.441,1,0.0808,0.493,0.0994,0.963,137.382,134253.0,4,72.0
0.308,0.304,-11.801,1,0.0293,0.418,0.37,0.0755,149.056,190000.0,4,24.0
0.439,0.891,-8.025,1,0.0371,0.015,0.0461,0.509,155.406,249853.0,4,33.0
0.893,0.49,-6.563,0,0.0589,0.197,0.102,0.517,108.032,181074.0,4,59.0
0.593,0.693,-8.576,1,0.0305,0.0283,0.172,0.749,150.489,363538.0,4,42.0
0.299,0.229,-10.635,0,0.0281,0.89,0.129,0.147,83.413,3.19791667,4,50.0
0.547,0.827,-4.339,1,0.0282,1.09e-05,0.409,0.467,105.913,209480.0,4,60.0
0.574,0.688,-8.4,0,0.38,0.0256,0.334,0.522,91.254,128076.0,1,31.0
0.484,0.711,-7.784,1,0.0331,0.0183,0.0941,0.49,148.189,8.38445,4,67.0
0.457,0.985,-5.362,1,0.048,0.0154,0.0878,0.641,87.382,195862.0,4,10.0
0.674,0.659,-8.049,1,0.0277,0.00156,0.108,0.697,99.768,243587.0,4,61.0
0.647,0.701,-10.689,0,0.0497,0.407,0.144,0.369,120.048,293900.0,4,33.0
0.567,0.666,-9.647,1,0.0298,0.0244,0.107,0.251,106.001,305489.0,4,54.0
0.602,0.371,-7.343,0,0.0286,0.715,0.123,0.16,129.955,260560.0,4,41.0
0.359,0.392,-7.879,1,0.0292,0.569,0.112,0.369,95.494,3.697816667,4,60.0
0.613,0.721,-6.245,1,0.305,0.0922,0.261,0.45,179.804,180000.0,4,57.0
0.73,0.403,-10.146,1,0.0483,0.718,0.0985,0.502,124.901,3.82045,4,54.0
0.494,0.78,-4.283,0,0.0406,0.00305,0.183,0.547,98.95,255240.0,4,23.0
0.898,0.604,-4.184,1,0.377,0.0413,0.0876,0.492,135.144,176760.0,4,45.0
0.514,0.819,-6.713,0,0.0375,0.0122,0.283,0.316,142.953,162973.0,4,23.0
0.551,0.801,-5.069,1,0.0303,0.013,0.265,0.625,128.027,4.012666667,4,77.0
0.433,0.815,-2.991,1,0.0778,0.00171,0.473,0.372,175.672,177453.0,4,46.0
0.564,0.316,-10.147,1,0.0315,0.635,0.128,0.183,139.908,223080.0,4,28.0
0.526,0.894,-6.671,1,0.0472,0.000245,0.0849,0.344,132.044,296430.0,4,29.0
0.605,0.299,-11.192,0,0.0264,0.751,0.0943,0.181,109.008,212467.0,4,61.0
0.491,0.719,-5.78,1,0.065,0.74,0.0518,0.933,184.918,2.43066667,4,42.0
0.528,0.336,-6.532,1,0.04,0.284,0.335,0.256,172.565,414253.0,3,6.0
0.303,0.969,-2.466,1,0.162,9.03e-05,0.417,0.163,109.384,186488.0,5,49.0
0.642,0.475,-7.88,0,0.209,0.587,0.126,0.475,97.437,197547.0,3,28.0
0.658,0.471,-10.973,0,0.219,0.336,0.215,0.491,164.009,197573.0,3,40.0
0.494,0.366,-8.433,1,0.0378,0.729,0.183,0.484,173.779,3.352716667,3,53.0
0.701,0.844,-6.629,1,0.133,0.152,0.194,0.198,120.04,257022.0,4,66.0
0.439,0.0554,-15.183,1,0.0349,0.984,0.111,0.178,101.015,4.356916667,4,49.0
0.551,0.885,-6.242,1,0.0424,0.212,0.53,0.789,120.033,221208.0,4,30.0
0.586,0.893,-3.494,0,0.157,0.0676,0.255,0.492,89.93,178793.0,4,47.0
0.295,0.754,-3.16,0,0.0349,0.0465,0.164,0.18,152.465,249107.0,4,49.0
0.346,0.948,-6.858,1,0.0687,0.00172,0.0675,0.282,96.15,204438.0,4,35.0
0.527,0.983,-4.31,1,0.11,0.000153,0.275,0.449,94.995,266347.0,4,31.0
0.489,0.536,-13.289,0,0.0384,0.654,0.337,0.61,136.908,358627.0,4,38.0
0.505,0.853,-8.976,0,0.0594,0.311,0.115,0.368,126.995,324414.0,4,43.0
0.734,0.694,-8.141,0,0.145,0.000702,0.387,0.652,109.837,243168.0,4,34.0
0.519,0.77,-8.788,1,0.0809,0.0675,0.0762,0.921,158.29,197800.0,4,69.0
0.569,0.789,-8.559,1,0.0309,5.62e-06,0.0811,0.911,115.152,235093.0,4,60.0
0.695,0.928,-5.33,0,0.0288,0.0591,0.115,0.639,120.998,247827.0,4,41.0
0.37,0.928,-4.859,0,0.115,0.000941,0.145,0.0965,149.714,255713.0,4,45.0
0.854,0.381,-7.481,0,0.0622,0.291,0.15,0.261,100.096,216750.0,4,36.0
0.967,0.583,-5.562,0,0.0789,0.0584,0.0519,0.964,117.0,4.04555,4,78.0
0.491,0.526,-7.066,1,0.0317,0.0896,0.295,0.22,159.954,184920.0,4,32.0
0.546,0.445,-6.503,1,0.0268,0.0402,0.3,0.143,75.012,258660.0,4,43.0
0.554,0.849,-4.479,0,0.0362,0.00399,0.0842,0.842,115.996,192601.0,4,47.0
0.473,0.913,-6.05,1,0.0594,0.02,0.487,0.594,94.518,203347.0,4,24.0
0.574,0.857,-6.973,1,0.0359,0.0268,0.0786,0.145,132.999,191653.0,4,39.0
0.732,0.604,-7.472,1,0.0443,0.0112,0.219,0.732,139.982,195429.0,4,27.0
0.361,0.902,-3.462,1,0.0524,1.68e-05,0.339,0.427,164.976,183091.0,4,13.0
0.459,0.931,-5.024,1,0.0612,0.00126,0.412,0.419,135.826,200693.0,4,68.0
0.234,0.947,-7.293,1,0.117,0.0108,0.212,0.16,176.279,175973.0,4,50.0
0.419,0.681,-5.451,1,0.0309,0.0353,0.12,0.279,171.871,249000.0,4,26.0
0.313,0.89,-5.344,1,0.0798,0.000155,0.236,0.481,131.1,216644.0,4,28.0
0.33,0.587,-5.865,1,0.0371,0.221,0.119,0.154,149.204,240040.0,4,42.0
0.682,0.72,-8.173,0,0.0381,0.326,0.148,0.673,117.003,169011.0,4,82.0
0.487,0.797,-5.634,0,0.0697,9.37e-05,0.248,0.452,156.016,175432.0,4,43.0
0.436,0.897,-3.695,1,0.0377,0.000192,0.327,0.919,161.971,123104.0,4,30.0
0.502,0.417,-7.665,1,0.0718,0.127,0.106,0.218,180.301,281040.0,4,68.0
0.529,0.843,-6.908,0,0.0616,0.0628,0.0608,0.188,117.662,310333.0,4,77.0
0.35,0.215,-14.659,1,0.0374,0.933,0.126,0.135,99.903,4.14445,4,45.0
0.495,0.798,-9.173,1,0.0387,0.000272,0.234,0.461,132.007,5.18378333,4,1.0
0.621,0.897,-8.113,0,0.0317,0.135,0.208,0.906,162.127,195253.0,4,46.0
0.526,0.776,-4.169,1,0.0852,0.000431,0.334,0.524,131.194,207373.0,4,55.0
0.329,0.905,-5.728,1,0.0546,8.63e-05,0.11,0.711,145.149,183560.0,4,22.0
0.636,0.201,-15.965,0,0.0506,0.97,0.101,0.434,82.955,3.953816667,4,42.0
0.512,0.883,-8.808,1,0.0323,0.0133,0.106,0.452,135.957,317464.0,4,41.0
0.482,0.567,-8.548,1,0.0286,0.189,0.357,0.646,167.581,234274.0,4,40.0
0.472,0.338,-11.196,1,0.0273,0.85,0.0761,0.522,85.66,2.913783333,4,46.0
0.648,0.577,-10.153,1,0.0552,0.703,0.11,0.887,80.368,238680.0,4,42.0
0.312,0.772,-6.007,0,0.0544,0.123,0.679,0.628,142.413,368213.0,4,33.0
0.859,0.617,-5.891,0,0.249,0.792,0.122,0.667,100.079,115733.0,4,40.0
0.214,0.128,-19.714,1,0.0458,0.781,0.122,0.0524,127.208,9.86245,3,26.0
0.582,0.81,-6.117,1,0.0379,0.0261,0.0699,0.684,90.947,183552.0,4,14.0
0.683,0.485,-7.353,1,0.0715,0.598,0.117,0.674,81.743,160680.0,3,45.0
0.538,0.707,-13.823,1,0.033,0.208,0.899,0.782,92.698,321973.0,4,30.0
0.261,0.973,-3.996,1,0.146,2.24e-05,0.142,0.21,199.868,211894.0,4,35.0
0.364,0.747,-5.743,1,0.0367,0.000166,0.118,0.0939,151.909,328093.0,3,38.0
0.512,0.204,-8.376,1,0.036,0.942,0.106,0.296,129.947,175987.0,3,43.0
0.356,0.684,-7.347,1,0.0878,0.152,0.101,0.347,87.188,3.22888333,4,82.0
0.4,0.425,-12.059,1,0.0297,0.0632,0.105,0.369,152.052,299999.0,4,23.0
0.692,0.521,-6.769,1,0.0414,0.643,0.119,0.734,76.958,152580.0,4,24.0
0.65,0.766,-5.938,0,0.0429,0.0178,0.115,0.926,110.302,186653.0,4,23.0
0.548,0.541,-5.087,0,0.0284,0.444,0.138,0.267,77.991,220773.0,4,31.0
0.659,0.585,-8.189,1,0.0288,0.623,0.348,0.784,104.111,158427.0,4,71.0
0.0726,0.787,-6.58,0,0.0639,2.13e-06,0.199,0.0771,80.052,253042.0,4,21.0
0.603,0.484,-12.79,1,0.0337,0.0926,0.1,0.585,128.018,141000.0,4,42.0
0.338,0.844,-6.577,0,0.0452,3.91e-05,0.0774,0.284,135.984,367507.0,4,41.0
0.418,0.907,-3.675,1,0.0584,0.000101,0.346,0.473,99.17,250793.0,4,62.0
0.58,0.788,-4.714,1,0.259,0.0123,0.368,0.72,148.992,182426.0,4,77.0
0.55,0.934,-5.076,1,0.0595,0.000113,0.18,0.527,112.846,195707.0,4,60.0
0.568,0.993,-3.08,1,0.0773,0.0257,0.232,0.608,94.992,227747.0,4,41.0
0.712,0.483,-9.664,1,0.034,0.174,0.161,0.632,121.127,257193.0,4,39.0
0.469,0.827,-9.694,1,0.0699,4.17e-05,0.253,0.558,85.017,180359.0,4,22.0
0.429,0.371,-11.803,1,0.0351,0.768,0.119,0.305,129.842,3.96301667,4,61.0
0.651,0.589,-12.709,1,0.0735,0.959,0.115,0.914,103.622,7.105333333,4,8.0
0.542,0.502,-10.607,0,0.0515,0.195,0.174,0.948,174.11,289560.0,4,56.0
0.497,0.26,-12.461,0,0.0349,0.932,0.123,0.154,84.393,155853.0,4,32.0
0.597,0.576,-5.276,1,0.0259,0.623,0.109,0.754,112.436,3.792583333,4,38.0
0.647,0.86,-5.307,0,0.0409,0.0805,0.0484,0.818,130.112,219627.0,4,10.0
0.328,0.429,-9.162,0,0.0291,0.878,0.684,0.29,81.719,303160.0,3,31.0
0.677,0.665,-5.171,1,0.0305,0.56,0.338,0.706,74.981,5.208883333,4,55.0
0.622,0.932,-4.66,0,0.0498,0.105,0.328,0.519,108.051,2.936,4,66.0
0.585,0.671,-10.897,1,0.0466,0.0118,0.104,0.49,146.287,287240.0,4,43.0
0.636,0.256,-12.127,1,0.0353,0.89,0.117,0.274,104.921,2.98955,4,37.0
0.301,0.921,-3.689,1,0.153,0.00051,0.0626,0.165,100.662,235239.0,4,39.0
0.41,0.959,-4.425,1,0.0738,3.59e-06,0.388,0.375,149.983,190812.0,4,39.0
0.526,0.763,-12.663,0,0.0341,0.00126,0.359,0.514,136.205,215160.0,4,75.0
0.573,0.954,-5.576,0,0.0322,0.0262,0.144,0.685,128.011,243755.0,4,30.0
0.381,0.96,-5.177,0,0.137,2.31e-05,0.318,0.236,175.994,191080.0,4,38.0
0.585,0.972,-4.45,0,0.0534,0.0143,0.0707,0.585,110.006,230253.0,4,74.0
0.5,0.949,-3.123,1,0.0833,0.00847,0.514,0.648,159.824,175343.0,4,60.0
0.357,0.94,-2.74,0,0.158,0.00323,0.206,0.444,174.978,137143.0,3,40.0
0.554,0.963,-3.762,0,0.035,0.000244,0.431,0.918,128.175,195147.0,4,72.0
0.808,0.792,-4.436,1,0.113,0.0189,0.0876,0.542,99.027,167876.0,4,56.0
0.857,0.746,-4.235,0,0.03,0.0813,0.284,0.813,112.008,231649.0,4,50.0
0.654,0.472,-9.441,1,0.0266,0.709,0.123,0.282,82.976,225106.0,4,44.0
0.725,0.6,-8.296,1,0.0397,0.0718,0.198,0.667,84.02,191933.0,4,27.0
0.878,0.525,-6.832,1,0.0578,0.183,0.0714,0.694,112.022,158571.0,4,82.0
0.472,0.951,-3.357,1,0.0528,3.81e-05,0.105,0.566,77.494,317032.0,4,36.0
0.403,0.579,-8.123,0,0.0388,0.128,0.096,0.236,100.019,209400.0,4,21.0
0.528,0.855,-4.641,1,0.051,0.00113,0.281,0.206,100.042,227367.0,4,58.0
0.324,0.566,-8.765,1,0.0295,0.032,0.138,0.292,138.414,321160.0,4,39.0
0.675,0.38,-8.622,0,0.0315,0.715,0.174,0.7,94.92,216095.0,4,60.0
0.597,0.184,-18.215,1,0.0537,0.937,0.115,0.427,73.037,148107.0,4,39.0
0.446,0.974,-5.626,1,0.043,2.45e-05,0.227,0.407,99.148,149053.0,4,36.0
0.563,0.542,-5.414,1,0.114,0.951,0.0954,0.653,83.226,3.648866667,4,22.0
0.574,0.627,-6.182,0,0.122,0.0846,0.0351,0.864,190.415,234160.0,4,38.0
0.294,0.675,-3.562,1,0.0435,3.15e-05,0.321,0.37,148.186,228853.0,4,44.0
0.0916,0.463,-10.333,1,0.0331,0.509,0.328,0.0412,86.505,578000.0,4,46.0
0.416,0.898,-7.609,1,0.0499,0.000105,0.796,0.802,134.984,199493.0,4,43.0
0.62,0.547,-6.772,1,0.0248,0.112,0.19,0.208,98.032,210355.0,4,75.0
0.261,0.66,-4.483,1,0.0394,0.0199,0.266,0.198,166.68,248760.0,4,51.0
0.498,0.734,-8.522,1,0.0451,0.0198,0.244,0.64,110.034,304933.0,4,34.0
0.682,0.736,-5.004,1,0.0458,0.017,0.14,0.812,150.021,209748.0,4,61.0
0.863,0.543,-13.497,1,0.13,0.0507,0.241,0.799,106.929,213267.0,4,61.0
0.553,0.893,-4.062,0,0.0545,0.0502,0.145,0.138,174.019,220690.0,4,59.0
0.535,0.534,-8.98,0,0.0349,0.337,0.222,0.396,169.938,206495.0,4,24.0
0.186,0.811,-3.859,1,0.0403,0.000119,0.0984,0.164,148.019,371984.0,4,36.0
0.306,0.989,-1.487,0,0.0815,0.000993,0.376,0.416,173.938,216160.0,4,38.0
0.849,0.707,-6.002,1,0.113,0.0266,0.618,0.602,104.027,4.134,4,78.0
0.572,0.838,-4.93,0,0.0394,0.000223,0.252,0.345,107.004,220554.0,4,46.0
0.559,0.845,-4.236,0,0.0362,0.00757,0.115,0.262,91.98,185960.0,4,60.0
0.5,0.28,-10.764,0,0.0404,0.88,0.102,0.0832,92.457,190253.0,4,58.0
0.826,0.745,-6.091,1,0.141,0.13,0.178,0.883,119.92,202249.0,4,60.0
0.22,0.848,-3.686,1,0.0501,0.0429,0.142,0.389,121.948,253613.0,4,37.0
0.237,0.88,-3.945,1,0.0505,8.54e-06,0.085,0.309,130.128,210067.0,4,44.0
0.805,0.775,-8.329,0,0.0365,0.707,0.11,0.715,134.999,233744.0,4,48.0
0.297,0.872,-5.881,0,0.0405,0.000119,0.32,0.533,80.384,309987.0,4,48.0
0.595,0.784,-4.878,1,0.102,0.216,0.0608,0.479,124.111,3.0621,4,89.0
0.474,0.948,-2.487,0,0.057,0.00855,0.123,0.75,163.029,212187.0,4,46.0
0.538,0.828,-11.304,1,0.0831,0.391,0.146,0.773,128.03,2.353733333,4,8.0
0.546,0.193,-11.903,1,0.0426,0.868,0.087,0.311,139.795,191693.0,4,60.0
0.794,0.649,-4.294,1,0.348,0.0584,0.314,0.611,144.343,121148.0,4,72.0
0.772,0.83,-5.019,1,0.0599,0.016,0.0843,0.697,94.011,194200.0,4,73.0
0.553,0.621,-7.474,0,0.0274,0.00591,0.347,0.425,95.055,276493.0,4,44.0
0.625,0.432,-11.948,1,0.0283,0.633,0.127,0.361,137.926,360933.0,4,65.0
0.348,0.958,-4.19,0,0.112,3.95e-06,0.0744,0.434,185.774,214211.0,4,56.0
0.343,0.983,-2.359,0,0.212,0.00107,0.0708,0.186,124.536,269360.0,4,63.0
0.314,0.287,-12.141,1,0.0291,0.856,0.0966,0.0374,58.344,281040.0,4,27.0
0.47,0.492,-7.204,1,0.0317,0.657,0.199,0.478,120.311,217920.0,3,35.0
0.49,0.157,-18.181,1,0.0657,0.922,0.117,0.262,191.828,3.055766667,3,51.0
0.52,0.795,-3.452,1,0.345,0.177,0.107,0.394,67.875,193013.0,4,47.0
0.72,0.534,-6.491,1,0.163,0.219,0.0508,0.203,118.017,216864.0,4,7.0
0.382,0.443,-15.925,1,0.0474,0.375,0.874,0.341,100.425,1069773.0,4,17.0
0.78,0.715,-4.606,1,0.102,0.125,0.218,0.365,125.015,207328.0,4,62.0
0.688,0.779,-5.988,1,0.0406,0.0221,0.08,0.505,133.97,168500.0,4,9.0
0.353,0.546,-7.88,0,0.0307,0.255,0.121,0.48,93.056,174683.0,4,20.0
0.406,0.819,-6.8,0,0.0392,0.0134,0.371,0.25,123.763,320351.0,1,44.0
0.616,0.616,-8.662,1,0.0282,0.00104,0.178,0.598,117.997,286891.0,4,32.0
0.373,0.989,-3.861,1,0.166,9.96e-06,0.086,0.102,120.069,251427.0,4,18.0
0.65,0.533,-8.634,0,0.0425,0.00118,0.0348,0.643,142.208,256713.0,1,20.0
0.609,0.88,-4.391,0,0.0676,0.00061,0.0814,0.645,120.006,203547.0,4,41.0
0.572,0.552,-9.134,1,0.0507,0.512,0.0836,0.489,95.06,163293.0,3,36.0
0.788,0.871,-8.016,0,0.0471,0.0207,0.0677,0.534,127.999,497138.0,4,47.0
0.283,0.0595,-19.631,1,0.0456,0.95,0.11,0.143,137.768,6.880216667,3,20.0
0.348,0.686,-12.748,0,0.0319,0.0233,0.145,0.635,178.466,295373.0,3,62.0
0.753,0.321,-9.758,1,0.0897,0.16,0.117,0.504,152.04,180276.0,4,24.0
0.762,0.691,-3.761,0,0.033,0.0556,0.242,0.713,126.978,4.341333333,4,34.0
0.593,0.857,-5.858,0,0.108,0.255,0.205,0.448,124.842,2.632,4,30.0
0.38,0.339,-7.885,1,0.0338,0.691,0.12,0.0849,100.607,3.82045,4,94.0
0.136,0.945,-7.602,0,0.13,0.000312,0.203,0.485,188.429,150629.0,4,31.0
0.532,0.375,-7.969,0,0.0437,0.776,0.1,0.535,170.341,195658.0,4,34.0
0.475,0.43,-10.652,1,0.0252,0.446,0.126,0.058,77.951,182000.0,4,35.0
0.409,0.932,-4.538,0,0.0339,1.87e-05,0.31,0.591,131.761,166640.0,4,71.0
0.187,0.0275,-27.442,0,0.0348,0.977,0.116,0.0894,81.322,2.9375,4,43.0
0.593,0.425,-9.775,1,0.0288,0.29,0.167,0.268,110.208,336160.0,4,58.0
0.301,0.887,-3.68,1,0.0525,0.00237,0.197,0.622,176.054,217246.0,4,38.0
0.638,0.66,-7.115,0,0.299,0.246,0.134,0.738,157.996,174684.0,4,68.0
0.478,0.953,-7.294,1,0.0892,0.0328,0.597,0.407,96.622,204200.0,4,49.0
0.421,0.476,-7.692,1,0.0298,0.268,0.0816,0.3,169.784,3.814,4,68.0
0.63,0.689,-5.927,1,0.0253,0.00351,0.103,0.422,104.683,3.49555,4,39.0
0.331,0.914,-4.251,0,0.0845,0.000949,0.0807,0.375,160.04,195536.0,4,36.0
0.567,0.714,-8.512,0,0.0302,0.0012,0.186,0.191,107.441,403533.0,3,69.0
0.48,0.347,-12.288,1,0.0316,0.658,0.106,0.228,117.299,189545.0,4,34.0
0.581,0.576,-6.938,1,0.0276,0.207,0.109,0.526,77.001,221760.0,4,40.0
0.806,0.513,-6.208,1,0.0685,0.217,0.217,0.503,124.988,178157.0,4,82.0
0.826,0.5,-8.266,1,0.147,0.0445,0.202,0.493,130.014,200368.0,4,48.0
0.561,0.543,-10.709,0,0.283,0.624,0.324,0.908,79.337,211958.0,4,41.0
0.262,0.925,-7.136,1,0.0721,0.00305,0.075,0.374,84.963,365684.0,4,24.0
0.385,0.433,-9.256,1,0.0435,0.241,0.11,0.427,89.974,325600.0,4,67.0
0.876,0.71,-12.908,1,0.347,0.0654,0.918,0.724,98.305,218333.0,4,62.0
0.768,0.523,-5.088,1,0.0374,0.343,0.1,0.538,115.934,200320.0,4,43.0
0.739,0.522,-12.304,0,0.151,0.821,0.233,0.619,138.263,146390.0,4,77.0
0.649,0.71,-6.656,0,0.0875,0.424,0.118,0.733,149.928,145480.0,4,32.0
0.723,0.989,-2.944,1,0.176,0.0565,0.689,0.333,105.986,273373.0,4,11.0
0.626,0.721,-6.35,0,0.0305,0.0014,0.203,0.493,116.414,237440.0,4,43.0
0.672,0.696,-7.885,1,0.034,0.547,0.175,0.455,112.762,183068.0,4,28.0
0.405,0.983,-5.272,1,0.11,2.7e-06,0.372,0.275,174.959,266920.0,4,36.0
0.458,0.992,-1.836,0,0.113,0.00035,0.347,0.414,164.978,231080.0,4,27.0
0.679,0.684,-7.691,1,0.166,0.124,0.587,0.786,169.939,324800.0,3,30.0
0.59,0.521,-8.823,0,0.0335,0.404,0.357,0.423,99.165,270067.0,4,57.0
0.385,0.979,-3.436,1,0.109,0.000934,0.282,0.25,154.977,209213.0,4,29.0
0.494,0.735,-8.347,1,0.0345,0.00401,0.544,0.742,132.526,283000.0,4,60.0
0.472,0.626,-8.499,1,0.0849,0.312,0.121,0.296,75.007,214293.0,4,56.0
0.537,0.828,-4.707,1,0.0451,0.057,0.164,0.795,133.816,155594.0,4,27.0
0.379,0.452,-10.551,1,0.0313,0.224,0.105,0.0928,119.929,260000.0,4,39.0
0.731,0.675,-5.134,0,0.0434,0.00473,0.141,0.298,124.939,139461.0,4,85.0
0.504,0.964,-8.113,1,0.13,2.53e-06,0.0728,0.224,125.03,150125.0,4,38.0
0.396,0.813,-3.911,0,0.0348,0.0114,0.324,0.422,85.019,224973.0,4,42.0
0.311,0.619,-9.076,1,0.0314,0.0377,0.109,0.241,79.92,593387.0,4,42.0
0.464,0.41,-8.721,1,0.0435,0.0954,0.284,0.232,126.682,283850.0,3,24.0
0.702,0.206,-10.468,1,0.0394,0.835,0.0932,0.54,122.839,201302.0,4,40.0
0.489,0.738,-10.405,1,0.0383,0.0885,0.104,0.514,141.912,172300.0,4,23.0
0.878,0.46,-11.155,1,0.701,0.227,0.081,0.937,82.003,183597.0,4,31.0
0.548,0.699,-7.149,0,0.0517,0.0223,0.0903,0.308,132.798,249296.0,4,54.0
0.821,0.745,-4.844,0,0.286,0.0653,0.166,0.432,142.023,185785.0,4,63.0
0.634,0.868,-6.858,0,0.0287,0.00867,0.205,0.655,121.955,256320.0,4,47.0
0.489,0.832,-5.717,1,0.19,0.208,0.139,0.253,148.068,194605.0,4,46.0
0.653,0.524,-9.016,0,0.0502,0.112,0.203,0.553,83.97,2.66985,4,88.0
0.752,0.764,-4.399,1,0.038,0.0476,0.0543,0.582,121.958,163216.0,4,75.0
0.719,0.883,-5.948,1,0.0308,0.0469,0.438,0.964,132.992,275244.0,4,49.0
0.384,0.79,-6.104,0,0.0457,0.00518,0.117,0.404,167.989,278227.0,4,29.0
0.711,0.731,-6.016,0,0.0346,0.213,0.133,0.66,104.999,236312.0,4,35.0
0.725,0.629,-6.208,0,0.0461,0.172,0.347,0.499,91.961,229558.0,4,52.0
0.86,0.5,-12.881,1,0.0435,0.642,0.0822,0.972,125.562,188040.0,4,28.0
0.64,0.663,-7.516,1,0.0374,0.201,0.152,0.663,132.77,140773.0,4,82.0
0.403,0.206,-17.154,1,0.0522,0.829,0.136,0.5,90.689,179003.0,4,15.0
0.493,0.711,-5.994,1,0.0684,0.00496,0.519,0.313,138.032,225068.0,4,45.0
0.255,0.43,-12.564,1,0.0322,0.546,0.188,0.546,164.267,197813.0,4,77.0
0.678,0.789,-10.243,1,0.0277,0.00227,0.324,0.745,125.941,221326.0,4,53.0
0.189,0.995,-7.07,1,0.116,2.86e-06,0.771,0.0336,81.58,261920.0,4,30.0
0.548,0.895,-4.408,1,0.0356,0.0318,0.162,0.654,117.083,222111.0,4,24.0
0.424,0.98,-4.33,0,0.154,0.000855,0.129,0.296,101.502,275253.0,4,57.0
0.469,0.565,-7.408,0,0.204,0.196,0.206,0.352,95.022,193263.0,4,18.0
0.432,0.884,-6.659,1,0.13,0.0127,0.166,0.624,108.948,166707.0,4,74.0
0.424,0.944,-2.552,0,0.0391,9.04e-06,0.357,0.389,158.089,158333.0,4,41.0
0.724,0.876,-5.854,0,0.0873,0.16,0.116,0.812,92.169,234133.0,4,41.0
0.262,0.419,-17.099,1,0.041,0.807,0.0932,0.356,73.918,5.553333333,3,30.0
0.729,0.74,-5.444,1,0.0258,0.00226,0.13,0.966,115.984,219293.0,4,53.0
0.695,0.727,-6.589,0,0.0405,0.0573,0.19,0.537,101.992,197667.0,4,23.0
0.547,0.922,-6.352,1,0.0986,0.00211,0.112,0.31,121.978,304932.0,4,25.0
0.58,0.616,-5.928,0,0.0406,0.184,0.148,0.528,78.943,219438.0,4,25.0
0.76,0.831,-5.743,1,0.164,0.265,0.201,0.712,90.81,265227.0,4,14.0
0.23,0.0971,-27.043,1,0.0415,0.934,0.106,0.133,134.926,204332.0,1,62.0
0.564,0.846,-5.897,0,0.0437,0.00692,0.0452,0.696,122.035,212986.0,4,52.0
0.523,0.706,-11.521,1,0.0935,0.0307,0.337,0.407,99.684,260640.0,4,53.0
0.722,0.635,-4.59,0,0.363,0.219,0.272,0.557,68.461,153005.0,4,64.0
0.664,0.815,-6.839,0,0.0306,0.0025,0.604,0.594,118.451,288400.0,4,42.0
0.709,0.285,-7.503,1,0.0795,0.618,0.154,0.438,76.884,3.59421667,4,52.0
0.656,0.756,-6.516,0,0.0399,0.00785,0.0927,0.542,118.56,478107.0,4,52.0
0.659,0.714,-9.811,1,0.0321,0.398,0.174,0.871,125.152,248200.0,4,55.0
0.49,0.841,-7.452,1,0.0342,8.01e-05,0.119,0.718,152.087,231000.0,4,53.0
0.0993,0.0154,-34.797,1,0.0375,0.942,0.064,0.0764,88.646,3.916666667,4,21.0
0.654,0.47,-10.383,0,0.0586,0.274,0.103,0.462,77.083,202597.0,4,68.0
0.488,0.874,-4.059,0,0.0353,5.89e-05,0.102,0.525,99.945,269165.0,4,22.0
0.547,0.945,-3.207,1,0.118,0.594,0.102,0.902,173.862,168920.0,4,45.0
0.48,0.467,-10.235,1,0.0545,0.969,0.0843,0.735,131.746,4.707783333,4,12.0
0.363,0.548,-5.046,1,0.0279,0.493,0.318,0.374,159.812,254133.0,4,18.0
0.573,0.981,-3.479,1,0.0426,0.000401,0.403,0.641,131.037,279031.0,4,31.0
0.728,0.664,-5.543,1,0.0438,0.00973,0.37,0.105,104.021,211749.0,4,41.0
0.382,0.944,-2.311,0,0.1,0.0705,0.323,0.672,97.037,193360.0,4,45.0
0.332,0.943,-7.401,1,0.0794,0.00198,0.381,0.125,78.566,133479.0,4,23.0
0.83,0.682,-7.16,1,0.134,0.676,0.123,0.762,97.849,239840.0,4,63.0
0.786,0.46,-8.028,1,0.241,0.438,0.114,0.413,139.981,174962.0,4,36.0
0.532,0.473,-7.179,1,0.0295,0.647,0.0753,0.345,145.072,290483.0,3,51.0
0.557,0.895,-6.547,1,0.0329,0.642,0.254,0.591,119.993,212333.0,4,55.0
0.604,0.594,-6.706,1,0.0259,0.757,0.148,0.333,109.931,192550.0,4,47.0
0.613,0.608,-5.429,0,0.0263,0.0147,0.245,0.523,87.467,152468.0,4,55.0
0.549,0.86,-4.147,1,0.0498,0.017,0.206,0.512,83.971,225413.0,4,57.0
0.513,0.524,-8.608,0,0.0273,0.0127,0.0927,0.553,78.381,4.488116667,4,43.0
0.479,0.865,-8.281,0,0.0339,3.1e-05,0.182,0.77,137.902,215203.0,4,64.0
0.552,0.627,-8.455,1,0.344,0.448,0.134,0.643,123.59,213947.0,5,40.0
0.492,0.942,-4.201,1,0.0815,0.00518,0.0875,0.662,155.266,231578.0,4,31.0
0.532,0.833,-6.556,1,0.0357,0.00195,0.0764,0.429,99.989,224028.0,4,44.0
0.472,0.932,-3.894,1,0.246,0.00064,0.133,0.159,131.948,241800.0,4,46.0
0.524,0.423,-7.392,1,0.0348,0.852,0.301,0.484,91.372,5.623116667,4,36.0
0.55,0.716,-5.084,1,0.0397,0.299,0.141,0.202,110.027,216367.0,4,31.0
0.348,0.726,-4.73,1,0.0449,0.000363,0.383,0.661,182.587,169164.0,4,29.0
0.668,0.632,-6.611,1,0.338,0.228,0.123,0.363,120.156,202372.0,4,42.0
0.391,0.997,-2.383,1,0.244,0.000329,0.288,0.156,86.44,116500.0,4,42.0
0.404,0.962,-5.106,1,0.387,0.000495,0.384,0.418,177.045,252417.0,4,50.0
0.632,0.642,-7.957,1,0.0646,0.313,0.092,0.175,107.377,2.9348,4,70.0
0.545,0.64,-9.937,0,0.224,0.00249,0.196,0.606,80.544,230480.0,4,76.0
0.718,0.776,-7.046,0,0.0329,0.00338,0.239,0.677,127.006,170635.0,4,38.0
0.641,0.993,-3.262,1,0.0504,0.302,0.41,0.505,105.966,191160.0,4,35.0
0.804,0.582,-10.401,1,0.266,0.439,0.11,0.461,120.1,281992.0,4,20.0
0.865,0.286,-11.117,1,0.34,0.207,0.108,0.201,79.935,132000.0,4,41.0
0.162,0.112,-17.167,1,0.0379,0.954,0.116,0.0504,70.04,237832.0,3,33.0
0.415,0.79,-7.349,1,0.0515,0.0192,0.132,0.376,123.912,309625.0,4,41.0
0.636,0.676,-3.442,1,0.0263,0.0807,0.0831,0.273,113.98,208760.0,4,78.0
0.714,0.596,-8.288,1,0.0288,0.511,0.0593,0.665,141.496,247907.0,4,39.0
0.506,0.921,-2.967,0,0.0606,0.019,0.0677,0.279,82.033,341667.0,4,47.0
0.476,0.493,-7.87,1,0.0346,0.178,0.353,0.412,79.712,4.132,4,54.0
0.25,0.751,-9.246,1,0.0554,0.451,0.11,0.295,180.675,196375.0,5,35.0
0.698,0.675,-4.941,0,0.0412,0.000348,0.0916,0.484,116.02,171285.0,4,54.0
0.792,0.41,-7.344,1,0.058,0.00226,0.0898,0.581,103.993,257455.0,4,37.0
0.836,0.335,-9.608,1,0.0325,0.749,0.0884,0.479,128.939,3.391783333,4,35.0
0.572,0.931,-5.403,1,0.0411,0.00103,0.106,0.59,121.974,226583.0,4,28.0
0.454,0.683,-11.151,0,0.0904,0.691,0.206,0.59,167.226,131400.0,4,28.0
0.401,0.295,-10.624,0,0.0305,0.873,0.0978,0.166,99.622,186827.0,4,32.0
0.199,0.045,-22.016,1,0.0385,0.913,0.11,0.0513,74.677,2.1886,4,53.0
0.524,0.896,-2.425,0,0.0488,0.00938,0.104,0.376,91.537,199190.0,4,44.0
0.552,0.645,-6.595,1,0.0268,0.00187,0.0424,0.588,89.518,299733.0,4,66.0
0.343,0.701,-5.365,1,0.0297,0.00225,0.115,0.416,91.601,232485.0,4,37.0
0.364,0.752,-5.429,1,0.304,0.0007,0.318,0.606,79.119,248587.0,4,64.0
0.68,0.623,-6.657,0,0.0464,0.055,0.596,0.379,145.002,151642.0,4,20.0
0.673,0.637,-4.518,1,0.0429,0.137,0.184,0.678,123.98,201160.0,4,68.0
0.497,0.315,-19.926,1,0.0426,0.968,0.106,0.822,92.858,400373.0,4,33.0
0.621,0.963,-4.547,1,0.133,0.00388,0.444,0.101,95.041,181823.0,4,42.0
0.423,0.425,-5.018,1,0.028,0.208,0.111,0.228,73.755,3.368216667,4,31.0
0.664,0.759,-4.926,0,0.0428,0.0169,0.179,0.771,160.023,221466.0,4,56.0
0.666,0.801,-6.342,1,0.0342,0.292,0.0893,0.6,119.986,245199.0,4,19.0
0.75,0.593,-12.074,1,0.0331,0.0792,0.283,0.846,119.985,157523.0,4,54.0
0.553,0.64,-9.246,1,0.0288,0.0109,0.205,0.478,104.989,149623.0,4,51.0
0.407,0.663,-7.591,1,0.0305,0.255,0.0913,0.211,75.989,293587.0,4,65.0
0.143,0.954,-5.157,0,0.172,0.000102,0.393,0.142,94.851,281660.0,3,25.0
0.531,0.747,-9.368,1,0.0344,0.146,0.07,0.761,93.559,240991.0,4,63.0
0.281,0.614,-9.066,1,0.0551,0.088,0.252,0.498,134.665,522267.0,4,2.0
0.138,0.399,-8.756,1,0.0311,0.782,0.188,0.296,179.93,217415.0,4,60.0
0.552,0.673,-4.9,0,0.0298,0.00553,0.114,0.174,89.993,224053.0,4,50.0
0.54,0.789,-5.27,0,0.0382,0.00414,0.124,0.54,99.022,252464.0,4,46.0
0.535,0.509,-7.519,0,0.0562,0.729,0.601,0.594,92.249,232093.0,4,41.0
0.471,0.955,-5.219,1,0.121,0.00485,0.162,0.35,139.266,232746.0,4,51.0
0.526,0.341,-17.948,0,0.036,0.886,0.0953,0.169,123.366,3.283333333,3,49.0
0.675,0.649,-8.937,1,0.0562,0.334,0.11,0.496,148.0,148267.0,4,46.0
0.701,0.839,-3.583,0,0.259,0.575,0.0943,0.527,86.504,309615.0,4,30.0
0.463,0.908,-4.373,0,0.0756,0.00893,0.366,0.459,99.993,204745.0,4,55.0
0.536,0.796,-9.392,0,0.034,0.00297,0.0559,0.696,95.902,258640.0,4,40.0
0.661,0.75,-5.497,1,0.0314,0.0303,0.0849,0.828,130.077,2.618,4,69.0
0.792,0.676,-8.825,1,0.344,0.208,0.103,0.68,143.877,200078.0,4,61.0
0.548,0.967,-4.182,1,0.0381,0.00012,0.0636,0.365,102.968,235733.0,4,27.0
0.616,0.784,-8.2,0,0.0366,6.57e-05,0.0717,0.368,121.999,352636.0,4,23.0
0.597,0.678,-6.391,1,0.0261,0.0278,0.117,0.646,97.003,217940.0,4,43.0
0.523,0.923,-7.203,0,0.0329,0.00152,0.353,0.796,94.012,203387.0,4,40.0
0.312,0.347,-9.723,1,0.0297,0.971,0.422,0.308,90.522,3.186883333,4,11.0
0.63,0.491,-5.549,0,0.41,0.766,0.101,0.497,98.368,163200.0,4,70.0
0.159,0.0321,-22.421,0,0.0565,0.977,0.0963,0.142,180.407,3.442,3,50.0
0.55,0.965,-3.819,1,0.0679,0.0309,0.11,0.601,140.344,128400.0,4,47.0
0.371,0.899,-4.056,1,0.0657,2.99e-05,0.0367,0.524,139.922,172458.0,4,18.0
0.876,0.443,-8.995,1,0.178,0.279,0.105,0.496,153.029,170995.0,3,57.0
0.233,0.951,-4.393,0,0.0843,0.000299,0.351,0.655,182.737,315178.0,4,31.0
0.424,0.691,-5.823,1,0.0558,0.0785,0.0818,0.27,143.97,170031.0,4,44.0
0.664,0.837,-9.027,0,0.0497,0.107,0.293,0.732,125.628,3.8,4,49.0
0.552,0.875,-4.192,0,0.077,0.238,0.11,0.635,164.0,233053.0,4,31.0
0.61,0.662,-9.182,1,0.0402,0.57,0.13,0.527,104.122,299180.0,4,54.0
0.759,0.699,-5.745,0,0.0307,0.202,0.443,0.907,92.96,3.517783333,4,78.0
0.748,0.297,-10.613,1,0.132,0.485,0.138,0.114,123.983,131587.0,4,73.0
0.687,0.853,-7.761,1,0.0567,0.0801,0.109,0.918,110.051,256680.0,4,35.0
0.527,0.851,-4.117,1,0.0438,0.00156,0.147,0.519,131.968,264307.0,4,42.0
0.71,0.914,-3.592,1,0.0749,0.0602,0.165,0.742,125.039,244840.0,4,40.0
0.598,0.455,-7.951,0,0.0475,0.737,0.224,0.257,88.078,208500.0,4,50.0
0.57,0.555,-9.147,1,0.0273,0.121,0.304,0.901,117.646,3.163116667,4,42.0
0.711,0.592,-7.136,0,0.23,0.758,0.156,0.535,124.749,141224.0,4,79.0
0.593,0.835,-9.882,0,0.0781,0.0297,0.127,0.0616,130.044,218233.0,4,16.0
0.589,0.669,-4.835,1,0.0253,0.0505,0.131,0.421,92.06,225333.0,4,50.0
0.527,0.653,-7.24,1,0.0317,0.000629,0.118,0.811,76.257,175107.0,4,39.0
0.544,0.507,-4.963,0,0.0314,0.0056,0.288,0.151,148.002,177261.0,4,59.0
0.674,0.597,-9.791,1,0.236,0.587,0.0935,0.347,99.854,260750.0,4,43.0
0.298,0.677,-8.85,1,0.0888,0.00416,0.088,0.344,129.397,216239.0,4,35.0
0.182,0.451,-7.841,0,0.0303,0.249,0.186,0.205,158.623,265400.0,3,1.0
0.457,0.887,-4.138,1,0.0533,0.000186,0.11,0.221,95.015,199413.0,4,47.0
0.744,0.481,-8.819,1,0.0393,0.0121,0.0722,0.702,112.008,171013.0,4,31.0
0.542,0.458,-10.885,0,0.386,0.493,0.0875,0.496,99.218,212695.0,4,65.0
0.482,0.786,-5.735,1,0.032,0.00321,0.446,0.793,126.755,323000.0,4,76.0
0.529,0.908,-5.727,1,0.0732,0.000285,0.113,0.582,146.055,255107.0,4,11.0
0.477,0.14,-13.756,1,0.0385,0.975,0.0993,0.28,78.842,3.614233333,4,58.0
0.787,0.422,-8.552,1,0.0569,0.287,0.3,0.607,87.018,176667.0,4,53.0
0.258,0.918,-7.533,1,0.0657,1.53e-05,0.342,0.528,182.868,208493.0,4,40.0
0.404,0.72,-9.18,0,0.0623,5.59e-05,0.0466,0.475,121.864,258467.0,4,73.0
0.533,0.661,-5.196,0,0.0418,0.0239,0.347,0.603,142.079,181013.0,4,54.0
0.708,0.782,-4.687,1,0.0674,0.00772,0.107,0.484,119.997,2.68133333,4,88.0
0.721,0.485,-11.213,0,0.0681,0.158,0.107,0.614,150.027,188617.0,4,68.0
0.758,0.601,-7.042,0,0.141,0.151,0.169,0.575,126.03,201637.0,4,52.0
0.56,0.224,-15.601,0,0.0368,0.879,0.384,0.775,82.944,4.671116667,3,26.0
0.661,0.723,-6.976,0,0.0566,0.179,0.14,0.316,113.778,163805.0,4,78.0
0.833,0.727,-5.387,1,0.198,0.0485,0.12,0.414,104.985,188047.0,4,25.0
0.664,0.799,-5.121,0,0.0368,0.0932,0.105,0.35,94.991,196747.0,4,61.0
0.785,0.43,-9.453,0,0.0653,0.316,0.0829,0.491,85.99,247478.0,4,50.0
0.482,0.934,-3.486,1,0.0452,1.55e-05,0.108,0.526,106.616,309013.0,4,50.0
0.546,0.784,-8.566,1,0.043,0.00175,0.0912,0.256,120.057,795013.0,4,23.0
0.689,0.947,-3.926,1,0.0897,0.00209,0.228,0.393,119.993,219390.0,4,55.0
0.781,0.479,-8.385,1,0.411,0.0249,0.168,0.72,149.904,117200.0,4,32.0
0.722,0.462,-11.224,0,0.141,0.143,0.528,0.743,158.074,224810.0,4,39.0
0.365,0.94,-3.325,0,0.151,0.000727,0.093,0.318,199.918,252300.0,4,44.0
0.618,0.691,-7.041,0,0.308,0.00452,0.0614,0.762,170.446,260827.0,4,52.0
0.757,0.733,-4.722,1,0.0511,0.178,0.101,0.552,119.984,3.14045,4,42.0
0.663,0.699,-9.659,1,0.0313,0.485,0.0994,0.965,132.817,124973.0,4,39.0
0.707,0.513,-9.54,1,0.0242,0.063,0.0916,0.574,96.345,249985.0,4,52.0
0.14,0.641,-10.435,1,0.0422,0.000243,0.108,0.352,170.207,256573.0,4,59.0
0.563,0.691,-8.006,1,0.0357,0.0129,0.0744,0.425,157.034,190813.0,4,57.0
0.431,0.392,-9.994,0,0.0585,0.705,0.174,0.3,98.667,205876.0,3,46.0
0.566,0.612,-4.672,1,0.106,0.0676,0.066,0.732,118.402,128607.0,4,42.0
0.447,0.979,-2.962,0,0.198,0.00537,0.17,0.0833,111.998,259286.0,4,37.0
0.418,0.66,-7.959,0,0.0447,0.0106,0.0727,0.245,100.007,302400.0,4,58.0
0.444,0.946,-6.98,1,0.0804,7.72e-05,0.108,0.0453,104.978,368696.0,4,19.0
0.622,0.619,-6.4,0,0.0561,0.0624,0.081,0.483,147.965,186250.0,4,68.0
0.35,0.496,-6.232,0,0.0307,0.382,0.099,0.491,178.57,265867.0,3,31.0
0.563,0.606,-8.159,1,0.0267,0.513,0.132,0.425,150.0,248253.0,4,61.0
0.744,0.496,-10.81,0,0.0265,0.438,0.0375,0.961,87.95,269000.0,4,10.0
0.614,0.275,-8.744,1,0.027,0.904,0.118,0.303,130.875,3.298,3,55.0
0.453,0.776,-9.937,1,0.0432,0.162,0.349,0.568,85.992,289587.0,4,49.0
0.311,0.959,-5.104,0,0.107,0.000505,0.328,0.336,149.406,251512.0,3,53.0
0.732,0.904,-4.106,1,0.0492,0.146,0.143,0.816,105.014,221827.0,4,42.0
0.66,0.475,-10.152,1,0.0299,0.751,0.108,0.214,123.031,294013.0,4,28.0
0.429,0.964,-6.165,0,0.0901,0.000453,0.191,0.206,146.048,220587.0,4,54.0
0.745,0.828,-4.041,0,0.0594,0.214,0.0667,0.853,94.913,226867.0,4,42.0
0.5,0.817,-5.876,1,0.0457,0.000255,0.136,0.48,130.978,230127.0,4,40.0
0.174,0.821,-7.16,1,0.116,1.54e-05,0.0926,0.16,73.179,163200.0,4,39.0
0.57,0.804,-6.739,1,0.037,0.00611,0.114,0.0795,122.991,249148.0,4,42.0
0.292,0.324,-11.996,1,0.0346,0.797,0.12,0.384,176.631,3.35621667,3,70.0
0.397,0.58,-12.208,0,0.0543,0.511,0.0974,0.643,89.57,194480.0,4,42.0
0.508,0.958,-4.543,1,0.0515,5.14e-06,0.509,0.317,115.002,264000.0,3,23.0
0.609,0.768,-5.057,0,0.218,0.194,0.145,0.339,90.036,220440.0,4,20.0
0.499,0.653,-2.258,1,0.0666,0.0702,0.145,0.626,184.037,185040.0,4,43.0
0.575,0.666,-5.425,1,0.0301,0.206,0.0852,0.546,88.311,226187.0,4,59.0
0.443,0.727,-7.951,1,0.145,0.263,0.169,0.566,160.82,253333.0,4,69.0
0.486,0.977,-7.566,1,0.105,6.8e-06,0.242,0.307,133.173,208667.0,4,1.0
0.558,0.921,-4.409,1,0.0639,0.0234,0.154,0.357,93.468,211087.0,4,39.0
0.757,0.868,-9.326,1,0.062,0.411,0.355,0.815,138.923,199200.0,4,69.0
0.45,0.993,-2.216,1,0.292,3.45e-05,0.451,0.217,160.029,211875.0,4,57.0
0.524,0.977,-2.723,1,0.0874,0.000462,0.26,0.415,102.525,154531.0,4,31.0
0.426,0.484,-12.239,1,0.0397,0.152,0.151,0.509,123.578,3.40898333,4,43.0
0.74,0.679,-5.397,0,0.162,0.708,0.111,0.783,141.893,150000.0,4,62.0
0.428,0.703,-5.042,0,0.0584,0.311,0.0815,0.489,175.799,301327.0,4,24.0
0.333,0.58,-7.553,1,0.0265,0.617,0.258,0.655,180.227,3.336033333,4,43.0
0.455,0.426,-9.406,1,0.0475,0.172,0.168,0.04,84.643,299605.0,4,53.0
0.56,0.62,-7.778,0,0.089,0.36,0.1,0.411,156.178,302939.0,4,47.0
0.542,0.99,-3.22,1,0.145,0.00324,0.285,0.749,151.957,154243.0,4,45.0
0.332,0.622,-7.538,0,0.0357,0.481,0.109,0.242,179.756,260758.0,3,15.0
0.578,0.784,-8.238,0,0.0367,0.0637,0.303,0.912,88.559,244557.0,4,35.0
0.491,0.696,-10.114,1,0.0301,0.707,0.211,0.893,144.765,165360.0,4,34.0
0.224,0.996,-4.578,1,0.131,0.00326,0.0305,0.207,214.396,96026.0,4,42.0
0.542,0.339,-11.49,0,0.477,0.73,0.105,0.765,182.089,94892.0,4,45.0
0.472,0.925,-4.57,1,0.0415,0.000305,0.0755,0.746,146.97,198833.0,4,46.0
0.32,0.428,-14.262,1,0.0536,0.00349,0.519,0.411,172.603,312733.0,4,53.0
0.467,0.985,-2.347,0,0.211,6.36e-05,0.378,0.258,125.06,224160.0,4,39.0
0.343,0.718,-7.632,0,0.0918,0.0585,0.157,0.452,77.772,232040.0,4,45.0
0.621,0.724,-4.528,0,0.0315,0.005,0.133,0.39,96.005,214049.0,4,61.0
0.671,0.539,-12.448,0,0.328,0.000242,0.181,0.677,114.009,363156.0,4,33.0
0.249,0.0387,-25.66,0,0.0453,0.992,0.0747,0.0511,117.595,6.33555,4,39.0
0.629,0.881,-4.525,1,0.0731,0.003,0.109,0.454,93.933,206360.0,4,49.0
0.474,0.338,-11.528,1,0.0299,0.648,0.13,0.81,154.596,153933.0,4,56.0
0.572,0.751,-5.39,1,0.0313,0.248,0.109,0.391,92.072,345445.0,4,29.0
0.402,0.647,-7.243,0,0.032,0.00281,0.111,0.508,167.973,287467.0,4,46.0
0.391,0.519,-7.452,0,0.0354,0.508,0.0842,0.337,135.018,4.753333333,4,40.0
0.317,0.571,-7.669,1,0.0283,0.158,0.0848,0.234,163.036,240120.0,3,54.0
0.695,0.535,-9.149,1,0.0302,0.535,0.238,0.811,116.03,159453.0,4,44.0
0.589,0.781,-6.533,0,0.0243,0.00378,0.0772,0.687,102.047,204442.0,4,47.0
0.504,0.578,-9.302,1,0.031,0.408,0.321,0.654,132.411,2.914,4,71.0
0.607,0.885,-3.086,1,0.0763,0.00091,0.558,0.539,103.047,170467.0,4,40.0
0.466,0.161,-14.696,1,0.045,0.989,0.12,0.322,127.806,2.779916667,3,45.0
0.669,0.786,-6.459,1,0.0871,0.306,0.383,0.738,88.997,163813.0,4,44.0
0.553,0.74,-5.54,1,0.0363,0.0987,0.134,0.656,115.957,194313.0,4,42.0
0.369,0.387,-11.381,0,0.0359,0.993,0.129,0.746,167.715,2.974383333,4,9.0
0.468,0.462,-17.189,1,0.0262,0.0199,0.584,0.588,95.99,5.3,4,35.0
0.597,0.931,-4.591,0,0.0984,0.127,0.0504,0.534,92.003,235200.0,4,66.0
0.423,0.862,-5.13,0,0.0695,0.00791,0.133,0.462,154.746,217760.0,4,64.0
0.468,0.362,-10.704,1,0.0262,0.29,0.128,0.257,140.031,315491.0,3,56.0
0.696,0.749,-6.079,0,0.0353,0.00125,0.235,0.637,115.931,271900.0,4,21.0
0.692,0.791,-4.895,1,0.0494,0.155,0.239,0.41,118.14,273427.0,4,32.0
0.719,0.58,-7.694,1,0.0281,0.0393,0.0945,0.761,118.683,213800.0,4,35.0
0.329,0.885,-10.661,1,0.0904,0.0242,0.735,0.481,163.538,259760.0,4,61.0
0.703,0.934,-5.045,1,0.315,0.0194,0.282,0.613,97.654,282400.0,4,18.0
0.615,0.527,-8.182,1,0.0308,0.16,0.142,0.503,144.937,159125.0,4,22.0
0.52,0.903,-5.497,1,0.042,0.00517,0.254,0.652,74.988,219801.0,4,79.0
0.565,0.495,-14.611,1,0.0506,0.766,0.287,0.952,168.21,2.19955,4,43.0
0.202,0.839,-8.0,0,0.0845,0.0205,0.0935,0.481,72.236,362227.0,4,35.0
0.369,0.845,-3.449,0,0.0611,0.0493,0.416,0.782,78.532,174068.0,4,77.0
0.391,0.291,-9.408,1,0.0326,0.867,0.104,0.107,121.171,4.110066667,3,39.0
0.491,0.686,-8.22,1,0.0289,0.0236,0.451,0.437,103.715,278827.0,4,62.0
0.68,0.596,-8.342,1,0.031,0.522,0.111,0.124,120.953,222378.0,4,27.0
0.583,0.855,-7.213,1,0.0333,0.1,0.262,0.69,128.178,195147.0,4,57.0
0.37,0.963,-5.773,1,0.1,3.05e-05,0.146,0.305,200.317,331907.0,4,42.0
0.416,0.944,-2.485,1,0.0394,0.000302,0.306,0.624,97.018,190927.0,4,61.0
0.596,0.765,-4.064,1,0.342,0.0533,0.268,0.32,96.762,158897.0,5,23.0
0.365,0.892,-8.036,0,0.0786,3.31e-05,0.751,0.176,136.133,323373.0,4,61.0
0.565,0.769,-7.863,0,0.0594,0.0135,0.171,0.464,124.069,145920.0,4,40.0
0.442,0.759,-13.475,1,0.0354,0.000402,0.174,0.279,198.117,205560.0,4,60.0
0.814,0.659,-4.475,1,0.0829,0.00155,0.568,0.13,88.506,171527.0,4,63.0
0.525,0.742,-5.643,1,0.0311,0.0874,0.117,0.179,117.029,252280.0,4,66.0
0.331,0.169,-18.095,0,0.0373,0.956,0.121,0.114,171.169,4.597333333,3,60.0
0.459,0.934,-7.161,1,0.0764,2.63e-05,0.332,0.441,169.93,186093.0,4,24.0
0.613,0.414,-7.575,0,0.0276,0.627,0.118,0.297,91.033,230422.0,3,41.0
0.614,0.938,-4.461,1,0.0611,0.000532,0.368,0.607,100.058,224674.0,4,66.0
0.421,0.991,-3.678,1,0.124,3.81e-06,0.13,0.446,159.998,234387.0,4,60.0
0.214,0.931,-3.347,0,0.143,0.000705,0.0797,0.233,162.115,348387.0,4,64.0
0.92,0.654,-3.051,0,0.0401,0.0236,0.0359,0.847,117.046,293827.0,4,84.0
0.523,0.341,-14.034,1,0.0388,0.313,0.621,0.355,77.487,313373.0,4,65.0
0.367,0.938,-4.643,1,0.0464,0.0052,0.428,0.556,177.916,214880.0,4,41.0
0.451,0.912,-4.33,1,0.0671,0.000452,0.348,0.513,116.039,219141.0,4,26.0
0.778,0.63,-7.135,0,0.182,0.216,0.0968,0.705,97.035,165862.0,4,54.0
0.425,0.694,-9.29,1,0.0323,0.000405,0.121,0.605,105.014,234427.0,4,16.0
0.648,0.95,-4.829,1,0.101,0.00227,0.0413,0.675,172.022,219053.0,4,23.0
0.317,0.94,-9.713,1,0.142,0.000699,0.391,0.0754,112.506,285000.0,3,32.0
0.209,0.927,-7.263,0,0.101,1.82e-06,0.652,0.298,194.048,293320.0,4,26.0
0.63,0.896,-4.437,1,0.0309,0.325,0.712,0.829,91.077,182620.0,4,34.0
0.72,0.789,-4.9,1,0.056,0.0166,0.0605,0.681,140.101,210874.0,4,40.0
0.611,0.47,-9.135,1,0.0356,0.579,0.581,0.97,85.527,134800.0,4,70.0
0.668,0.913,-3.097,1,0.0348,0.0119,0.111,0.933,132.039,219053.0,4,69.0
0.59,0.521,-8.823,0,0.0335,0.404,0.357,0.423,99.165,270067.0,4,57.0
0.771,0.546,-6.096,0,0.149,0.119,0.153,0.613,94.117,187467.0,4,12.0
0.572,0.958,-4.526,1,0.047,0.651,0.105,0.0335,101.009,333810.0,4,49.0
0.624,0.559,-6.932,1,0.0465,0.469,0.181,0.529,92.973,298350.0,4,56.0
0.625,0.196,-11.448,1,0.0375,0.834,0.0931,0.3,119.637,3.93045,4,36.0
0.425,0.936,-4.276,1,0.037,2.98e-06,0.0466,0.499,138.007,238560.0,4,39.0
0.62,0.878,-9.064,1,0.0443,0.0264,0.235,0.708,129.236,272996.0,4,49.0
0.533,0.967,-3.066,1,0.057,0.0426,0.132,0.603,95.008,219482.0,4,55.0
0.0993,0.735,-6.51,1,0.0403,1.77e-05,0.209,0.323,196.637,302811.0,4,21.0
0.725,0.704,-6.522,0,0.111,0.227,0.19,0.575,140.014,165817.0,4,41.0
0.547,0.707,-8.74,1,0.0338,8.14e-05,0.285,0.654,119.576,242733.0,4,72.0
0.832,0.704,-8.973,1,0.0707,0.201,0.0937,0.905,128.41,194267.0,4,45.0
0.595,0.784,-4.878,1,0.102,0.216,0.0608,0.479,124.111,183726.0,4,57.0
0.26,0.922,-7.592,0,0.104,3.03e-06,0.0802,0.2,101.185,170000.0,4,42.0
0.584,0.627,-7.598,0,0.0413,0.485,0.109,0.809,139.965,237707.0,4,20.0
0.573,0.929,-6.103,0,0.0458,0.000282,0.269,0.526,128.125,251867.0,4,27.0
0.504,0.322,-14.529,1,0.0388,0.944,0.126,0.733,115.607,3.787783333,4,8.0
0.482,0.822,-7.153,1,0.0589,0.00344,0.17,0.562,78.98,326013.0,4,43.0
0.773,0.634,-6.894,1,0.0279,0.449,0.0844,0.963,104.998,243770.0,4,50.0
0.768,0.506,-8.749,0,0.236,0.0136,0.349,0.395,99.978,162191.0,4,44.0
0.39,0.625,-7.813,0,0.0537,0.36,0.0663,0.514,144.338,134387.0,4,66.0
0.622,0.812,-7.339,1,0.0324,8.53e-05,0.425,0.0556,121.982,162824.0,4,46.0
0.557,0.184,-21.95,1,0.0523,0.914,0.0978,0.516,107.2,5.021783333,4,37.0
0.812,0.725,-8.947,1,0.0579,0.0277,0.0826,0.617,115.038,172489.0,4,38.0
0.255,0.947,-4.14,1,0.071,0.000103,0.397,0.235,159.905,208974.0,4,44.0
0.568,0.829,-7.066,1,0.0303,0.218,0.0976,0.79,124.201,348293.0,4,61.0
0.911,0.614,-11.176,1,0.338,0.00432,0.0985,0.601,99.025,243267.0,4,53.0
0.455,0.759,-5.268,1,0.0488,0.00814,0.275,0.327,120.098,208992.0,4,32.0
0.33,0.895,-3.435,1,0.0399,0.221,0.408,0.54,144.945,232533.0,4,48.0
0.167,0.953,-2.919,1,0.0694,0.0472,0.0941,0.46,145.06,260867.0,4,37.0
0.631,0.597,-7.382,0,0.026,0.379,0.146,0.665,107.26,244440.0,4,61.0
0.412,0.978,-3.076,1,0.123,4.75e-05,0.168,0.353,151.991,222093.0,4,43.0
0.465,0.39,-6.993,0,0.0341,0.843,0.127,0.338,130.559,308373.0,3,23.0
0.378,0.474,-8.202,0,0.0271,0.28,0.117,0.38,102.379,204960.0,4,65.0
0.644,0.842,-4.551,1,0.036,0.0296,0.264,0.551,105.138,212280.0,4,51.0
0.233,0.863,-4.319,1,0.0434,0.00999,0.228,0.496,175.657,230827.0,4,36.0
0.465,0.519,-11.819,1,0.0239,0.394,0.204,0.881,86.6,3.589333333,4,55.0
0.445,0.706,-9.803,1,0.0461,0.234,0.205,0.768,80.823,266720.0,4,75.0
0.232,0.895,-2.834,1,0.0517,0.66,0.124,0.343,175.443,5.227266667,4,10.0
0.376,0.703,-5.215,0,0.0517,0.741,0.167,0.285,87.828,256227.0,4,34.0
0.611,0.791,-7.7,0,0.0286,0.326,0.217,0.856,140.12,208267.0,4,66.0
0.436,0.655,-8.37,0,0.0583,0.499,0.688,0.412,121.002,279204.0,4,89.0
0.528,0.835,-5.863,1,0.0384,0.00013,0.923,0.542,125.02,3.878933333,4,17.0
0.323,0.648,-5.122,1,0.0369,0.282,0.169,0.338,182.234,273893.0,3,25.0
0.675,0.368,-14.072,0,0.0375,0.83,0.136,0.176,106.004,190393.0,4,68.0
0.482,0.33,-14.292,0,0.0342,0.836,0.128,0.177,129.951,177680.0,3,41.0
0.699,0.491,-10.454,1,0.0348,4.49e-05,0.119,0.693,123.968,206000.0,4,52.0
0.664,0.664,-7.132,1,0.0498,0.284,0.0627,0.674,74.931,211000.0,4,40.0
0.554,0.915,-8.52,1,0.0522,0.00105,0.13,0.327,127.997,220878.0,4,31.0
0.631,0.513,-9.505,1,0.0292,0.283,0.154,0.366,110.001,200962.0,4,5.0
0.338,0.421,-11.879,0,0.0309,0.635,0.0655,0.356,97.064,247000.0,3,19.0
0.762,0.722,-8.712,1,0.0428,0.0922,0.132,0.966,122.769,194667.0,4,65.0
0.506,0.934,-3.496,0,0.0345,0.218,0.217,0.898,165.05,203480.0,4,21.0
0.535,0.92,-4.39,0,0.0535,0.031,0.0493,0.587,95.987,200387.0,4,53.0
0.495,0.731,-6.304,1,0.0458,0.000348,0.0598,0.284,120.004,216000.0,4,52.0
0.65,0.729,-8.641,1,0.0434,0.37,0.323,0.752,103.706,207067.0,4,44.0
0.469,0.447,-8.79,1,0.0257,0.586,0.309,0.394,96.953,253040.0,4,41.0
0.547,0.806,-8.947,1,0.0418,0.569,0.427,0.971,141.78,3.244,4,46.0
0.482,0.905,-4.371,0,0.0418,0.00971,0.288,0.116,93.017,270983.0,4,60.0
0.539,0.638,-6.049,1,0.136,0.00676,0.123,0.222,179.822,213333.0,4,65.0
0.549,0.651,-7.097,1,0.0323,0.583,0.121,0.368,122.818,212307.0,4,70.0
0.525,0.931,-3.304,0,0.0661,0.00238,0.129,0.394,138.01,193309.0,4,52.0
0.595,0.838,-4.878,1,0.0334,0.00252,0.0594,0.279,127.042,200280.0,4,44.0
0.516,0.0977,-23.899,1,0.087,0.912,0.0914,0.15,124.846,2.8703,4,29.0
0.687,0.596,-9.219,0,0.0614,0.349,0.107,0.731,159.968,333507.0,4,14.0
0.519,0.0422,-10.778,1,0.0537,0.966,0.124,0.397,130.436,4.215783333,3,49.0
0.753,0.605,-6.792,1,0.0832,0.0874,0.169,0.37,112.991,187120.0,4,56.0
0.504,0.772,-4.886,0,0.0354,0.102,0.108,0.708,127.065,218129.0,4,43.0
0.427,0.931,-4.202,1,0.0487,9.15e-06,0.169,0.383,150.102,236650.0,4,28.0
0.471,0.77,-5.136,0,0.0346,0.0004,0.197,0.558,118.096,203001.0,4,25.0
0.952,0.301,-13.936,1,0.0612,0.0126,0.0387,0.728,119.629,307400.0,4,65.0
0.494,0.514,-8.098,1,0.0269,0.272,0.104,0.26,133.982,230480.0,4,33.0
0.42,0.949,-6.214,1,0.189,0.000181,0.101,0.171,77.064,227379.0,4,55.0
0.565,0.491,-6.902,1,0.221,0.0049,0.137,0.337,175.694,242085.0,4,66.0
0.401,0.827,-5.243,1,0.0499,0.00866,0.134,0.324,125.025,239602.0,4,36.0
0.348,0.875,-4.758,0,0.199,0.0341,0.117,0.407,169.152,202133.0,4,73.0
0.752,0.634,-6.764,1,0.0928,0.523,0.102,0.521,99.975,156365.0,4,49.0
0.706,0.518,-11.036,1,0.0509,0.1,0.077,0.616,87.626,220440.0,4,40.0
0.397,0.769,-7.042,1,0.0449,0.0358,0.935,0.426,83.718,6.236683333,4,24.0
0.482,0.883,-3.348,1,0.0754,0.0891,0.266,0.594,80.687,253805.0,4,54.0
0.545,0.851,-3.569,1,0.0935,0.0572,0.403,0.787,179.947,240833.0,4,61.0
0.523,0.943,-4.203,1,0.0337,0.00704,0.0579,0.766,99.607,180160.0,4,78.0
0.511,0.934,-4.561,1,0.242,0.00403,0.242,0.668,168.062,272240.0,4,65.0
0.668,0.133,-15.12,1,0.0689,0.986,0.12,0.773,92.243,180747.0,4,1.0
0.366,0.929,-4.413,0,0.123,8.19e-05,0.419,0.283,77.728,295560.0,4,38.0
0.77,0.655,-5.369,1,0.0316,0.118,0.125,0.639,129.964,188707.0,4,63.0
0.679,0.715,-6.383,1,0.0407,0.0755,0.271,0.571,127.435,214148.0,4,74.0
0.575,0.314,-7.048,1,0.0344,0.763,0.101,0.653,150.459,208438.0,4,53.0
0.46,0.889,-4.281,0,0.0294,3.21e-06,0.121,0.639,140.038,219707.0,4,57.0
0.424,0.0977,-13.594,1,0.0512,0.939,0.109,0.236,132.08,217360.0,5,40.0
0.578,0.811,-6.228,0,0.027,0.144,0.113,0.752,145.056,233922.0,4,35.0
0.422,0.174,-15.427,1,0.0378,0.936,0.367,0.0858,95.089,3.447583333,4,51.0
0.763,0.721,-6.767,0,0.0986,0.0117,0.0752,0.657,118.049,263880.0,4,55.0
0.179,0.798,-7.618,0,0.0586,0.0207,0.095,0.155,152.972,576912.0,4,38.0
0.598,0.589,-13.802,0,0.0286,0.131,0.156,0.665,130.703,258933.0,4,29.0
0.676,0.609,-5.831,0,0.481,0.0706,0.152,0.508,142.037,237735.0,4,83.0
0.574,0.882,-2.892,1,0.0874,0.183,0.0582,0.797,171.202,266227.0,4,17.0
0.56,0.684,-8.624,1,0.221,0.786,0.656,0.7,95.918,3.4843,4,2.0
0.599,0.647,-6.023,1,0.0396,0.279,0.0719,0.465,204.312,4.352883333,4,2.0
0.511,0.942,-10.407,1,0.0429,0.174,0.139,0.498,97.909,393667.0,4,71.0
0.649,0.824,-6.709,0,0.142,0.0674,0.106,0.777,156.062,205788.0,4,48.0
0.724,0.734,-7.405,0,0.0466,0.418,0.531,0.807,106.96,216912.0,3,33.0
0.606,0.853,-8.516,1,0.054,0.0017,0.621,0.439,131.969,302851.0,4,35.0
0.845,0.743,-7.445,0,0.0931,0.0799,0.694,0.956,112.493,170387.0,4,38.0
0.798,0.482,-8.899,1,0.0312,0.722,0.0755,0.744,133.882,164560.0,4,38.0
0.512,0.667,-5.463,1,0.0273,0.63,0.256,0.495,103.944,233357.0,4,43.0
0.649,0.923,-4.537,1,0.0348,4.51e-05,0.369,0.517,108.217,182200.0,4,48.0
0.775,0.518,-5.857,0,0.311,0.455,0.121,0.646,161.011,123987.0,4,72.0
0.494,0.939,-3.127,1,0.126,0.00666,0.139,0.893,177.751,175093.0,4,74.0
0.49,0.369,-10.137,1,0.0313,0.892,0.233,0.696,105.887,4.542016667,4,32.0
0.761,0.781,-6.778,0,0.141,0.0681,0.0607,0.473,123.023,285375.0,4,76.0
0.677,0.766,-7.98,0,0.0419,0.00625,0.141,0.589,131.999,161869.0,4,33.0
0.66,0.655,-8.041,1,0.0879,0.419,0.265,0.249,159.94,194250.0,4,41.0
0.371,0.246,-19.136,1,0.0432,0.922,0.208,0.413,113.846,6.624216667,4,28.0
0.392,0.519,-7.438,0,0.031,0.526,0.283,0.403,174.22,213093.0,3,49.0
0.666,0.821,-5.038,1,0.0251,0.00386,0.185,0.582,130.954,3.922883333,4,32.0
0.474,0.8,-10.472,1,0.0775,0.000769,0.131,0.156,133.94,283213.0,4,53.0
0.817,0.608,-6.768,1,0.26,0.000848,0.125,0.11,118.661,131092.0,4,38.0
0.762,0.537,-9.58,1,0.0478,0.785,0.0551,0.958,105.603,193093.0,4,67.0
0.736,0.97,-4.955,1,0.128,0.000228,0.148,0.703,128.59,218493.0,4,25.0
0.608,0.812,-7.156,1,0.0312,0.00272,0.159,0.229,84.244,165952.0,4,26.0
0.393,0.85,-11.458,0,0.0545,0.000473,0.339,0.344,130.082,336413.0,4,29.0
0.224,0.938,-6.907,1,0.408,0.00157,0.106,0.327,203.79,432547.0,4,57.0
0.0985,0.00711,-30.47,0,0.0486,0.91,0.108,0.114,172.161,2.39445,4,40.0
0.369,0.996,-1.531,0,0.0931,3.83e-05,0.249,0.209,98.162,231853.0,4,57.0
0.544,0.539,-7.721,0,0.0265,0.0362,0.329,0.347,68.546,286187.0,4,29.0
0.597,0.678,-6.391,1,0.0261,0.0278,0.117,0.646,97.003,217940.0,4,43.0
0.413,0.994,-3.621,1,0.171,0.00116,0.286,0.0424,124.993,215253.0,4,9.0
0.639,0.964,-6.029,1,0.0407,0.556,0.143,0.925,107.809,167040.0,4,45.0
0.401,0.13,-17.638,1,0.0312,0.989,0.101,0.213,93.091,210653.0,4,63.0
0.306,0.719,-8.044,1,0.204,0.854,0.0903,0.392,170.909,2.71555,4,3.0
0.556,0.567,-11.426,0,0.0333,0.0581,0.0907,0.858,141.345,227751.0,4,52.0
0.277,0.243,-18.456,0,0.0348,0.966,0.105,0.0379,150.074,110000.0,3,19.0
0.5,0.967,1.355,1,0.446,0.159,0.358,0.292,80.034,168160.0,4,42.0
0.554,0.949,-4.928,1,0.0787,0.000318,0.2,0.233,129.984,374453.0,4,71.0
0.621,0.76,-7.493,0,0.0345,0.000168,0.14,0.839,119.993,244000.0,4,30.0
0.677,0.71,-7.914,1,0.0756,0.00978,0.196,0.864,107.965,226002.0,4,50.0
0.338,0.136,-20.596,0,0.0319,0.967,0.089,0.0572,88.494,301190.0,5,44.0
0.468,0.982,-6.274,1,0.074,7.63e-06,0.177,0.261,127.616,183013.0,4,45.0
0.595,0.543,-5.614,1,0.0232,0.164,0.13,0.605,96.043,3.457116667,4,1.0
0.58,0.888,-5.424,0,0.0305,0.00143,0.367,0.678,125.982,163610.0,4,33.0
0.643,0.849,-5.428,1,0.0526,0.0371,0.058,0.903,162.152,165853.0,4,79.0
0.686,0.387,-8.148,0,0.0316,0.7,0.114,0.471,80.991,205134.0,4,40.0
0.491,0.966,-4.28,1,0.0538,5.59e-05,0.307,0.614,105.544,202573.0,4,69.0
0.505,0.978,-3.166,0,0.11,0.000163,0.346,0.389,93.793,248867.0,4,53.0
0.4,0.723,-7.679,1,0.0626,0.349,0.265,0.201,184.475,183164.0,4,4.0
0.545,0.998,-3.645,1,0.234,0.0192,0.877,0.142,129.992,190657.0,4,50.0
0.886,0.49,-9.215,0,0.109,0.317,0.12,0.499,108.006,251507.0,4,36.0
0.507,0.873,-4.683,0,0.0432,0.00561,0.268,0.362,89.137,281373.0,4,50.0
0.534,0.499,-7.968,1,0.104,0.672,0.122,0.581,170.012,192048.0,4,59.0
0.39,0.588,-8.032,1,0.0341,0.693,0.108,0.434,122.284,3.60955,4,30.0
0.47,0.954,-3.631,0,0.134,0.000159,0.405,0.412,170.1,220173.0,4,59.0
0.406,0.916,-2.945,1,0.041,0.000181,0.0864,0.275,139.787,241453.0,4,32.0
0.932,0.835,-3.905,1,0.156,0.105,0.0847,0.926,144.02,182465.0,4,73.0
0.576,0.121,-17.343,1,0.036,0.952,0.1,0.063,116.826,4.49866667,4,56.0
0.334,0.306,-9.242,0,0.0299,0.951,0.181,0.152,99.477,140547.0,4,19.0
0.889,0.496,-6.365,0,0.0905,0.259,0.252,0.544,86.003,180522.0,4,81.0
0.443,0.704,-5.695,1,0.0574,0.347,0.388,0.851,183.416,253733.0,4,15.0
0.649,0.914,-6.199,1,0.0455,0.00573,0.0997,0.739,139.125,209760.0,4,51.0
0.369,0.759,-4.718,1,0.0361,0.000815,0.329,0.868,132.281,193560.0,4,49.0
0.532,0.582,-7.804,1,0.0321,0.188,0.108,0.366,150.124,216059.0,4,30.0
0.581,0.543,-11.163,1,0.0385,0.473,0.448,0.755,98.354,3.646,4,23.0
0.559,0.952,-4.68,1,0.0544,0.000242,0.204,0.243,130.047,301533.0,4,49.0
0.365,0.305,-10.089,0,0.0276,0.11,0.11,0.0958,82.858,276027.0,3,27.0
0.924,0.523,-6.362,1,0.132,0.011,0.17,0.144,131.892,181690.0,4,75.0
0.478,0.854,-5.454,1,0.0289,0.0204,0.115,0.274,91.854,274160.0,4,72.0
0.747,0.68,-6.187,1,0.0346,0.0107,0.0964,0.594,93.804,317933.0,4,62.0
0.501,0.437,-14.575,1,0.0255,0.0688,0.349,0.406,91.145,209347.0,4,23.0
0.557,0.764,-7.928,0,0.117,0.00875,0.213,0.524,140.041,185213.0,4,26.0
0.511,0.19,-15.757,0,0.0332,0.957,0.189,0.113,97.135,3.421316667,4,44.0
0.622,0.693,-8.619,1,0.0274,0.288,0.136,0.843,109.055,230040.0,4,53.0
0.833,0.538,-12.777,1,0.033,0.272,0.285,0.896,119.586,224000.0,4,14.0
0.654,0.929,-5.906,1,0.0998,0.0468,0.0539,0.902,144.774,168840.0,4,75.0
0.457,0.964,-2.963,1,0.0656,0.0001,0.67,0.372,111.972,164987.0,4,54.0
0.507,0.797,-3.333,0,0.0315,0.165,0.112,0.394,108.91,3.357783333,4,32.0
0.71,0.805,-5.471,1,0.0637,0.00909,0.141,0.897,92.601,172013.0,4,55.0
0.253,0.0118,-33.838,1,0.042,0.952,0.245,0.149,82.843,316167.0,3,51.0
0.787,0.623,-18.273,0,0.178,0.19,0.107,0.818,109.906,336867.0,4,42.0
0.489,0.913,-9.152,0,0.0479,0.00015,0.0703,0.539,135.756,171747.0,4,64.0
0.527,0.415,-8.065,1,0.0347,0.789,0.152,0.251,93.326,2.32178333,4,44.0
0.581,0.197,-7.697,1,0.0329,0.88,0.107,0.349,130.367,214293.0,4,72.0
0.569,0.566,-7.644,1,0.369,0.122,0.354,0.459,180.057,159554.0,4,34.0
0.86,0.422,-9.785,1,0.0296,0.541,0.139,0.523,99.958,106800.0,4,53.0
0.605,0.583,-5.068,0,0.294,0.357,0.314,0.534,92.713,159130.0,4,62.0
0.728,0.481,-13.32,1,0.179,0.088,0.309,0.652,82.944,259533.0,4,43.0
0.284,0.875,-6.069,0,0.0422,0.00752,0.402,0.595,75.009,340907.0,4,75.0
0.684,0.672,-5.762,0,0.0341,0.151,0.116,0.381,93.965,155674.0,4,70.0
0.471,0.957,-5.695,1,0.137,0.00498,0.819,0.17,112.815,457892.0,4,46.0
0.66,0.619,-4.193,0,0.0265,0.665,0.0893,0.531,144.869,188400.0,4,50.0
0.472,0.989,-3.127,0,0.119,5.48e-05,0.313,0.137,122.535,265714.0,4,40.0
0.561,0.398,-12.848,1,0.0607,0.686,0.135,0.363,171.834,311667.0,4,34.0
0.679,0.728,-9.478,1,0.0325,0.0795,0.151,0.748,120.014,188142.0,4,41.0
0.535,0.858,-11.109,1,0.0453,0.101,0.141,0.926,95.792,142093.0,4,48.0
0.309,0.258,-12.18,0,0.0458,0.99,0.136,0.157,77.03,4.55555,1,6.0
0.655,0.846,-4.01,1,0.119,0.144,0.0517,0.618,195.901,210689.0,4,27.0
0.238,0.967,-2.602,0,0.136,0.000213,0.26,0.58,170.128,252003.0,4,67.0
0.877,0.54,-7.398,1,0.391,0.0503,0.0883,0.544,158.07,185133.0,4,53.0
0.683,0.507,-14.429,0,0.0726,0.517,0.151,0.904,120.63,159920.0,4,32.0
0.615,0.821,-6.422,0,0.0647,0.00918,0.219,0.391,125.039,214760.0,4,44.0
0.446,0.373,-9.192,1,0.0312,0.0949,0.116,0.201,144.073,151257.0,4,26.0
0.625,0.8,-4.385,1,0.0277,0.00271,0.0521,0.127,110.0,224625.0,4,44.0
0.648,0.437,-13.245,0,0.368,0.849,0.0901,0.551,130.654,240020.0,3,20.0
0.729,0.356,-13.743,0,0.0347,0.0916,0.052,0.392,95.026,240333.0,4,59.0
0.918,0.734,-2.832,0,0.269,0.0296,0.191,0.608,97.044,230693.0,4,67.0
0.467,0.329,-11.429,1,0.0295,0.662,0.096,0.362,108.777,3.43355,4,46.0
0.357,0.866,-6.324,1,0.0411,0.00191,0.0815,0.721,129.071,492947.0,4,58.0
0.632,0.541,-12.129,1,0.242,0.341,0.0937,0.484,113.007,380500.0,4,58.0
0.471,0.229,-6.504,1,0.0358,0.953,0.0909,0.358,68.41,2.2875,3,74.0
0.613,0.793,-6.82,0,0.0666,0.0319,0.341,0.806,180.026,187532.0,4,40.0
0.657,0.824,-3.155,1,0.0347,0.0189,0.0859,0.76,96.996,3.16555,4,36.0
0.583,0.92,-5.607,0,0.0948,0.202,0.0744,0.632,97.722,188480.0,4,43.0
0.252,0.034,-29.298,1,0.0407,0.971,0.112,0.147,118.01,5.53555,3,37.0
0.804,0.492,-6.609,0,0.0511,0.674,0.0923,0.856,120.063,175213.0,4,45.0
0.551,0.86,-7.839,1,0.0796,0.262,0.0558,0.723,136.921,141507.0,4,68.0
0.685,0.727,-7.619,1,0.0648,0.0431,0.102,0.731,143.551,344973.0,4,44.0
0.489,0.953,-3.475,1,0.0607,2.3e-05,0.0408,0.354,99.939,199782.0,4,49.0
0.476,0.984,-4.457,1,0.088,1.4e-05,0.363,0.351,93.992,203000.0,4,40.0
0.482,0.992,-4.001,0,0.0959,0.00179,0.198,0.186,125.065,184531.0,4,45.0
0.474,0.907,-12.085,0,0.0548,3.62e-05,0.182,0.149,101.201,230187.0,3,31.0
0.61,0.678,-8.776,1,0.0326,0.0125,0.146,0.315,125.012,258425.0,4,36.0
0.555,0.667,-9.73,1,0.0626,0.0672,0.382,0.253,126.132,380093.0,4,48.0
0.553,0.841,-6.937,1,0.0396,0.000743,0.341,0.338,92.008,235800.0,4,67.0
0.768,0.598,-9.952,1,0.185,0.326,0.161,0.761,122.019,190940.0,4,24.0
0.538,0.605,-7.608,0,0.0368,0.128,0.151,0.729,158.181,221947.0,4,51.0
0.568,0.741,-5.64,1,0.0395,0.0122,0.371,0.771,104.056,189466.0,4,35.0
0.691,0.809,-5.338,1,0.0499,0.233,0.173,0.749,95.655,220333.0,4,4.0
0.56,0.93,-4.492,1,0.0661,0.0378,0.317,0.807,149.93,227880.0,4,54.0
0.8,0.649,-8.248,1,0.0293,0.453,0.0804,0.864,114.074,234520.0,4,8.0
0.415,0.23,-9.666,1,0.0499,0.803,0.0908,0.203,177.999,236627.0,3,58.0
0.456,0.276,-7.419,1,0.0316,0.965,0.0775,0.157,103.335,5.51025,4,48.0
0.616,0.727,-8.176,0,0.0365,0.00401,0.157,0.54,92.259,173267.0,4,65.0
0.6,0.796,-4.481,1,0.0275,0.000109,0.484,0.75,105.991,257920.0,4,69.0
0.507,0.627,-7.838,1,0.0354,0.575,0.198,0.962,175.309,3.01245,4,53.0
0.404,0.969,-2.938,1,0.195,8.51e-05,0.268,0.29,173.878,245227.0,4,73.0
0.571,0.926,-3.246,0,0.15,0.00178,0.35,0.582,131.023,192035.0,4,33.0
0.348,0.799,-6.018,0,0.0455,0.0781,0.178,0.564,107.979,353684.0,4,31.0
0.617,0.335,-15.914,0,0.0301,0.366,0.115,0.655,113.226,412040.0,4,54.0
0.254,0.563,-7.495,0,0.0392,0.0895,0.195,0.0979,111.685,319947.0,4,49.0
0.456,0.696,-10.0,1,0.0653,0.291,0.0853,0.508,142.156,428133.0,4,59.0
0.595,0.804,-7.911,0,0.0326,0.0129,0.299,0.586,89.846,341533.0,4,62.0
0.929,0.626,-5.996,1,0.0383,0.0483,0.102,0.859,123.134,222215.0,4,36.0
0.756,0.526,-9.258,1,0.037,0.619,0.155,0.966,126.612,3.512216667,4,22.0
0.798,0.559,-10.868,1,0.0592,0.286,0.349,0.604,102.018,236507.0,4,53.0
0.437,0.82,-5.854,0,0.0341,0.079,0.633,0.634,107.088,234547.0,4,41.0
0.467,0.157,-19.59,1,0.0354,0.939,0.148,0.153,90.97,4.41955,3,53.0
0.5,0.794,-7.579,1,0.029,0.00478,0.0926,0.257,90.007,263801.0,4,37.0
0.651,0.409,-10.864,0,0.0879,0.00428,0.176,0.363,173.76,222093.0,4,49.0
0.702,0.763,-5.237,0,0.0518,0.0175,0.189,0.6,103.004,223511.0,4,36.0
0.821,0.582,-3.908,0,0.0621,0.133,0.0527,0.88,104.991,3.644333333,4,30.0
0.49,0.951,-3.777,1,0.0477,2.02e-05,0.0314,0.589,106.946,269800.0,4,67.0
0.674,0.772,-8.414,1,0.0401,0.0101,0.15,0.928,134.979,185800.0,4,20.0
0.686,0.932,-5.562,0,0.0612,0.018,0.151,0.48,118.116,196133.0,4,38.0
0.533,0.663,-8.301,0,0.0341,0.237,0.0709,0.702,175.927,185627.0,4,28.0
0.686,0.729,-4.848,1,0.0298,0.175,0.137,0.79,123.546,192933.0,4,51.0
0.643,0.0574,-17.999,0,0.0462,0.993,0.113,0.572,112.408,209267.0,4,30.0
0.59,0.551,-6.693,0,0.0305,0.25,0.111,0.304,105.482,269829.0,4,50.0
0.463,0.674,-5.422,1,0.0319,0.0115,0.123,0.259,84.039,4.2539,4,58.0
0.344,0.821,-6.377,1,0.0321,0.0164,0.131,0.761,205.418,286440.0,4,47.0
0.595,0.653,-4.935,1,0.0265,0.246,0.264,0.542,128.93,4.02555,4,71.0
0.644,0.939,-3.486,0,0.0456,0.157,0.233,0.861,106.031,208107.0,4,72.0
0.526,0.17,-13.089,0,0.0411,0.823,0.114,0.18,117.414,5.368883333,4,45.0
0.563,0.871,-5.825,1,0.029,0.000197,0.0928,0.517,114.894,261627.0,4,43.0
0.844,0.785,-5.405,0,0.0833,0.343,0.505,0.454,99.992,171211.0,4,54.0
0.639,0.929,-4.762,1,0.212,0.00326,0.242,0.688,103.758,214707.0,4,57.0
0.886,0.708,-4.391,0,0.36,0.176,0.328,0.533,145.967,142808.0,4,62.0
0.552,0.74,-2.335,1,0.124,0.074,0.113,0.601,97.049,193918.0,4,70.0
0.831,0.385,-10.151,1,0.248,0.73,0.117,0.502,137.954,125257.0,4,36.0
0.537,0.823,-5.874,1,0.0322,0.00784,0.122,0.759,132.241,151827.0,4,43.0
0.666,0.948,-2.709,0,0.0466,0.28,0.299,0.768,103.997,231467.0,4,29.0
0.576,0.519,-8.847,1,0.0269,0.0839,0.266,0.546,110.07,214375.0,4,37.0
0.5,0.731,-4.535,1,0.0312,0.192,0.158,0.112,135.97,292320.0,4,59.0
0.581,0.822,-5.082,1,0.0591,0.0519,0.08,0.544,139.98,196573.0,4,70.0
0.76,0.531,-8.728,0,0.298,0.276,0.15,0.508,100.027,202067.0,4,47.0
0.576,0.519,-13.799,1,0.0302,0.0652,0.937,0.658,112.105,197648.0,4,22.0
0.603,0.864,-3.341,0,0.0668,0.055,0.0986,0.616,160.488,184627.0,4,74.0
0.423,0.501,-10.4,0,0.0445,0.865,0.206,0.701,154.046,3.846666667,3,15.0
0.428,0.987,-4.197,0,0.127,0.000534,0.227,0.139,96.9,209931.0,4,22.0
0.848,0.743,-7.095,0,0.0804,0.362,0.102,0.706,100.036,194400.0,4,49.0
0.537,0.871,-2.89,0,0.328,0.283,0.132,0.811,86.331,220000.0,4,17.0
0.567,0.758,-3.998,1,0.095,0.0937,0.601,0.242,133.687,114645.0,4,50.0
0.26,0.901,-5.871,1,0.051,1.6e-05,0.314,0.218,90.369,242079.0,3,44.0
0.158,0.0356,-32.22,1,0.0419,0.975,0.156,0.0369,98.614,386085.0,1,33.0
0.782,0.502,-8.356,0,0.0366,0.694,0.124,0.397,109.052,213487.0,4,25.0
0.528,0.163,-19.696,0,0.0295,0.895,0.105,0.141,98.417,221797.0,4,43.0
0.484,0.833,-5.453,1,0.0522,6.29e-05,0.0296,0.279,87.516,260250.0,4,25.0
0.741,0.562,-5.474,0,0.165,0.172,0.0751,0.292,180.068,240926.0,4,60.0
0.669,0.819,-4.716,1,0.0363,0.11,0.212,0.762,105.055,178901.0,4,59.0
0.252,0.147,-19.74,0,0.0365,0.911,0.103,0.0317,108.025,270025.0,4,40.0
0.418,0.857,-5.133,1,0.0404,2.73e-06,0.368,0.12,140.02,206173.0,4,59.0
0.624,0.613,-6.709,1,0.0262,0.409,0.386,0.808,76.002,192625.0,4,36.0
0.713,0.579,-8.066,1,0.0413,0.338,0.174,0.511,125.179,4.04555,4,60.0
0.339,0.984,-2.535,1,0.255,9.59e-05,0.262,0.374,142.385,207177.0,3,29.0
0.412,0.847,-3.948,1,0.0522,2.43e-05,0.101,0.377,117.96,199600.0,4,43.0
0.461,0.706,-6.34,1,0.0526,0.00373,0.324,0.24,126.387,148810.0,4,29.0
0.508,0.797,-8.07,1,0.123,0.000457,0.095,0.516,149.969,226296.0,4,49.0
0.283,0.949,-5.636,1,0.107,1.79e-05,0.271,0.107,102.783,294240.0,3,14.0
0.644,0.633,-8.006,1,0.0261,0.102,0.227,0.647,115.193,3.240883333,4,62.0
0.193,0.738,-7.32,1,0.081,0.249,0.108,0.0694,111.535,478067.0,4,11.0
0.601,0.831,-8.582,1,0.17,0.00086,0.102,0.296,120.962,211787.0,4,55.0
0.623,0.445,-7.827,1,0.0331,0.716,0.21,0.393,90.065,134724.0,3,49.0
0.578,0.515,-9.541,1,0.0347,0.05,0.119,0.302,112.879,216733.0,4,57.0
0.376,0.987,-3.882,1,0.23,2.13e-05,0.179,0.274,75.052,219700.0,4,34.0
0.368,0.715,-7.718,1,0.0452,0.00394,0.313,0.498,146.105,302877.0,4,34.0
0.741,0.789,-4.733,1,0.0594,0.183,0.162,0.863,95.986,220960.0,4,25.0
0.54,0.934,-5.232,1,0.0612,3.26e-05,0.405,0.494,115.061,246000.0,4,42.0
0.529,0.364,-8.112,0,0.0381,0.748,0.0913,0.384,75.024,209390.0,4,61.0
0.594,0.772,-6.423,1,0.0288,0.0333,0.107,0.338,108.036,241787.0,4,31.0
0.416,0.819,-3.974,1,0.0613,0.000138,0.147,0.632,140.083,193520.0,4,64.0
0.49,0.963,-3.755,0,0.148,0.00052,0.055,0.317,152.029,216613.0,4,54.0
0.473,0.258,-16.261,1,0.031,0.959,0.11,0.205,125.929,4.9,4,36.0
0.916,0.72,-8.548,1,0.1,0.36,0.0958,0.76,103.312,237000.0,4,78.0
0.331,0.0236,-27.06,1,0.0473,0.99,0.108,0.101,34.132,3.168,4,18.0
0.66,0.698,-4.722,0,0.0302,1.92e-05,0.0517,0.511,123.005,214600.0,4,59.0
0.561,0.598,-8.339,0,0.0882,0.395,0.108,0.477,97.697,181867.0,4,56.0
0.545,0.365,-8.97,1,0.0396,0.136,0.201,0.233,150.125,3.50276667,4,57.0
0.56,0.801,-5.745,1,0.0557,0.0088,0.0789,0.566,140.095,192352.0,4,36.0
0.463,0.108,-19.102,0,0.0419,0.975,0.125,0.159,114.066,3.328966667,4,55.0
0.309,0.307,-9.591,1,0.0335,0.869,0.345,0.0392,103.553,358000.0,4,14.0
0.793,0.656,-9.665,1,0.0541,0.102,0.0902,0.588,123.021,269290.0,4,30.0
0.212,0.0284,-25.232,0,0.0453,0.87,0.0815,0.0391,88.931,1.4818,4,42.0
0.432,0.667,-7.849,1,0.0439,0.127,0.181,0.907,173.727,254200.0,4,33.0
0.264,0.927,-5.659,1,0.082,0.00395,0.0962,0.111,150.024,263440.0,4,27.0
0.296,0.463,-11.412,0,0.0449,0.705,0.0954,0.0629,123.943,251427.0,5,66.0
0.687,0.89,-5.99,1,0.0344,0.00396,0.0436,0.854,113.06,172232.0,4,68.0
0.723,0.854,-7.936,1,0.0585,0.00139,0.276,0.52,95.001,237584.0,4,26.0
0.588,0.755,-6.842,1,0.0434,0.0497,0.163,0.437,102.941,285040.0,4,44.0
0.527,0.606,-6.799,1,0.0305,0.0134,0.418,0.267,105.509,279107.0,4,42.0
0.604,0.598,-6.155,0,0.0268,0.00218,0.107,0.414,108.029,244987.0,4,16.0
0.611,0.568,-6.142,1,0.032,0.0906,0.117,0.567,95.546,208653.0,4,59.0
0.385,0.479,-6.427,0,0.026,0.521,0.139,0.359,82.858,214307.0,4,13.0
0.448,0.725,-5.883,0,0.0581,0.31,0.34,0.569,124.946,511427.0,3,36.0
0.571,0.639,-6.242,1,0.0481,0.101,0.121,0.341,94.946,234424.0,4,37.0
0.527,0.0596,-19.036,1,0.0358,0.831,0.111,0.41,143.34,236693.0,4,28.0
0.638,0.471,-8.565,1,0.0651,0.181,0.0619,0.24,129.973,206769.0,4,32.0
0.187,0.938,-3.635,1,0.0658,2.25e-05,0.231,0.423,133.635,349467.0,4,37.0
0.381,0.335,-12.797,1,0.0362,0.207,0.1,0.259,83.792,3.557333333,4,51.0
0.375,0.131,-19.125,1,0.033,0.946,0.111,0.0366,64.128,2.591916667,4,45.0
0.924,0.247,-9.562,1,0.0711,0.0491,0.0894,0.341,119.979,147000.0,4,29.0
0.408,0.903,-2.924,1,0.0561,0.00256,0.117,0.368,128.942,289867.0,4,58.0
0.437,0.301,-8.519,1,0.0384,0.645,0.117,0.203,126.016,3.65,4,48.0
0.669,0.852,-5.718,1,0.0549,0.409,0.335,0.851,111.028,198603.0,4,29.0
0.612,0.942,-6.472,1,0.43,0.0193,0.0993,0.83,128.007,142567.0,4,37.0
0.579,0.212,-11.439,1,0.0439,0.903,0.089,0.0634,130.18,200476.0,4,41.0
0.315,0.618,-6.71,0,0.053,0.0353,0.113,0.226,79.175,203027.0,4,56.0
0.703,0.589,-6.193,1,0.0534,0.00584,0.116,0.223,145.927,225867.0,4,65.0
0.464,0.875,-9.198,0,0.0256,0.00116,0.104,0.683,104.986,303120.0,4,40.0
0.792,0.142,-16.024,1,0.0442,0.985,0.112,0.669,94.375,195307.0,4,35.0
0.577,0.85,-3.932,1,0.0568,0.00454,0.124,0.561,127.993,3.4298,4,19.0
0.521,0.895,-5.242,1,0.0442,5.54e-05,0.0985,0.237,120.117,322340.0,4,73.0
0.693,0.824,-8.139,0,0.0415,0.00726,0.0826,0.822,108.018,176708.0,4,52.0
0.497,0.914,-6.532,1,0.0601,0.00178,0.258,0.16,133.738,254693.0,4,56.0
0.666,0.803,-6.156,1,0.028,0.0228,0.193,0.54,123.011,270120.0,4,47.0
0.559,0.745,-5.775,0,0.081,0.43,0.105,0.213,147.155,202449.0,4,31.0
0.39,0.758,-6.329,1,0.0312,0.00114,0.0978,0.0993,84.003,348053.0,4,47.0
0.273,0.889,-7.038,1,0.0998,0.00878,0.411,0.22,130.041,358283.0,4,23.0
0.619,0.303,-10.348,1,0.0308,0.203,0.0988,0.281,114.921,214987.0,4,4.0
0.328,0.461,-8.79,1,0.0434,0.447,0.155,0.232,126.015,177286.0,4,57.0
0.481,0.724,-5.642,1,0.0324,0.0018,0.11,0.2,116.322,271000.0,4,61.0
0.468,0.404,-7.25,1,0.0286,0.689,0.177,0.148,138.115,4.002883333,4,54.0
0.679,0.772,-8.946,1,0.0328,0.557,0.0338,0.749,118.129,222560.0,4,49.0
0.63,0.768,-5.667,1,0.0294,0.353,0.108,0.519,119.978,212638.0,4,36.0
0.656,0.494,-10.666,1,0.0302,0.0189,0.11,0.316,139.151,297733.0,4,11.0
0.199,0.824,-7.814,0,0.0444,6.65e-06,0.15,0.412,142.911,260652.0,4,31.0
0.72,0.555,-7.385,1,0.157,0.0183,0.0794,0.662,121.993,230656.0,4,37.0
0.399,0.97,-3.381,0,0.0625,0.00298,0.116,0.701,161.801,225853.0,4,38.0
0.434,0.891,-3.238,0,0.0439,7.56e-06,0.257,0.39,123.958,211192.0,4,50.0
0.568,0.9,-3.629,0,0.139,0.0377,0.363,0.375,94.963,162743.0,4,48.0
0.646,0.906,-3.848,0,0.0449,0.000172,0.28,0.625,125.944,255194.0,4,42.0
0.887,0.855,-6.21,1,0.186,0.146,0.109,0.67,116.982,188777.0,4,37.0
0.74,0.363,-8.706,1,0.0377,0.515,0.124,0.308,145.562,197028.0,4,38.0
0.627,0.736,-8.394,1,0.0358,0.298,0.356,0.856,125.101,159564.0,4,27.0
0.511,0.674,-9.536,1,0.0274,0.117,0.129,0.663,173.949,4.72285,4,42.0
0.456,0.499,-11.231,0,0.0338,0.754,0.0941,0.533,104.919,256924.0,4,31.0
0.582,0.762,-5.792,1,0.0633,0.258,0.364,0.372,81.009,176187.0,4,41.0
0.253,0.931,-4.189,0,0.142,0.0611,0.639,0.25,162.374,260293.0,4,48.0
0.544,0.985,-5.236,1,0.0895,0.00106,0.311,0.424,109.991,197474.0,4,36.0
0.714,0.435,-5.696,1,0.0346,0.276,0.11,0.187,92.936,197748.0,3,31.0
0.6,0.931,-4.647,1,0.0734,0.0296,0.392,0.542,140.123,4.50711667,4,70.0
0.535,0.727,-4.532,0,0.0442,0.768,0.0713,0.621,98.23,6.23,4,46.0
0.676,0.695,-13.395,0,0.0392,0.326,0.0462,0.691,114.93,236800.0,4,71.0
0.385,0.342,-7.749,1,0.0285,0.416,0.119,0.131,132.864,308933.0,4,66.0
0.776,0.656,-7.081,0,0.0631,0.229,0.164,0.658,119.938,190000.0,4,47.0
0.678,0.967,-3.548,1,0.0873,0.00251,0.264,0.365,109.03,194868.0,4,49.0
0.7,0.845,-2.892,1,0.0707,0.137,0.152,0.785,130.033,190093.0,4,51.0
0.51,0.396,-13.945,0,0.0389,0.184,0.68,0.197,111.506,213720.0,3,47.0
0.643,0.262,-5.686,1,0.0376,0.807,0.0943,0.394,122.904,276107.0,4,48.0
0.542,0.961,-5.606,1,0.0518,0.000128,0.286,0.472,114.048,243933.0,4,55.0
0.524,0.512,-7.809,0,0.034,0.361,0.113,0.278,126.397,188667.0,4,37.0
0.581,0.933,-6.315,0,0.0426,0.000311,0.0704,0.546,130.0,298411.0,4,43.0
0.37,0.599,-5.5,1,0.0387,0.0911,0.237,0.488,176.785,165424.0,4,33.0
0.399,0.59,-8.305,1,0.0315,0.0737,0.333,0.199,139.912,459640.0,4,28.0
0.273,0.971,-4.495,1,0.139,7e-05,0.284,0.249,145.088,455920.0,4,44.0
0.455,0.849,-5.461,0,0.0284,0.000493,0.466,0.533,90.955,239240.0,4,61.0
0.677,0.772,-7.438,1,0.424,0.303,0.299,0.721,148.163,106048.0,4,28.0
0.551,0.636,-6.798,1,0.054,0.0837,0.112,0.148,174.065,168276.0,4,42.0
0.594,0.944,-5.084,0,0.19,0.114,0.286,0.3,103.004,242330.0,4,39.0
0.704,0.669,-5.691,1,0.0309,0.0862,0.108,0.305,121.005,169267.0,4,60.0
0.508,0.162,-12.7,0,0.0302,0.928,0.101,0.38,71.541,5.804216667,4,42.0
0.469,0.884,-5.626,1,0.315,0.0506,0.0861,0.174,178.944,180000.0,4,34.0
0.498,0.881,-6.433,1,0.0626,0.507,0.97,0.617,113.988,645680.0,4,20.0
0.364,0.501,-6.138,0,0.0349,0.744,0.305,0.177,175.564,4.661783333,5,34.0
0.226,0.891,-5.531,0,0.0702,0.000631,0.225,0.511,167.876,237680.0,4,59.0
0.483,0.6,-11.83,1,0.0323,0.159,0.521,0.655,109.925,229960.0,4,37.0
0.409,0.816,-4.59,1,0.0743,0.00384,0.0932,0.385,164.841,141608.0,4,59.0
0.529,0.943,-4.446,1,0.0571,5.11e-05,0.142,0.226,119.983,245300.0,4,49.0
0.57,0.278,-7.268,1,0.0528,0.953,0.0997,0.287,122.99,3.638216667,3,47.0
0.72,0.412,-8.139,1,0.0305,0.421,0.102,0.463,111.444,141107.0,3,35.0
0.532,0.203,-8.524,0,0.0668,0.829,0.108,0.543,89.646,259920.0,4,61.0
0.59,0.129,-17.165,1,0.0546,0.958,0.107,0.0377,116.271,267443.0,4,29.0
0.505,0.947,-5.157,1,0.0613,2.07e-05,0.301,0.629,125.995,324134.0,4,56.0
0.596,0.709,-6.479,1,0.0359,0.27,0.421,0.595,152.182,220263.0,4,40.0
0.615,0.97,1.342,0,0.119,0.0104,0.178,0.507,122.993,262773.0,4,61.0
0.424,0.82,-6.895,0,0.0538,0.00484,0.12,0.153,115.1,300579.0,4,46.0
0.676,0.334,-10.572,1,0.0508,0.862,0.32,0.867,158.0,162040.0,4,56.0
0.702,0.685,-9.264,1,0.0346,0.451,0.159,0.885,126.404,234200.0,3,5.0
0.563,0.86,-7.533,1,0.0621,0.00834,0.39,0.517,97.867,256240.0,4,71.0
0.616,0.217,-15.439,1,0.0335,0.808,0.122,0.141,130.613,4.22155,3,55.0
0.448,0.315,-14.961,1,0.0353,0.904,0.235,0.372,98.548,172533.0,4,30.0
0.654,0.92,-6.389,1,0.514,0.0254,0.143,0.709,120.065,168000.0,4,36.0
0.359,0.17,-10.915,1,0.0308,0.91,0.11,0.178,137.062,5.12186667,3,49.0
0.462,0.974,-5.82,1,0.0816,2.94e-05,0.0751,0.399,107.877,186576.0,3,53.0
0.667,0.659,-10.264,0,0.04,0.728,0.141,0.826,139.947,174857.0,4,42.0
0.507,0.516,-6.133,0,0.0391,0.452,0.135,0.27,109.821,187147.0,4,19.0
0.396,0.77,-4.728,1,0.06,0.0184,0.12,0.412,177.542,170733.0,4,64.0
0.493,0.856,-6.686,1,0.0556,0.0277,0.258,0.818,159.641,194867.0,4,32.0
0.469,0.607,-10.174,1,0.0371,0.369,0.119,0.287,184.986,3.55395,4,41.0
0.538,0.0687,-17.993,0,0.0371,0.967,0.0854,0.132,103.808,2.535116667,4,46.0
0.625,0.624,-8.391,1,0.14,0.179,0.22,0.394,150.005,208200.0,4,51.0
0.618,0.837,-5.338,1,0.0304,0.000254,0.0618,0.526,121.227,248336.0,4,70.0
0.565,0.564,-10.044,1,0.0292,0.161,0.114,0.454,134.355,295533.0,4,80.0
0.647,0.864,-4.496,1,0.0428,0.00881,0.273,0.5,94.986,186411.0,4,35.0
0.366,0.269,-9.197,1,0.0439,0.871,0.101,0.238,127.523,133227.0,4,62.0
0.629,0.748,-6.3,1,0.0406,0.0924,0.0449,0.439,111.066,278907.0,4,48.0
0.5,0.225,-10.22,1,0.0302,0.842,0.112,0.355,173.788,3.222,3,69.0
0.458,0.821,-5.076,1,0.0334,0.000594,0.161,0.323,144.46,220693.0,4,53.0
0.846,0.431,-6.549,0,0.0351,0.071,0.0861,0.684,93.038,181893.0,4,65.0
0.736,0.502,-9.4,0,0.0587,0.481,0.0866,0.296,103.985,151731.0,4,34.0
0.383,0.696,-7.557,1,0.0417,0.265,0.281,0.379,139.068,8.096216667,4,11.0
0.32,0.967,-5.898,0,0.0548,2.06e-06,0.305,0.081,130.338,246534.0,4,34.0
0.529,0.528,-6.566,1,0.029,0.157,0.135,0.278,118.03,3.74,4,2.0
0.568,0.907,-7.002,0,0.0318,0.000324,0.0702,0.895,123.886,242533.0,4,46.0
0.589,0.183,-13.31,1,0.0583,0.708,0.393,0.36,90.556,3.95605,4,50.0
0.537,0.674,-5.134,0,0.0277,0.0088,0.265,0.33,136.002,3.56845,4,70.0
0.443,0.555,-9.303,0,0.0474,0.0533,0.311,0.755,87.982,271027.0,4,56.0
0.353,0.348,-9.934,1,0.0381,0.376,0.0825,0.154,127.566,224867.0,3,34.0
0.495,0.594,-6.447,1,0.0291,0.0178,0.215,0.428,93.445,308386.0,4,51.0
0.446,0.617,-7.883,1,0.0478,0.582,0.0972,0.0696,159.768,2.25,4,25.0
0.472,0.634,-5.361,1,0.0324,0.0588,0.105,0.641,124.27,297707.0,4,40.0
0.837,0.478,-5.861,0,0.0627,0.0571,0.0569,0.81,78.746,254800.0,4,62.0
0.793,0.699,-9.849,1,0.37,0.0199,0.108,0.897,98.957,242347.0,4,54.0
0.614,0.327,-9.49,1,0.0314,0.585,0.0885,0.43,145.051,3.8862,4,43.0
0.594,0.619,-11.123,0,0.0478,0.597,0.0694,0.385,89.691,5.835783333,1,35.0
0.484,0.775,-7.761,0,0.46,0.0462,0.173,0.907,61.024,210057.0,4,31.0
0.461,0.75,-8.688,0,0.0436,0.0243,0.116,0.798,166.019,188786.0,4,50.0
0.472,0.871,-4.89,1,0.0597,0.000115,0.335,0.489,128.004,160160.0,4,38.0
0.748,0.748,-3.852,1,0.0465,0.374,0.261,0.393,132.101,148346.0,4,76.0
0.197,0.0527,-24.809,1,0.0432,0.991,0.0731,0.0386,82.876,3.222883333,4,8.0
0.735,0.385,-15.624,1,0.0356,0.367,0.0659,0.533,126.023,196000.0,4,28.0
0.687,0.199,-13.854,1,0.0402,0.839,0.117,0.153,112.417,194000.0,3,20.0
0.772,0.941,-7.609,0,0.165,0.076,0.0793,0.693,125.016,236175.0,4,41.0
0.845,0.921,-4.711,1,0.184,0.00766,0.0419,0.367,95.84,300360.0,4,48.0
0.759,0.459,-5.187,1,0.0948,0.00323,0.0906,0.695,109.997,2.7407,4,96.0
0.524,0.94,-5.602,0,0.0504,0.000337,0.287,0.654,95.919,162827.0,4,39.0
0.527,0.453,-11.677,0,0.033,0.219,0.104,0.179,120.024,282107.0,3,46.0
0.23,0.888,-3.414,1,0.0512,0.000776,0.414,0.368,90.716,243823.0,4,46.0
0.584,0.859,-5.616,1,0.121,0.0144,0.847,0.369,77.005,236883.0,4,88.0
0.436,0.907,-6.784,0,0.0608,0.000493,0.348,0.0692,115.017,452900.0,4,34.0
0.556,0.881,-4.656,0,0.04,0.0391,0.187,0.736,133.058,209960.0,4,46.0
0.637,0.625,-8.169,0,0.0342,0.641,0.12,0.491,113.993,226667.0,4,35.0
0.538,0.477,-10.481,0,0.027,0.0322,0.0939,0.721,105.898,273993.0,4,53.0
0.343,0.872,-5.602,0,0.0914,0.0207,0.147,0.588,115.991,222169.0,4,32.0
0.334,0.536,-6.649,0,0.0381,0.378,0.106,0.235,152.429,204947.0,4,37.0
0.721,0.485,-11.213,0,0.0681,0.158,0.107,0.614,150.027,188617.0,4,67.0
0.552,0.69,-9.203,0,0.045,0.604,0.24,0.948,128.789,3.39955,4,27.0
0.525,0.578,-4.563,1,0.12,0.0132,0.108,0.537,123.696,215267.0,4,66.0
0.277,0.993,-5.27,0,0.147,0.00067,0.0985,0.0736,99.456,304667.0,4,38.0
0.485,0.392,-7.744,0,0.0302,0.787,0.111,0.313,71.375,245135.0,4,32.0
0.217,0.807,-4.802,1,0.0469,1.19e-05,0.0733,0.249,103.893,299293.0,3,34.0
0.668,0.921,-3.727,1,0.0439,0.0492,0.0877,0.782,120.0,212440.0,4,76.0
0.757,0.671,-7.541,0,0.0422,0.104,0.0729,0.837,133.008,192500.0,4,76.0
0.327,0.952,-2.345,1,0.128,0.0017,0.0259,0.296,189.938,224267.0,4,43.0
0.717,0.732,-4.985,1,0.0426,0.0394,0.136,0.708,119.996,292307.0,4,1.0
0.287,0.956,-2.847,0,0.258,0.0937,0.423,0.475,82.578,156848.0,4,59.0
0.479,0.905,-6.606,0,0.0565,0.00076,0.326,0.274,90.007,218088.0,4,42.0
0.366,0.262,-12.635,1,0.0322,0.767,0.119,0.181,151.11,4.09845,4,56.0
0.719,0.928,-3.215,0,0.0326,0.0736,0.339,0.929,105.004,204067.0,4,19.0
0.459,0.747,-5.439,1,0.0309,0.000956,0.104,0.673,89.974,167556.0,4,39.0
0.385,0.637,-5.176,1,0.0315,0.0455,0.286,0.246,163.913,234098.0,4,41.0
0.345,0.346,-8.168,1,0.0284,0.496,0.117,0.155,149.713,4.03045,4,1.0
0.649,0.448,-7.6,1,0.0278,0.785,0.0953,0.36,80.521,269533.0,3,16.0
0.506,0.583,-6.989,0,0.108,0.133,0.254,0.445,170.014,229037.0,4,39.0
0.37,0.57,-8.316,0,0.0361,0.285,0.102,0.362,113.595,260506.0,4,32.0
0.641,0.828,-5.412,0,0.0722,0.0864,0.246,0.776,104.714,271933.0,4,40.0
0.446,0.892,-4.809,1,0.0524,2.45e-05,0.115,0.377,107.465,240693.0,4,40.0
0.494,0.936,-7.195,0,0.0398,0.0112,0.276,0.834,107.543,224480.0,4,63.0
0.773,0.947,-5.824,1,0.249,0.117,0.44,0.464,102.146,266194.0,4,55.0
0.742,0.696,-7.198,0,0.0384,0.294,0.0802,0.765,82.252,244624.0,4,20.0
0.409,0.48,-11.899,1,0.0311,0.0133,0.138,0.152,163.33,210000.0,4,27.0
0.46,0.949,-1.026,1,0.0751,0.00026,0.0421,0.255,142.917,158349.0,4,39.0
0.431,0.392,-9.994,0,0.0585,0.705,0.174,0.3,98.667,3.431266667,3,45.0
0.908,0.517,-9.919,0,0.108,0.784,0.0851,0.762,114.68,160635.0,4,39.0
0.772,0.503,-7.603,0,0.0873,0.0732,0.0785,0.496,138.046,203389.0,4,64.0
0.58,0.422,-14.462,0,0.0342,0.409,0.0581,0.844,134.912,217400.0,4,52.0
0.661,0.531,-10.113,0,0.548,0.141,0.136,0.672,93.287,196615.0,5,47.0
0.561,0.871,-5.48,1,0.0314,0.000179,0.0925,0.517,138.978,251480.0,4,49.0
0.39,0.967,-3.619,1,0.0625,4.45e-06,0.608,0.416,177.041,238813.0,4,51.0
0.696,0.871,-6.482,1,0.0357,0.186,0.173,0.8,118.938,310227.0,4,51.0
0.542,0.668,-5.924,1,0.0309,0.225,0.096,0.651,104.914,194631.0,4,31.0
0.577,0.72,-8.08,1,0.0421,0.0496,0.0977,0.465,150.085,199480.0,4,55.0
0.84,0.859,-4.28,0,0.129,0.233,0.142,0.939,113.938,238576.0,4,53.0
0.421,0.491,-9.252,1,0.0295,0.182,0.195,0.731,147.726,184832.0,4,14.0
0.621,0.668,-5.15,1,0.046,0.0954,0.114,0.685,163.901,153680.0,4,56.0
0.6,0.746,-4.696,0,0.0355,0.0226,0.109,0.614,118.551,239442.0,4,59.0
0.545,0.651,-5.966,0,0.044,0.000792,0.484,0.502,99.926,176349.0,4,46.0
0.835,0.648,-8.15,1,0.0488,0.0202,0.308,0.674,99.701,244640.0,4,66.0
0.899,0.763,-11.548,1,0.0601,0.262,0.0869,0.905,122.005,315608.0,4,49.0
0.51,0.817,-8.666,1,0.0373,0.000654,0.146,0.547,169.481,102007.0,4,70.0
0.957,0.507,-6.206,1,0.0539,0.0451,0.0543,0.817,123.998,2.881783333,4,49.0
0.796,0.698,-5.867,1,0.0676,0.0162,0.312,0.727,140.966,129408.0,4,50.0
0.606,0.393,-16.296,1,0.0506,0.736,0.0823,0.832,131.863,174133.0,4,37.0
0.159,0.785,-6.162,1,0.0388,3.44e-06,0.373,0.535,152.348,167842.0,4,32.0
0.557,0.518,-7.043,1,0.0315,0.339,0.0867,0.354,110.291,173218.0,4,47.0
0.286,0.413,-9.539,0,0.0386,0.609,0.0769,0.0521,184.368,343627.0,3,29.0
0.405,0.811,-3.82,1,0.0528,0.0407,0.0727,0.63,175.018,174333.0,4,50.0
0.704,0.568,-7.786,1,0.51,0.216,0.184,0.586,123.855,219560.0,5,57.0
0.758,0.954,-4.573,1,0.108,0.196,0.0531,0.924,153.973,271907.0,4,56.0
0.517,0.831,-7.821,0,0.045,0.00139,0.113,0.347,174.955,340147.0,3,30.0
0.528,0.621,-8.559,1,0.0455,0.346,0.11,0.46,98.419,175737.0,4,61.0
0.536,0.836,-5.976,1,0.0948,0.000233,0.402,0.576,82.526,200909.0,4,37.0
0.613,0.292,-14.464,0,0.0331,0.694,0.0827,0.275,122.124,269522.0,4,3.0
0.75,0.608,-4.008,1,0.0387,0.00165,0.178,0.958,132.507,2.88911667,4,95.0
0.318,0.919,-2.433,1,0.0774,0.00771,0.115,0.38,88.981,264067.0,4,42.0
0.377,0.976,-3.686,0,0.217,0.000107,0.142,0.264,116.062,141560.0,4,31.0
0.539,0.996,-2.57,1,0.0405,0.000895,0.331,0.656,130.01,265837.0,4,32.0
0.579,0.636,-8.574,0,0.0276,0.0821,0.446,0.898,132.652,280853.0,4,39.0
0.72,0.747,-4.413,1,0.0313,0.204,0.139,0.919,145.047,182690.0,4,47.0
0.645,0.132,-12.635,1,0.0327,0.927,0.0845,0.257,131.011,208973.0,3,49.0
0.694,0.576,-7.064,1,0.0275,0.501,0.264,0.445,117.997,150127.0,4,56.0
0.495,0.759,-6.304,1,0.0381,0.0197,0.167,0.387,107.12,381398.0,4,42.0
0.689,0.612,-6.014,1,0.0387,0.228,0.368,0.461,122.076,193018.0,4,80.0
0.406,0.963,-7.108,1,0.18,6.16e-05,0.176,0.052,124.932,421000.0,4,29.0
0.355,0.949,-5.356,1,0.0578,2.37e-05,0.0728,0.792,83.704,154680.0,4,37.0
0.625,0.815,-3.915,1,0.177,0.0476,0.07,0.528,107.273,327387.0,4,51.0
0.377,0.991,-1.205,0,0.0932,0.00081,0.298,0.258,122.147,238040.0,4,55.0
0.377,0.916,-3.199,0,0.0481,0.26,0.074,0.912,75.533,140920.0,4,66.0
0.436,0.64,-6.406,1,0.0519,0.0158,0.259,0.284,203.7,187253.0,4,30.0
0.423,0.795,-7.408,1,0.0374,0.000162,0.269,0.307,96.045,515080.0,5,60.0
0.602,0.698,-3.167,1,0.0712,0.0597,0.127,0.53,114.977,225893.0,4,36.0
0.488,0.99,-2.874,1,0.219,0.00494,0.127,0.169,160.089,154962.0,4,31.0
0.455,0.658,-6.113,1,0.0508,0.0261,0.0912,0.25,134.06,190720.0,3,20.0
0.721,0.302,-16.424,1,0.0592,0.517,0.168,0.433,88.461,3.69,4,41.0
0.581,0.468,-15.763,0,0.0314,0.0251,0.0831,0.49,116.04,358427.0,3,49.0
0.801,0.633,-7.069,1,0.293,0.102,0.354,0.945,139.931,167143.0,4,70.0
0.383,0.511,-7.143,0,0.0369,0.168,0.256,0.294,121.049,469445.0,4,46.0
0.356,0.609,-14.697,1,0.0514,1.09e-05,0.1,0.0952,128.432,319160.0,4,53.0
0.615,0.755,-8.794,0,0.0292,0.00924,0.272,0.933,124.964,258920.0,4,26.0
0.677,0.791,-5.34,1,0.0307,0.00394,0.101,0.857,102.974,155000.0,4,12.0
0.649,0.882,-5.461,1,0.327,0.0254,0.303,0.585,128.052,153750.0,4,31.0
0.439,0.691,-9.158,1,0.0608,0.000666,0.423,0.433,103.281,446146.0,3,46.0
0.247,0.981,-3.973,1,0.0964,9.38e-05,0.398,0.193,136.611,194502.0,4,45.0
0.534,0.596,-7.148,1,0.0279,0.277,0.148,0.147,114.957,4.2941,4,51.0
0.617,0.5,-5.747,1,0.034,0.386,0.107,0.516,90.026,168747.0,4,57.0
0.362,0.968,-2.629,0,0.0741,6.56e-06,0.0672,0.427,164.167,284518.0,4,33.0
0.734,0.874,-3.158,1,0.0662,0.168,0.0489,0.905,122.953,166028.0,4,90.0
0.448,0.263,-10.362,1,0.0459,0.708,0.119,0.423,88.109,3.86246667,4,43.0
0.793,0.698,-8.089,1,0.0337,0.0478,0.104,0.786,107.979,132058.0,4,53.0
0.267,0.982,-5.72,1,0.123,5.09e-06,0.147,0.228,142.271,337787.0,3,28.0
0.761,0.679,-9.796,0,0.0668,0.102,0.13,0.861,94.998,269573.0,4,41.0
0.814,0.481,-5.183,1,0.245,0.097,0.0495,0.193,96.252,161400.0,4,68.0
0.801,0.637,-6.406,1,0.0565,0.169,0.0925,0.769,77.012,218360.0,4,54.0
0.608,0.849,-6.66,1,0.0389,0.00371,0.112,0.644,101.517,235720.0,4,40.0
0.542,0.733,-5.815,1,0.0318,0.0261,0.0968,0.329,119.963,221938.0,4,38.0
0.716,0.83,-4.67,0,0.222,0.244,0.103,0.674,92.147,250451.0,4,49.0
0.929,0.667,-6.789,0,0.353,0.0185,0.1,0.274,126.998,155168.0,4,72.0
0.461,0.272,-8.795,1,0.0328,0.335,0.102,0.258,73.806,5.10355,4,32.0
0.403,0.763,-6.727,1,0.118,0.0277,0.148,0.455,82.812,255613.0,4,49.0
0.477,0.648,-7.687,1,0.0498,0.0254,0.115,0.571,89.753,185440.0,4,45.0
0.887,0.401,-8.132,1,0.0646,0.164,0.0728,0.601,128.047,182833.0,4,56.0
0.551,0.98,-3.755,0,0.0451,0.000899,0.142,0.561,119.041,202446.0,4,51.0
0.606,0.452,-10.376,1,0.0394,0.815,0.118,0.657,126.687,3.37795,4,28.0
0.617,0.754,-7.395,1,0.0363,0.00754,0.256,0.397,105.282,196853.0,4,51.0
0.611,0.743,-4.272,0,0.0346,0.00244,0.39,0.429,105.052,162787.0,4,53.0
0.888,0.786,-4.2,0,0.0517,0.135,0.0754,0.771,100.03,185400.0,4,53.0
0.257,0.626,-7.156,1,0.0318,0.313,0.188,0.293,83.979,378987.0,1,41.0
0.554,0.606,-5.74,1,0.0256,0.152,0.282,0.599,93.991,220768.0,4,47.0
0.408,0.911,-5.647,1,0.344,0.201,0.108,0.104,93.917,365480.0,4,30.0
0.345,0.706,-9.351,0,0.0448,0.191,0.836,0.766,88.069,369893.0,4,27.0
0.694,0.669,-6.722,1,0.0385,0.0685,0.114,0.618,115.146,146087.0,4,53.0
0.427,0.545,-13.159,0,0.0799,0.864,0.555,0.954,98.489,4.649116667,4,10.0
0.649,0.441,-4.042,1,0.0421,0.619,0.152,0.331,153.603,221299.0,4,51.0
0.627,0.865,-3.896,0,0.0431,0.0113,0.35,0.705,129.996,202240.0,4,29.0
0.487,0.797,-5.634,0,0.0697,9.37e-05,0.248,0.452,156.016,175432.0,4,43.0
0.864,0.813,-6.909,1,0.361,0.217,0.874,0.72,118.006,239733.0,4,61.0
0.182,0.0457,-21.788,0,0.0452,0.908,0.0716,0.136,108.549,2.906666667,4,44.0
0.363,0.94,-5.773,0,0.1,0.000131,0.116,0.277,191.998,194587.0,4,35.0
0.448,0.154,-23.811,1,0.0405,0.795,0.275,0.154,79.955,278436.0,4,41.0
0.652,0.739,-7.927,1,0.0314,0.0167,0.146,0.82,131.483,164693.0,4,38.0
0.747,0.573,-6.562,0,0.295,0.268,0.302,0.551,90.036,142766.0,4,72.0
0.526,0.878,-6.793,1,0.0835,0.0181,0.834,0.627,148.104,168927.0,4,39.0
0.659,0.835,-6.185,0,0.0421,0.437,0.102,0.564,132.033,223800.0,4,24.0
0.179,0.964,-7.878,0,0.081,3.12e-05,0.353,0.0769,151.258,507627.0,3,36.0
0.484,0.891,-5.943,0,0.0805,0.00041,0.0597,0.292,145.929,206157.0,4,36.0
0.371,0.76,-2.684,1,0.0418,0.411,0.0732,0.907,128.74,147591.0,4,1.0
0.302,0.73,-6.369,1,0.0901,0.122,0.0956,0.183,114.558,210998.0,4,56.0
0.392,0.969,-3.339,1,0.0572,6.64e-06,0.29,0.297,99.921,184533.0,4,13.0
0.202,0.458,-8.776,1,0.0298,0.0092,0.309,0.0962,75.034,356173.0,4,34.0
0.399,0.828,-9.06,1,0.0517,0.0177,0.39,0.374,99.094,140760.0,4,37.0
0.85,0.687,-8.967,0,0.0411,0.0522,0.0816,0.797,109.995,166909.0,4,55.0
0.551,0.44,-9.699,0,0.0429,0.815,0.189,0.281,140.12,165514.0,4,28.0
0.461,0.834,-13.794,1,0.0441,0.0259,0.381,0.63,133.12,325267.0,4,29.0
0.383,0.828,-6.322,1,0.0359,0.033,0.35,0.845,135.067,221907.0,4,36.0
0.478,0.923,-7.547,1,0.0569,2.7e-05,0.325,0.165,133.134,213800.0,4,67.0
0.447,0.21,-14.754,1,0.0265,0.715,0.202,0.266,80.951,286961.0,4,50.0
0.699,0.812,-6.005,1,0.0377,0.0164,0.105,0.662,138.185,276693.0,4,72.0
0.892,0.47,-8.413,1,0.0368,0.75,0.0817,0.784,108.92,242347.0,4,46.0
0.619,0.663,-7.249,1,0.0608,0.000538,0.286,0.277,93.427,193074.0,5,13.0
0.513,0.919,-3.987,1,0.299,0.182,0.116,0.207,150.0,207750.0,4,40.0
0.529,0.431,-8.973,0,0.0339,0.742,0.364,0.38,156.106,134875.0,4,47.0
0.666,0.709,-3.806,0,0.0733,0.0635,0.118,0.475,150.037,5.98,4,17.0
0.724,0.523,-11.139,1,0.116,0.0745,0.0811,0.965,185.075,203267.0,4,68.0
0.672,0.906,-10.217,1,0.0592,0.011,0.0756,0.242,121.971,263173.0,4,43.0
0.581,0.934,-5.511,1,0.0547,0.000169,0.0901,0.391,120.024,184027.0,4,60.0
0.727,0.292,-13.609,1,0.0408,0.906,0.104,0.694,83.543,187638.0,4,26.0
0.746,0.79,-4.7,0,0.0257,0.0485,0.0534,0.891,107.231,220867.0,4,73.0
0.577,0.974,-5.491,1,0.0993,5.18e-05,0.0722,0.178,102.501,300293.0,4,18.0
0.335,0.325,-8.615,0,0.0353,0.621,0.136,0.269,140.954,4.43405,3,26.0
0.547,0.536,-6.218,0,0.024,0.778,0.203,0.293,85.957,256400.0,4,30.0
0.47,0.913,-10.196,1,0.0343,6.59e-05,0.222,0.977,130.425,145533.0,4,54.0
0.596,0.835,-13.021,0,0.0418,0.0418,0.059,0.637,101.359,324333.0,4,58.0
0.762,0.685,-7.599,0,0.0268,0.275,0.151,0.664,109.964,217125.0,4,20.0
0.842,0.831,-7.072,1,0.242,0.127,0.0881,0.814,92.053,271973.0,4,59.0
0.355,0.8,-4.548,1,0.0432,1.42e-05,0.218,0.299,139.9,212853.0,4,44.0
0.476,0.517,-10.441,1,0.03,0.0364,0.341,0.254,82.937,296667.0,4,36.0
0.367,0.877,-3.92,1,0.109,0.00108,0.351,0.395,157.68,224307.0,4,58.0
0.796,0.426,-7.994,1,0.0324,0.031,0.171,0.572,100.006,183570.0,4,61.0
0.677,0.87,-4.569,0,0.0356,0.199,0.304,0.737,94.984,149050.0,4,47.0
0.691,0.822,-5.665,1,0.041,0.678,0.136,0.859,109.861,223560.0,4,21.0
0.459,0.973,-5.917,0,0.0672,0.000718,0.39,0.417,144.95,248320.0,4,30.0
0.427,0.79,-12.396,1,0.0513,4.18e-05,0.344,0.443,111.298,330987.0,4,43.0
0.479,0.802,-4.968,1,0.0569,0.0418,0.213,0.416,80.043,216552.0,4,20.0
0.63,0.78,-5.353,1,0.221,0.00499,0.206,0.281,155.779,286453.0,4,58.0
0.403,0.209,-10.437,1,0.0474,0.932,0.125,0.486,166.597,3.62645,3,44.0
0.544,0.197,-14.654,1,0.0323,0.947,0.358,0.251,133.432,201747.0,4,36.0
0.552,0.659,-3.515,0,0.0521,0.398,0.329,0.283,139.976,251987.0,4,27.0
0.348,0.635,-6.836,1,0.0386,0.0932,0.126,0.144,87.974,306240.0,3,61.0
0.665,0.874,-4.082,1,0.0308,0.143,0.251,0.766,103.98,3.316,4,51.0
0.272,0.251,-16.73,0,0.0498,0.976,0.111,0.292,86.118,402000.0,3,31.0
0.409,0.766,-8.028,0,0.0565,0.000144,0.269,0.783,122.692,235720.0,4,35.0
0.243,0.69,-10.783,1,0.0497,0.000521,0.125,0.114,151.665,358813.0,4,39.0
0.335,0.931,-4.488,1,0.188,0.000112,0.315,0.206,84.024,128677.0,4,40.0
0.565,0.769,-7.863,0,0.0594,0.0135,0.171,0.464,124.069,145920.0,4,40.0
0.43,0.874,-5.054,0,0.0543,0.127,0.126,0.576,195.891,252409.0,4,59.0
0.34,0.533,-12.554,0,0.034,0.939,0.156,0.121,128.918,258546.0,4,40.0
0.456,0.514,-9.733,0,0.053,0.462,0.268,0.657,138.377,226907.0,4,44.0
0.391,0.94,-4.86,0,0.0795,0.00645,0.17,0.116,170.014,255680.0,4,51.0
0.474,0.94,-6.429,1,0.141,0.000156,0.0667,0.456,174.953,274311.0,4,41.0
0.199,0.807,-9.125,0,0.0502,0.00192,0.531,0.0577,158.507,665451.0,4,27.0
0.579,0.57,-5.869,1,0.0227,0.0644,0.105,0.368,80.028,4.69955,4,54.0
0.381,0.897,-5.784,1,0.0924,0.000328,0.0592,0.554,146.056,187053.0,3,37.0
0.307,0.433,-10.057,1,0.029,0.388,0.332,0.224,160.9,266960.0,4,78.0
0.5,0.37,-11.581,1,0.0376,0.949,0.104,0.37,78.785,2.556883333,4,50.0
0.221,0.809,-2.879,1,0.0665,0.00218,0.138,0.0945,118.021,265875.0,5,48.0
0.528,0.816,-6.841,1,0.265,0.464,0.146,0.773,165.97,236837.0,4,42.0
0.637,0.769,-5.697,0,0.0314,0.0069,0.0504,0.797,103.975,209596.0,4,31.0
0.614,0.764,-8.156,1,0.031,2.43e-05,0.0622,0.8,120.317,235173.0,4,35.0
0.359,0.561,-7.713,0,0.0313,0.344,0.275,0.846,121.601,213653.0,4,1.0
0.729,0.749,-5.543,1,0.265,0.114,0.18,0.852,92.971,257067.0,4,50.0
0.622,0.392,-9.737,1,0.0253,0.498,0.146,0.274,77.991,4.216666667,4,53.0
0.659,0.73,-10.74,0,0.0368,0.0889,0.355,0.0795,99.987,202992.0,4,42.0
0.602,0.516,-7.575,0,0.0533,0.521,0.214,0.337,140.057,193448.0,4,54.0
0.627,0.468,-10.916,0,0.0291,0.522,0.326,0.13,95.002,278008.0,4,43.0
0.824,0.905,-4.861,1,0.133,0.302,0.289,0.921,116.026,173787.0,4,16.0
0.417,0.934,-3.908,0,0.119,0.000278,0.132,0.287,127.066,210240.0,4,80.0
0.574,0.345,-7.868,1,0.0761,0.674,0.0875,0.403,137.665,213107.0,4,50.0
0.698,0.875,-4.45,1,0.0482,0.456,0.0826,0.811,101.989,173631.0,4,67.0
0.496,0.837,-3.682,1,0.0332,0.0612,0.267,0.704,169.995,211533.0,4,47.0
0.511,0.672,-5.44,1,0.0279,0.0026,0.254,0.553,165.997,224237.0,4,49.0
0.701,0.54,-7.43,0,0.201,0.55,0.108,0.683,84.967,225879.0,4,46.0
0.446,0.798,-7.089,1,0.0365,0.00147,0.102,0.642,76.003,309267.0,4,40.0
0.462,0.388,-13.023,0,0.0375,0.336,0.103,0.606,96.479,213000.0,4,31.0
0.428,0.436,-11.754,0,0.0313,0.264,0.11,0.159,117.649,196107.0,4,48.0
0.557,0.321,-13.467,0,0.0375,0.653,0.0842,0.434,74.804,270054.0,4,37.0
0.694,0.576,-7.064,1,0.0275,0.501,0.264,0.445,117.997,150127.0,4,56.0
0.197,0.546,-7.33,1,0.0274,0.185,0.116,0.267,82.716,212627.0,4,52.0
0.73,0.235,-15.276,1,0.0355,0.527,0.0663,0.624,87.226,247373.0,4,50.0
0.197,0.96,-4.482,1,0.145,0.00184,0.191,0.0933,177.166,255013.0,4,34.0
0.447,0.278,-6.678,0,0.0475,0.748,0.103,0.352,75.024,198693.0,4,43.0
0.417,0.26,-10.537,1,0.0322,0.915,0.111,0.0987,132.318,297107.0,3,17.0
0.557,0.558,-8.797,1,0.0463,0.471,0.0957,0.22,119.787,250067.0,4,50.0
0.643,0.542,-6.11,0,0.0291,0.0363,0.0553,0.64,132.164,202960.0,4,43.0
0.561,0.716,-3.341,1,0.0291,0.0353,0.122,0.667,152.089,3.098666667,4,63.0
0.496,0.413,-9.671,1,0.0751,0.556,0.125,0.192,87.592,124803.0,4,51.0
0.612,0.829,-10.027,0,0.0356,0.55,0.913,0.662,125.821,378973.0,4,34.0
0.388,0.282,-13.7,1,0.182,0.951,0.137,0.582,74.501,2.971566667,3,4.0
0.401,0.65,-5.204,1,0.037,0.447,0.105,0.385,144.802,175800.0,4,11.0
0.556,0.592,-7.121,1,0.0393,0.185,0.109,0.196,138.041,232000.0,4,51.0
0.357,0.757,-7.487,0,0.041,0.000843,0.262,0.488,169.981,329544.0,4,38.0
0.462,0.855,-7.227,1,0.0344,0.315,0.334,0.762,145.659,243947.0,4,12.0
0.721,0.685,-8.776,1,0.093,0.187,0.106,0.669,134.045,175690.0,4,35.0
0.405,0.963,-2.115,0,0.133,0.000911,0.188,0.403,175.068,243000.0,4,40.0
0.544,0.691,-8.654,0,0.0765,0.564,0.151,0.411,94.808,328053.0,4,35.0
0.758,0.187,-18.963,1,0.0437,0.927,0.122,0.78,115.75,1.70333333,4,64.0
0.373,0.862,-3.988,1,0.0383,4.78e-05,0.109,0.21,158.932,234707.0,4,39.0
0.294,0.96,-3.374,0,0.0918,3.05e-05,0.34,0.538,109.989,205530.0,4,41.0
0.428,0.257,-10.805,1,0.0535,0.829,0.0986,0.267,174.773,204307.0,4,41.0
0.629,0.781,-10.932,0,0.0458,0.0297,0.1,0.467,134.867,208565.0,4,21.0
0.863,0.583,-9.282,1,0.248,0.0226,0.0654,0.416,112.018,156510.0,5,51.0
0.688,0.226,-13.052,1,0.114,0.974,0.158,0.638,76.927,181107.0,4,7.0
0.573,0.452,-6.642,1,0.0312,0.196,0.124,0.149,76.014,207353.0,4,30.0
0.701,0.539,-8.968,1,0.0277,0.000655,0.0589,0.752,107.531,312627.0,4,71.0
0.735,0.425,-6.648,1,0.0464,0.011,0.055,0.848,85.896,188174.0,4,76.0
0.509,0.623,-12.032,1,0.0273,0.129,0.0977,0.808,163.172,238957.0,4,29.0
0.392,0.574,-9.195,1,0.17,0.833,0.145,0.529,81.112,214707.0,4,81.0
0.551,0.819,-4.489,1,0.0525,0.0103,0.153,0.846,174.917,137760.0,4,70.0
0.311,0.884,-4.313,1,0.0703,0.000133,0.124,0.364,131.733,223560.0,4,47.0
0.383,0.892,-5.613,0,0.0758,0.000643,0.409,0.75,82.979,169781.0,4,38.0
0.567,0.863,-8.155,1,0.0328,0.00277,0.346,0.492,130.004,166040.0,4,49.0
0.718,0.772,-5.155,0,0.0529,0.298,0.337,0.843,95.917,221000.0,4,61.0
0.0921,0.953,-5.084,0,0.0949,1.06e-06,0.13,0.201,164.765,234933.0,4,36.0
0.462,0.753,-9.086,1,0.0343,0.0136,0.151,0.858,96.44,197754.0,4,43.0
0.731,0.573,-10.059,0,0.0544,0.401,0.113,0.145,109.928,205090.0,4,89.0
0.407,0.197,-12.756,0,0.0412,0.825,0.0909,0.422,69.032,245227.0,4,21.0
0.429,0.593,-5.342,1,0.031,0.14,0.151,0.279,100.644,349443.0,3,15.0
0.479,0.346,-11.37,1,0.0737,0.329,0.102,0.405,115.31,6.852666667,4,35.0
0.495,0.471,-5.998,0,0.0279,0.485,0.0938,0.186,130.098,246133.0,4,23.0
0.287,0.77,-7.477,1,0.0546,0.000483,0.0519,0.293,71.072,368973.0,4,34.0
0.344,0.79,-7.456,1,0.0983,0.0823,0.187,0.202,133.186,1233667.0,4,52.0
0.53,0.538,-6.672,1,0.0335,0.17,0.248,0.288,148.051,233654.0,4,74.0
0.907,0.333,-11.178,1,0.079,0.896,0.332,0.615,105.896,190960.0,4,44.0
0.338,0.598,-13.432,1,0.101,0.765,0.459,0.678,91.594,284427.0,3,35.0
0.543,0.851,-8.604,1,0.088,0.00605,0.498,0.486,122.155,150227.0,4,41.0
0.428,0.516,-8.296,0,0.0391,0.695,0.108,0.42,175.692,122925.0,4,41.0
0.561,0.597,-6.0,0,0.0405,0.286,0.0979,0.355,76.826,197299.0,4,75.0
0.556,0.697,-5.959,1,0.0407,0.000128,0.531,0.165,106.071,193794.0,4,50.0
0.631,0.932,-3.834,1,0.1,0.0052,0.0535,0.44,128.024,293994.0,4,30.0
0.503,0.968,-2.665,0,0.057,2.58e-05,0.0962,0.379,110.022,210646.0,4,51.0
0.172,0.904,-4.831,1,0.0586,5.37e-05,0.267,0.302,135.149,343307.0,4,51.0
0.68,0.487,-9.761,1,0.0471,0.753,0.263,0.939,111.698,4.942666667,4,11.0
0.279,0.607,-9.079,0,0.0366,0.131,0.0576,0.429,135.096,787547.0,4,31.0
0.473,0.898,-4.797,0,0.0561,0.00783,0.173,0.808,96.556,235547.0,4,77.0
0.55,0.938,-3.556,0,0.0522,0.00171,0.555,0.433,133.99,214493.0,4,60.0
0.677,0.743,-5.876,1,0.0611,0.0135,0.0581,0.469,127.971,248200.0,4,55.0
0.747,0.351,-11.993,1,0.53,0.507,0.125,0.378,86.928,218240.0,4,46.0
0.576,0.797,-6.846,1,0.0283,0.000363,0.132,0.698,146.016,228250.0,4,17.0
0.884,0.333,-9.753,0,0.0617,0.293,0.103,0.587,118.065,209450.0,4,66.0
0.597,0.655,-6.188,1,0.0299,0.00473,0.607,0.36,121.06,237413.0,4,56.0
0.664,0.302,-11.694,1,0.0499,0.694,0.139,0.592,146.089,219378.0,4,52.0
0.634,0.942,-1.765,1,0.387,0.291,0.463,0.739,91.069,215625.0,4,21.0
0.815,0.647,-4.879,0,0.0396,0.307,0.0842,0.79,170.09,155647.0,4,21.0
0.691,0.514,-15.287,0,0.0522,0.4,0.368,0.837,95.515,267933.0,4,32.0
0.724,0.523,-11.139,1,0.116,0.0745,0.0811,0.965,185.075,203267.0,4,68.0
0.517,0.691,-6.266,1,0.0406,0.0732,0.315,0.535,88.996,200673.0,4,51.0
0.52,0.459,-5.629,1,0.0292,0.316,0.076,0.407,154.109,355907.0,3,32.0
0.627,0.86,-7.646,1,0.0443,0.00207,0.108,0.677,138.086,247173.0,4,45.0
0.506,0.948,-5.626,1,0.105,0.727,0.0904,0.934,130.195,160400.0,4,58.0
0.355,0.69,-5.827,0,0.0437,0.0815,0.189,0.106,152.022,292427.0,4,37.0
0.537,0.636,-6.384,1,0.0331,0.774,0.156,0.55,91.003,227333.0,4,50.0
0.151,0.197,-16.215,0,0.0424,0.607,0.126,0.0326,136.523,2.53875,3,42.0
0.516,0.651,-7.76,1,0.0386,0.0537,0.256,0.483,88.628,186067.0,4,58.0
0.457,0.266,-14.465,1,0.0313,0.711,0.124,0.372,120.459,354400.0,4,67.0
0.486,0.466,-9.463,0,0.0268,0.568,0.121,0.323,75.43,264196.0,4,29.0
0.686,0.493,-6.541,1,0.0325,0.529,0.13,0.637,103.556,249893.0,4,9.0
0.605,0.858,-3.982,1,0.0303,0.00688,0.344,0.555,125.048,3.670283333,4,26.0
0.313,0.969,-7.556,1,0.146,1.56e-06,0.115,0.188,177.037,340840.0,4,29.0
0.699,0.545,-10.316,1,0.175,0.165,0.0906,0.703,88.744,273350.0,4,17.0
0.673,0.346,-12.803,1,0.0245,0.721,0.0475,0.396,80.012,3.708216667,4,53.0
0.774,0.714,-5.009,0,0.0427,0.00388,0.045,0.811,111.964,268053.0,4,46.0
0.593,0.691,-9.442,0,0.113,0.0133,0.0691,0.532,153.486,576703.0,4,54.0
0.66,0.682,-6.002,0,0.0404,0.474,0.177,0.719,136.143,182760.0,4,36.0
0.672,0.706,-5.551,1,0.0779,0.0578,0.0595,0.658,124.782,197933.0,4,53.0
0.583,0.94,-10.566,1,0.0928,0.633,0.342,0.662,130.221,169851.0,4,37.0
0.562,0.912,-4.461,1,0.0383,0.0032,0.115,0.55,120.021,192987.0,4,58.0
0.463,0.867,-7.458,1,0.0678,0.487,0.841,0.869,90.026,123440.0,4,22.0
0.605,0.514,-14.208,1,0.0535,0.147,0.079,0.781,98.797,209573.0,4,31.0
0.644,0.337,-10.906,1,0.0295,0.606,0.301,0.31,108.041,236080.0,4,45.0
0.574,0.633,-7.469,1,0.1,0.43,0.12,0.793,86.731,193286.0,4,35.0
0.513,0.889,-4.924,1,0.0599,0.457,0.217,0.791,171.917,209413.0,4,60.0
0.458,0.966,-6.52,1,0.0622,0.0112,0.348,0.609,74.995,231613.0,4,34.0
0.263,0.429,-8.279,1,0.0329,0.962,0.168,0.294,150.104,5.876583333,3,26.0
0.583,0.405,-9.74,0,0.0267,0.495,0.0782,0.323,76.078,4.10645,4,12.0
0.313,0.913,-5.227,0,0.201,0.0663,0.457,0.466,180.133,4.30435,4,19.0
0.38,0.843,-2.939,0,0.0346,0.0279,0.113,0.306,106.149,178987.0,4,40.0
0.374,0.946,-2.672,0,0.0904,0.178,0.248,0.505,180.149,168200.0,4,44.0
0.295,0.914,-3.411,1,0.0526,0.000326,0.399,0.654,137.44,535360.0,4,43.0
0.776,0.844,-7.092,0,0.0438,0.00395,0.0963,0.938,124.988,264696.0,4,50.0
0.619,0.781,-7.455,0,0.0393,0.0243,0.402,0.533,126.267,236583.0,4,64.0
0.744,0.612,-10.158,1,0.362,0.157,0.199,0.701,138.296,57391.0,4,34.0
0.481,0.974,-3.388,0,0.136,0.139,0.406,0.516,79.964,224360.0,4,59.0
0.495,0.671,-9.58,0,0.0423,0.72,0.106,0.757,82.005,4.87155,4,24.0
0.474,0.962,-4.074,1,0.259,0.000433,0.0782,0.45,165.097,176000.0,3,47.0
0.671,0.746,-5.729,0,0.0259,0.239,0.337,0.697,104.035,229493.0,4,38.0
0.363,0.32,-11.539,1,0.0384,0.0136,0.105,0.207,121.428,267307.0,4,42.0
0.709,0.685,-7.573,1,0.0281,0.0355,0.0389,0.7,129.987,194567.0,4,26.0
0.836,0.573,-6.526,0,0.231,0.0202,0.0849,0.399,145.93,157473.0,4,45.0
0.652,0.764,-5.177,0,0.0337,1.99e-05,0.13,0.0479,140.044,210862.0,4,12.0
0.595,0.767,-13.412,0,0.678,0.109,0.505,0.774,108.047,149029.0,4,37.0
0.264,0.812,-5.651,1,0.031,1.35e-05,0.0962,0.458,94.095,343893.0,4,57.0
0.698,0.643,-16.985,1,0.0649,0.803,0.704,0.714,128.22,4.23333333,4,56.0
0.544,0.34,-13.947,1,0.0411,0.785,0.734,0.556,97.005,154187.0,4,50.0
0.481,0.938,-3.116,0,0.14,0.000116,0.0835,0.608,162.971,165014.0,4,29.0
0.28,0.635,-8.271,1,0.056,0.0685,0.107,0.375,193.756,141800.0,4,28.0
0.686,0.372,-12.663,1,0.0356,0.78,0.101,0.536,118.562,7.04,4,42.0
0.348,0.587,-10.04,0,0.12,0.0209,0.486,0.557,102.043,461533.0,4,31.0
0.495,0.462,-6.68,1,0.026,0.176,0.391,0.256,101.901,300933.0,3,34.0
0.448,0.35,-16.239,1,0.0393,0.147,0.0842,0.234,177.279,302933.0,4,64.0
0.792,0.649,-4.55,1,0.045,0.00663,0.334,0.763,130.019,243289.0,4,19.0
0.67,0.707,-9.726,0,0.0358,0.714,0.0634,0.799,89.008,220887.0,4,64.0
0.459,0.427,-7.734,1,0.0267,0.114,0.168,0.354,139.902,195493.0,3,76.0
0.694,0.647,-12.731,1,0.311,0.268,0.943,0.308,109.99,270750.0,4,44.0
0.486,0.481,-9.418,1,0.0937,0.779,0.0838,0.674,104.529,6.79955,4,38.0
0.733,0.944,-5.059,0,0.064,0.0017,0.097,0.718,104.005,143063.0,4,28.0
0.426,0.721,-9.391,0,0.0309,2.73e-05,0.0867,0.248,151.13,258080.0,4,47.0
0.515,0.894,-6.396,0,0.132,0.169,0.037,0.406,175.942,5.930383333,4,6.0
0.656,0.763,-5.946,0,0.0845,0.102,0.0373,0.903,144.952,231972.0,4,45.0
0.604,0.469,-10.606,1,0.0571,0.572,0.59,0.934,110.447,4.363783333,4,36.0
0.424,0.103,-18.281,1,0.0417,0.937,0.114,0.135,104.45,4.832416667,4,55.0
0.661,0.4,-6.499,1,0.0245,0.678,0.0697,0.397,101.025,2.629116667,4,38.0
0.598,0.662,-5.797,1,0.048,0.00301,0.0812,0.531,174.937,141207.0,4,67.0
0.579,0.678,-7.031,1,0.0834,0.134,0.219,0.811,140.793,226933.0,4,34.0
0.632,0.673,-6.525,1,0.0418,0.0476,0.107,0.623,88.99,273538.0,4,48.0
0.672,0.431,-8.164,0,0.106,0.556,0.0969,0.284,82.99,153253.0,4,54.0
0.573,0.435,-14.986,1,0.0314,0.678,0.0465,0.745,127.239,3.557783333,4,32.0
0.601,0.806,-4.579,1,0.0345,0.0527,0.185,0.711,89.87,3.865333333,4,70.0
0.506,0.276,-6.934,1,0.0278,0.98,0.0807,0.539,76.136,7.417133333,4,25.0
0.457,0.911,-6.835,1,0.0956,0.00011,0.339,0.205,120.016,509600.0,4,43.0
0.67,0.967,-3.313,0,0.0495,0.172,0.319,0.87,132.023,210600.0,4,38.0
0.822,0.704,-6.423,0,0.0675,0.0909,0.22,0.529,90.049,192667.0,4,34.0
0.261,0.992,-2.653,1,0.32,0.000101,0.679,0.204,138.443,255346.0,4,43.0
0.731,0.626,-6.919,1,0.0805,0.125,0.183,0.862,82.488,173640.0,4,71.0
0.396,0.92,-4.749,1,0.068,0.000816,0.229,0.243,174.995,240000.0,4,40.0
0.683,0.728,-8.92,1,0.259,0.568,0.0384,0.833,75.311,233400.0,4,44.0
0.569,0.893,-5.708,1,0.0623,0.0061,0.0861,0.254,137.96,330435.0,4,27.0
0.193,0.951,-3.282,0,0.173,0.102,0.146,0.0979,188.204,181188.0,4,23.0
0.554,0.702,-5.704,1,0.0344,0.0934,0.334,0.741,216.091,178750.0,4,40.0
0.57,0.567,-7.958,0,0.0595,0.0458,0.205,0.806,155.153,246293.0,4,29.0
0.942,0.439,-8.519,1,0.0864,0.346,0.107,0.231,125.018,92160.0,4,53.0
0.0599,0.219,-16.775,0,0.0467,0.0283,0.11,0.0259,55.361,282680.0,4,20.0
0.419,0.917,-4.822,1,0.0676,0.000761,0.118,0.461,169.989,229047.0,4,31.0
0.599,0.626,-6.622,1,0.0339,0.0108,0.158,0.708,119.837,189400.0,4,47.0
0.612,0.818,-5.2,1,0.0298,0.000762,0.179,0.574,119.985,3.183633333,4,44.0
0.548,0.0988,-18.816,1,0.0714,0.994,0.112,0.231,147.367,3.546733333,4,50.0
0.795,0.71,-4.746,0,0.0392,0.443,0.344,0.845,109.689,288667.0,4,69.0
0.648,0.931,-3.299,0,0.0562,0.014,0.123,0.588,124.996,219363.0,4,55.0
0.393,0.364,-10.945,0,0.0345,0.0021,0.121,0.308,118.566,444148.0,3,63.0
0.433,0.0648,-20.872,1,0.0552,0.643,0.0953,0.291,152.817,8.142216667,4,30.0
0.549,0.389,-9.532,1,0.03,0.236,0.102,0.4,122.011,219483.0,4,22.0
0.894,0.507,-6.945,1,0.0564,0.221,0.0642,0.916,114.216,149387.0,4,49.0
0.299,0.437,-9.258,1,0.0334,0.88,0.11,0.38,160.084,7.35,4,30.0
0.686,0.541,-4.993,0,0.0493,0.042,0.0675,0.724,120.082,112493.0,4,78.0
0.587,0.566,-9.932,1,0.0276,0.47,0.0644,0.529,76.054,461947.0,4,62.0
0.556,0.0643,-15.305,0,0.175,0.927,0.0991,0.283,81.673,172307.0,4,42.0
0.501,0.903,-4.951,0,0.0496,6.08e-05,0.153,0.402,128.051,207227.0,4,33.0
0.459,0.58,-9.7,1,0.0353,0.00872,0.124,0.185,128.789,325313.0,4,38.0
0.439,0.0193,-20.404,1,0.0326,0.925,0.111,0.192,60.053,292000.0,4,42.0
0.542,0.827,-4.321,0,0.315,0.317,0.397,0.667,106.403,251827.0,5,33.0
0.747,0.494,-7.957,0,0.141,0.393,0.0982,0.624,76.006,228453.0,4,76.0
0.44,0.293,-10.607,1,0.0439,0.799,0.0784,0.209,135.258,208787.0,4,54.0
0.504,0.735,-4.667,0,0.244,0.139,0.326,0.487,100.039,173246.0,4,36.0
0.748,0.596,-5.49,1,0.0431,0.0262,0.0592,0.449,130.066,203060.0,4,34.0
0.784,0.453,-11.458,0,0.351,0.0159,0.248,0.389,82.018,193902.0,4,46.0
0.547,0.812,-4.703,1,0.0326,0.0213,0.0855,0.383,117.976,254643.0,4,42.0
0.479,0.937,-5.269,1,0.0521,0.00214,0.25,0.56,165.982,196988.0,4,45.0
0.545,0.485,-9.941,1,0.151,0.3,0.119,0.341,80.401,249173.0,4,71.0
0.567,0.666,-9.647,1,0.0298,0.0244,0.107,0.251,106.001,305489.0,4,54.0
0.362,0.797,-8.824,0,0.0424,0.00328,0.0668,0.753,107.249,242573.0,4,51.0
0.774,0.676,-8.476,0,0.304,0.0575,0.169,0.791,96.984,264320.0,4,49.0
0.764,0.738,-6.293,1,0.354,0.0186,0.282,0.493,95.378,108069.0,4,48.0
0.773,0.448,-7.593,1,0.189,0.188,0.179,0.49,121.96,245345.0,4,58.0
0.477,0.843,-7.448,0,0.0358,0.00429,0.0959,0.351,120.025,351431.0,4,27.0
0.215,0.927,-7.327,1,0.0452,0.000273,0.126,0.49,170.814,194853.0,4,72.0
0.564,0.965,-3.17,0,0.0642,0.00912,0.0997,0.848,123.963,219013.0,4,51.0
0.735,0.635,-7.22,0,0.0477,0.766,0.481,0.696,115.043,198420.0,4,51.0
0.515,0.43,-10.912,1,0.25,0.81,0.126,0.624,165.888,219000.0,4,38.0
0.616,0.638,-7.981,1,0.0334,0.0245,0.296,0.507,89.989,257893.0,4,51.0
0.381,0.738,-7.783,1,0.0573,0.295,0.393,0.538,166.037,5.588666667,4,14.0
0.897,0.466,-10.18,1,0.0478,0.556,0.119,0.522,104.944,175313.0,4,42.0
0.739,0.338,-11.224,1,0.0412,0.598,0.105,0.401,100.996,159966.0,4,66.0
0.674,0.63,-5.475,0,0.0253,0.52,0.0934,0.714,97.033,242690.0,4,42.0
0.617,0.948,-4.236,0,0.0621,0.00226,0.0755,0.863,139.996,183002.0,4,60.0
0.741,0.58,-9.05,1,0.0304,0.117,0.212,0.944,127.402,171267.0,4,71.0
0.684,0.788,-5.627,1,0.0424,0.0311,0.0632,0.793,83.011,181370.0,4,41.0
0.543,0.836,-9.11,0,0.0353,0.000647,0.153,0.56,105.173,515387.0,4,74.0
0.555,0.757,-7.868,0,0.0601,0.103,0.0631,0.582,129.607,221840.0,4,72.0
0.264,0.8,-2.427,1,0.0537,0.0195,0.406,0.465,155.558,279667.0,4,64.0
0.743,0.67,-4.547,0,0.0293,0.0108,0.22,0.934,110.832,243333.0,4,60.0
0.618,0.684,-6.163,1,0.039,0.117,0.273,0.823,170.029,141750.0,4,51.0
0.442,0.634,-14.148,0,0.223,0.207,0.655,0.69,135.48,184853.0,4,23.0
0.761,0.525,-6.9,1,0.0944,0.44,0.0921,0.531,80.87,238805.0,4,84.0
0.502,0.318,-8.763,1,0.0493,0.995,0.498,0.816,105.436,3.38895,3,4.0
0.4,0.506,-8.078,1,0.0412,0.14,0.129,0.248,165.155,263818.0,4,63.0
0.271,0.707,-10.531,1,0.0492,0.0216,0.318,0.108,137.106,346133.0,4,36.0
0.583,0.828,-4.768,1,0.0539,0.25,0.512,0.765,95.035,2.974366667,4,66.0
0.695,0.528,-5.903,0,0.0571,0.434,0.0666,0.487,116.776,170773.0,4,49.0
0.591,0.452,-11.248,0,0.0383,0.867,0.0831,0.18,140.077,5.028566667,4,20.0
0.682,0.877,-4.888,0,0.041,0.0309,0.0847,0.827,111.964,167000.0,4,46.0
0.247,0.961,-6.027,0,0.169,1.88e-06,0.186,0.0386,135.987,407613.0,4,19.0
0.579,0.899,-5.431,1,0.0402,0.00703,0.125,0.589,100.034,235740.0,4,31.0
0.294,0.775,-4.271,0,0.0454,0.00291,0.254,0.471,131.092,200920.0,3,43.0
0.415,0.355,-10.494,0,0.0316,0.985,0.103,0.36,113.993,2.98845,4,43.0
0.504,0.938,-2.696,0,0.0583,0.00743,0.0741,0.612,145.91,220527.0,4,45.0
0.538,0.768,-6.41,1,0.182,0.225,0.639,0.619,142.067,290850.0,4,42.0
0.552,0.828,-6.047,0,0.053,0.0276,0.0972,0.352,130.032,6.18733333,4,33.0
0.646,0.82,-3.618,0,0.0521,0.026,0.191,0.438,128.061,194480.0,4,50.0
0.491,0.71,-9.06,1,0.0307,0.000981,0.228,0.418,122.003,205687.0,4,24.0
0.64,0.663,-7.516,1,0.0374,0.201,0.152,0.663,132.77,140773.0,4,82.0
0.247,0.833,-5.086,1,0.0706,0.0272,0.215,0.228,165.995,274825.0,4,45.0
0.301,0.822,-6.918,1,0.0579,8.8e-06,0.115,0.254,175.085,276000.0,4,36.0
0.587,0.536,-11.248,1,0.0304,0.179,0.305,0.59,117.498,301547.0,4,67.0
0.687,0.63,-5.13,1,0.031,0.0576,0.257,0.548,115.986,189635.0,4,41.0
0.829,0.555,-6.512,0,0.342,0.0943,0.183,0.399,129.911,111388.0,4,52.0
0.245,0.861,-8.728,1,0.0415,0.000256,0.216,0.483,91.056,212840.0,4,51.0
0.432,0.389,-6.517,1,0.0255,0.687,0.0788,0.158,139.506,5.69621667,4,70.0
0.477,0.297,-13.955,1,0.0328,0.664,0.103,0.455,137.067,4.11836667,4,48.0
0.487,0.766,-7.596,1,0.0377,0.0027,0.219,0.574,155.081,216774.0,4,48.0
0.528,0.7,-9.43,1,0.0305,0.522,0.122,0.672,126.214,6.351016667,4,34.0
0.503,0.727,-3.256,1,0.0257,0.0487,0.128,0.717,160.043,197968.0,4,49.0
0.66,0.418,-13.686,0,0.0325,0.0742,0.0725,0.577,92.998,251051.0,4,32.0
0.533,0.244,-16.662,0,0.0399,0.922,0.163,0.166,118.732,4.960066667,4,41.0
0.819,0.829,-7.571,0,0.177,0.0852,0.0753,0.864,115.995,206577.0,4,53.0
0.284,0.875,-6.069,0,0.0422,0.00752,0.402,0.595,75.009,340907.0,4,75.0
0.535,0.605,-9.144,0,0.287,0.51,0.188,0.662,202.06,210653.0,4,46.0
0.538,0.863,-6.123,0,0.139,0.00495,0.314,0.606,127.618,155067.0,4,34.0
0.507,0.85,-5.679,1,0.0472,0.378,0.0567,0.847,171.8,3.062216667,4,68.0
0.563,0.76,-5.048,0,0.0578,0.572,0.191,0.444,155.975,242920.0,4,36.0
0.546,0.436,-11.929,1,0.0353,0.667,0.337,0.466,120.644,3.406,4,31.0
0.338,0.216,-9.206,0,0.0465,0.91,0.124,0.172,169.343,214333.0,4,26.0
0.507,0.668,-3.942,0,0.0291,0.595,0.108,0.371,77.999,274147.0,4,17.0
0.468,0.977,-4.198,1,0.0645,4.99e-06,0.0543,0.493,134.996,182893.0,4,54.0
0.0855,0.122,-18.526,1,0.0436,0.946,0.134,0.0372,85.44,284619.0,4,42.0
0.551,0.724,-7.09,0,0.032,0.00451,0.116,0.559,111.243,327893.0,4,62.0
0.48,0.905,-3.851,1,0.0896,0.000197,0.29,0.295,95.055,227046.0,4,29.0
0.524,0.608,-10.14,0,0.0356,0.235,0.0595,0.633,115.161,4.546583333,4,46.0
0.579,0.77,-9.163,0,0.0586,0.12,0.172,0.275,125.011,216832.0,4,68.0
0.411,0.986,-2.522,0,0.0583,0.000264,0.371,0.649,165.981,205960.0,4,70.0
0.889,0.34,-7.773,0,0.0697,0.218,0.055,0.716,94.009,174321.0,4,88.0
0.863,0.631,-4.689,1,0.0534,0.305,0.123,0.817,128.977,223480.0,4,79.0
0.348,0.875,-4.758,0,0.199,0.0341,0.117,0.407,169.152,202133.0,4,73.0
0.494,0.139,-14.209,1,0.043,0.925,0.143,0.16,136.024,189120.0,4,22.0
0.406,0.0949,-11.713,1,0.0454,0.878,0.122,0.236,119.199,249137.0,4,51.0
0.532,0.876,-5.933,1,0.0344,0.00103,0.322,0.32,98.012,226191.0,4,30.0
0.62,0.573,-10.286,1,0.0423,0.939,0.102,0.872,86.059,3.156666667,4,15.0
0.491,0.627,-6.207,1,0.0255,0.436,0.264,0.402,78.047,3.88155,4,2.0
0.641,0.703,-10.434,1,0.0518,0.397,0.104,0.722,129.118,156800.0,4,62.0
0.492,0.565,-13.952,0,0.0277,0.0617,0.193,0.309,136.135,296373.0,4,33.0
0.573,0.709,-7.163,0,0.0318,0.118,0.241,0.574,119.114,231299.0,4,10.0
0.663,0.557,-7.954,1,0.0811,0.301,0.137,0.584,154.099,162481.0,4,65.0
0.631,0.621,-11.371,1,0.361,0.0362,0.395,0.532,85.99,225613.0,4,38.0
0.322,0.277,-9.685,1,0.0317,0.919,0.0888,0.17,132.013,291262.0,3,20.0
0.645,0.544,-6.202,1,0.335,0.112,0.068,0.867,74.88,118400.0,4,66.0
0.836,0.74,-4.77,0,0.057,0.0622,0.121,0.445,101.986,177920.0,4,57.0
0.77,0.574,-5.525,1,0.106,0.0617,0.104,0.104,98.962,133022.0,3,81.0
0.547,0.884,-5.676,0,0.064,0.00354,0.408,0.356,89.987,206133.0,4,18.0
0.322,0.28,-9.367,0,0.0281,0.468,0.102,0.175,85.794,248467.0,4,73.0
0.856,0.679,-5.862,0,0.0859,0.454,0.284,0.901,102.008,211176.0,4,13.0
0.432,0.6,-7.866,1,0.0444,0.715,0.0641,0.396,118.282,302400.0,4,23.0
0.533,0.739,-9.361,1,0.0561,0.00299,0.475,0.636,86.345,378373.0,4,52.0
0.639,0.843,-4.975,1,0.0362,0.0525,0.0854,0.528,126.047,217802.0,4,64.0
0.519,0.163,-18.131,0,0.0489,0.926,0.115,0.356,142.116,168040.0,4,61.0
0.53,0.946,-4.387,0,0.126,0.000105,0.328,0.369,120.006,273480.0,4,29.0
0.671,0.686,-8.269,0,0.0271,0.597,0.283,0.547,111.007,211990.0,4,66.0
0.298,0.953,-3.334,0,0.192,0.000375,0.1,0.127,172.023,298826.0,4,53.0
0.693,0.586,-5.59,0,0.0361,0.147,0.111,0.51,108.579,254399.0,4,46.0
0.506,0.473,-9.79,1,0.331,0.0229,0.15,0.199,100.535,199086.0,5,21.0
0.393,0.964,-3.363,0,0.0936,0.019,0.58,0.255,168.016,181307.0,4,40.0
0.781,0.445,-6.061,1,0.0295,0.474,0.184,0.591,78.998,281560.0,4,83.0
0.546,0.724,-8.639,0,0.0427,0.000273,0.133,0.586,89.991,373307.0,4,60.0
0.57,0.891,-3.6,0,0.128,0.00478,0.0248,0.831,169.979,114809.0,4,52.0
0.462,0.943,-5.343,1,0.245,0.0364,0.0871,0.218,95.483,308093.0,4,47.0
0.933,0.528,-6.472,0,0.162,0.112,0.163,0.756,109.975,3.57755,4,74.0
0.708,0.125,-15.726,0,0.0515,0.951,0.0819,0.125,107.29,2.1322,4,45.0
0.295,0.0251,-29.891,0,0.0463,0.94,0.0985,0.0393,103.992,6.95,4,25.0
0.749,0.602,-5.097,1,0.0798,0.0313,0.0337,0.965,120.022,235875.0,4,43.0
0.572,0.845,-5.036,1,0.0301,0.0617,0.137,0.446,129.994,4.776833333,4,19.0
0.122,0.88,-4.649,1,0.0687,0.000172,0.0895,0.317,160.39,206133.0,4,24.0
0.469,0.486,-15.076,0,0.0427,0.149,0.123,0.595,130.737,239267.0,4,54.0
0.601,0.893,-7.784,1,0.0381,0.00839,0.244,0.815,95.837,247733.0,4,33.0
0.395,0.26,-18.287,1,0.105,0.95,0.115,0.558,154.329,3.013783333,3,4.0
0.392,0.37,-10.888,1,0.0298,0.205,0.0821,0.512,48.718,4.888216667,4,79.0
0.215,0.752,-6.481,0,0.0441,0.000717,0.112,0.0585,93.758,565973.0,3,43.0
0.703,0.261,-12.558,1,0.333,0.539,0.0678,0.221,96.008,213120.0,4,31.0
0.602,0.905,-4.046,1,0.0775,0.000202,0.117,0.411,128.019,304840.0,4,75.0
0.644,0.53,-8.296,0,0.0884,0.787,0.259,0.678,99.733,221214.0,4,51.0
0.828,0.489,-5.644,1,0.238,0.0124,0.0721,0.136,98.002,129796.0,3,54.0
0.673,0.911,-6.725,1,0.0707,0.000367,0.101,0.54,101.467,268760.0,4,61.0
0.601,0.907,-8.43,0,0.187,0.000229,0.219,0.281,122.368,185387.0,4,19.0
0.376,0.353,-13.606,0,0.0309,0.827,0.194,0.384,109.78,162360.0,3,32.0
0.629,0.878,-6.194,1,0.0701,0.00811,0.419,0.516,160.022,204000.0,4,28.0
0.201,0.989,-5.715,1,0.132,4.91e-06,0.0697,0.382,128.774,368373.0,4,4.0
0.214,0.243,-17.301,1,0.0319,0.917,0.0657,0.0381,80.187,176062.0,4,46.0
0.706,0.785,-7.666,0,0.041,0.00802,0.195,0.636,105.893,4.13048333,4,63.0
0.795,0.745,-7.58,0,0.27,0.0869,0.112,0.75,144.112,213333.0,4,52.0
0.645,0.704,-6.02,1,0.0396,0.0124,0.543,0.758,92.774,186493.0,4,57.0
0.614,0.663,-9.965,1,0.0352,0.29,0.0986,0.823,97.083,241867.0,4,57.0
0.754,0.759,-5.218,1,0.302,0.153,0.101,0.435,126.366,214667.0,4,78.0
0.435,0.933,-7.668,1,0.07,0.000101,0.115,0.321,132.005,232022.0,4,22.0
0.468,0.801,-5.724,0,0.0453,0.000164,0.18,0.163,90.034,233000.0,4,46.0
0.123,0.983,-4.818,0,0.301,1.68e-05,0.103,0.0792,78.098,259432.0,4,30.0
0.499,0.931,-4.045,1,0.132,2.16e-05,0.218,0.513,91.061,182085.0,4,26.0
0.464,0.783,-6.108,1,0.0378,0.000689,0.323,0.734,170.029,2.90245,4,73.0
0.2,0.985,-2.583,1,0.25,5.2e-05,0.314,0.0726,183.245,172636.0,4,41.0
0.491,0.686,-8.22,1,0.0289,0.0236,0.451,0.437,103.715,278827.0,4,62.0
0.368,0.85,-2.646,1,0.0485,0.014,0.226,0.397,159.928,193053.0,4,18.0
0.6,0.732,-3.848,0,0.0297,0.00713,0.242,0.453,141.926,188880.0,4,41.0
0.473,0.845,-3.774,0,0.0575,0.000396,0.1,0.543,142.012,281197.0,4,61.0
0.66,0.639,-8.716,1,0.0336,0.482,0.111,0.36,110.014,225753.0,4,39.0
0.13,0.982,-8.215,0,0.0636,0.0014,0.644,0.136,154.94,253000.0,4,30.0
0.698,0.675,-4.941,0,0.0412,0.000348,0.0916,0.484,116.02,171285.0,4,54.0
0.603,0.427,-11.434,1,0.0328,0.704,0.0676,0.627,128.363,5.518216667,4,34.0
0.527,0.871,-8.708,1,0.0354,0.0229,0.419,0.107,120.722,188560.0,4,60.0
0.697,0.467,-7.536,1,0.0715,0.248,0.0941,0.572,82.082,229413.0,4,76.0
0.589,0.775,-7.519,0,0.0507,0.305,0.0598,0.251,89.967,284986.0,4,21.0
0.267,0.734,-7.999,1,0.0727,0.00186,0.116,0.307,207.72,211494.0,4,24.0
0.633,0.469,-6.082,1,0.11,0.479,0.118,0.665,77.589,209120.0,4,25.0
0.615,0.785,-4.88,1,0.0632,0.0186,0.166,0.369,150.03,169600.0,4,67.0
0.529,0.853,-4.481,1,0.0382,0.00717,0.339,0.646,127.987,131303.0,4,59.0
0.684,0.71,-4.837,1,0.0323,0.252,0.37,0.934,119.039,189946.0,4,26.0
0.361,0.605,-10.283,0,0.0312,0.599,0.316,0.62,97.436,6.40555,4,22.0
0.378,0.377,-6.513,1,0.038,0.789,0.101,0.267,158.443,182828.0,3,51.0
0.167,0.962,-2.538,1,0.103,2.25e-06,0.0908,0.236,77.691,215450.0,4,48.0
0.612,0.669,-6.047,1,0.109,0.0235,0.168,0.452,96.871,173400.0,4,27.0
0.556,0.849,-8.967,1,0.0443,0.00107,0.154,0.456,91.19,409440.0,4,38.0
0.473,0.888,-6.343,1,0.0587,0.00182,0.0435,0.853,77.622,191866.0,4,55.0
0.744,0.627,-6.882,1,0.265,0.13,0.0993,0.781,99.977,2.95051667,4,67.0
0.133,0.895,-6.546,0,0.0945,1.47e-05,0.164,0.194,155.204,292573.0,1,29.0
0.53,0.308,-11.618,0,0.424,0.292,0.0837,0.346,212.049,306880.0,3,16.0
0.38,0.924,-5.782,0,0.0719,0.000173,0.176,0.28,153.99,200800.0,4,47.0
0.473,0.9,-4.383,1,0.0537,0.0123,0.825,0.444,88.016,232476.0,4,47.0
0.351,0.984,-4.569,1,0.121,2.98e-05,0.419,0.242,175.102,256280.0,4,42.0
0.612,0.86,-9.175,1,0.044,0.00253,0.158,0.687,136.212,196467.0,4,47.0
0.59,0.675,-6.737,0,0.438,0.0522,0.119,0.584,94.925,185056.0,4,44.0
0.541,0.554,-7.886,1,0.0362,0.339,0.311,0.198,99.007,233333.0,4,35.0
0.402,0.925,-4.107,1,0.0837,0.0,0.335,0.186,126.98,258873.0,4,34.0
0.91,0.464,-6.676,0,0.287,0.0287,0.0989,0.336,140.006,220000.0,4,31.0
0.392,0.187,-12.211,1,0.0358,0.812,0.175,0.227,134.708,236013.0,4,26.0
0.525,0.858,-4.927,0,0.0345,0.000466,0.166,0.669,145.492,220307.0,4,56.0
0.602,0.694,-7.988,1,0.0297,0.308,0.122,0.716,109.487,311640.0,4,33.0
0.621,0.936,-4.957,1,0.0301,0.0164,0.105,0.558,127.937,237200.0,4,31.0
0.124,0.77,-3.969,1,0.0559,6.47e-05,0.323,0.358,174.328,167400.0,4,34.0
0.348,0.61,-6.015,0,0.0583,0.71,0.971,0.241,145.115,265300.0,4,14.0
0.768,0.69,-12.43,1,0.0613,0.0129,0.346,0.102,141.029,295688.0,4,28.0
0.426,0.791,-6.888,1,0.0543,0.356,0.373,0.592,137.365,281867.0,4,33.0
0.389,0.767,-4.314,1,0.149,0.00127,0.435,0.544,184.926,196760.0,4,55.0
0.6,0.931,-4.647,1,0.0734,0.0296,0.392,0.542,140.123,270427.0,4,71.0
0.349,0.672,-7.927,1,0.0463,0.373,0.981,0.593,85.478,289160.0,3,19.0
0.215,0.927,-7.327,1,0.0452,0.000273,0.126,0.49,170.814,194853.0,4,72.0
0.42,0.746,-7.67,1,0.0605,0.0343,0.121,0.103,123.87,332533.0,4,32.0
0.801,0.846,-8.001,1,0.266,0.0722,0.0957,0.258,134.017,262587.0,4,44.0
0.589,0.116,-17.218,1,0.0463,0.994,0.122,0.577,97.815,180976.0,3,28.0
0.363,0.186,-13.641,0,0.0522,0.983,0.0747,0.196,102.905,347379.0,3,16.0
0.678,0.556,-7.423,1,0.0281,0.0904,0.0866,0.405,85.158,303133.0,4,67.0
0.501,0.44,-14.466,1,0.0372,0.202,0.107,0.868,82.489,258227.0,4,32.0
0.791,0.727,-5.138,1,0.268,0.003,0.117,0.876,109.956,254952.0,4,49.0
0.659,0.166,-14.523,0,0.0753,0.877,0.101,0.345,49.32,186973.0,4,4.0
0.651,0.372,-13.259,0,0.0314,0.759,0.0738,0.167,139.024,200787.0,3,42.0
0.13,0.982,-8.215,0,0.0636,0.0014,0.644,0.136,154.94,253000.0,4,30.0
0.673,0.595,-6.241,0,0.0491,0.0495,0.318,0.625,140.027,199757.0,4,23.0
0.304,0.218,-10.744,1,0.0334,0.46,0.0828,0.0707,150.514,4.12215,3,41.0
0.567,0.34,-9.996,1,0.0264,0.757,0.102,0.268,140.047,4.002283333,4,14.0
0.753,0.524,-6.291,0,0.0461,0.055,0.188,0.199,103.965,184722.0,4,65.0
0.667,0.755,-7.246,1,0.069,0.0966,0.0523,0.883,109.535,286220.0,4,73.0
0.307,0.587,-7.795,0,0.032,0.36,0.101,0.507,180.133,224520.0,3,10.0
0.709,0.548,-8.493,1,0.353,0.65,0.133,0.543,83.995,160000.0,4,87.0
0.451,0.53,-8.787,0,0.095,0.668,0.234,0.543,83.351,3.75355,4,28.0
0.492,0.939,-3.501,0,0.118,0.00247,0.131,0.484,166.03,163208.0,4,51.0
0.726,0.537,-8.896,1,0.113,0.316,0.0707,0.887,96.91,145707.0,4,70.0
0.522,0.812,-6.606,1,0.0346,0.0253,0.131,0.459,121.529,181333.0,4,51.0
0.348,0.987,-3.172,0,0.232,1.62e-05,0.286,0.135,159.995,211893.0,4,57.0
0.682,0.806,-4.326,0,0.0433,0.775,0.0992,0.186,139.996,157637.0,4,21.0
0.559,0.343,-13.072,0,0.0424,0.0601,0.1,0.183,164.53,258693.0,4,54.0
0.119,0.0735,-23.969,1,0.0425,0.977,0.0997,0.0959,151.549,2.1644,3,45.0
0.772,0.692,-8.192,1,0.0513,0.00742,0.268,0.869,126.97,230905.0,4,35.0
0.214,0.91,-6.662,1,0.389,0.477,0.0517,0.448,175.549,313373.0,4,68.0
0.49,0.964,-3.626,1,0.0743,0.000495,0.375,0.348,134.996,233880.0,4,37.0
0.516,0.547,-9.693,1,0.0273,0.315,0.163,0.741,113.417,267627.0,4,50.0
0.473,0.757,-5.103,1,0.0483,0.000727,0.151,0.425,168.005,181216.0,4,54.0
0.773,0.961,-4.419,1,0.0865,0.284,0.267,0.659,108.818,205587.0,4,20.0
0.607,0.514,-6.631,1,0.0323,0.363,0.258,0.414,75.978,3.138183333,4,67.0
0.718,0.63,-9.147,0,0.0373,0.0905,0.483,0.666,115.537,164524.0,4,43.0
0.444,0.958,-3.866,0,0.0485,0.00867,0.323,0.551,108.478,226400.0,4,45.0
0.642,0.523,-8.579,1,0.11,0.772,0.527,0.654,101.635,185627.0,4,64.0
0.436,0.521,-7.948,1,0.0399,0.388,0.0729,0.738,91.562,3.710166667,4,19.0
0.552,0.667,-5.713,1,0.0383,0.22,0.21,0.801,94.412,174843.0,4,47.0
0.27,0.856,-10.371,1,0.267,0.0136,0.0565,0.156,94.787,296149.0,5,32.0
0.448,0.83,-6.784,1,0.105,0.388,0.649,0.27,116.311,218507.0,4,52.0
0.854,0.661,-7.978,1,0.0922,0.0922,0.0995,0.128,117.062,248317.0,4,26.0
0.383,0.978,-5.693,0,0.0534,0.00448,0.245,0.161,102.256,495000.0,4,37.0
0.281,0.944,-6.307,0,0.0738,0.000127,0.47,0.451,84.792,228013.0,4,46.0
0.569,0.0171,-13.325,0,0.0388,0.958,0.173,0.269,136.807,129400.0,4,30.0
0.617,0.52,-12.329,1,0.0292,0.26,0.0914,0.395,141.217,199840.0,4,35.0
0.6,0.467,-9.056,1,0.0274,0.445,0.321,0.583,117.121,230133.0,4,50.0
0.168,0.917,-6.882,0,0.092,0.0,0.217,0.0388,126.099,384680.0,4,25.0
0.618,0.812,-6.554,0,0.313,0.162,0.0653,0.186,174.182,145011.0,4,39.0
0.585,0.493,-15.246,1,0.543,0.89,0.0952,0.96,85.416,0.50165,3,1.0
0.573,0.462,-8.969,1,0.118,0.513,0.0836,0.225,160.846,201813.0,4,30.0
0.499,0.724,-10.146,1,0.0344,7.52e-05,0.124,0.455,151.094,263733.0,4,53.0
0.506,0.646,-8.083,1,0.0518,0.691,0.104,0.395,79.209,5.05165,4,30.0
0.593,0.919,-7.338,1,0.0437,0.0035,0.25,0.859,122.993,213689.0,4,26.0
0.515,0.875,-3.061,1,0.065,0.0109,0.455,0.383,107.603,219360.0,4,42.0
0.532,0.882,-8.58,0,0.104,0.0432,0.973,0.392,127.484,471880.0,3,25.0
0.489,0.889,-6.916,1,0.0382,0.0151,0.866,0.703,120.183,421219.0,4,37.0
0.467,0.622,-7.255,1,0.031,0.365,0.0982,0.455,164.418,4.787783333,4,68.0
0.831,0.66,-5.284,0,0.0301,0.362,0.0674,0.942,110.019,245580.0,4,52.0
0.797,0.726,-5.267,1,0.0804,0.476,0.0769,0.969,104.432,172329.0,4,40.0
0.343,0.928,-9.02,1,0.0673,2.82e-06,0.171,0.27,134.119,298991.0,4,23.0
0.577,0.614,-6.944,1,0.0393,0.517,0.35,0.525,141.927,197165.0,4,35.0
0.415,0.908,-9.701,1,0.0765,0.00437,0.082,0.437,114.816,243533.0,4,71.0
0.576,0.643,-7.71,0,0.0258,0.259,0.0737,0.627,109.012,218576.0,4,33.0
0.629,0.531,-8.078,1,0.0282,0.512,0.984,0.361,104.529,3.900666667,4,44.0
0.381,0.844,-7.123,1,0.144,0.0131,0.318,0.239,194.0,223880.0,4,62.0
0.55,0.837,-5.411,1,0.044,0.0104,0.306,0.637,89.821,223994.0,4,55.0
0.709,0.062,-12.207,1,0.048,0.995,0.12,0.553,85.854,181173.0,4,26.0
0.688,0.552,-9.313,1,0.0359,0.689,0.0853,0.892,110.082,5.65445,4,41.0
0.682,0.72,-8.173,0,0.0381,0.326,0.148,0.673,117.003,2.81685,4,88.0
0.557,0.533,-6.817,0,0.0252,0.0492,0.205,0.233,143.994,238733.0,4,75.0
0.425,0.732,-6.883,1,0.0396,0.00194,0.171,0.333,117.98,240796.0,4,69.0
0.824,0.846,-5.912,1,0.139,0.0123,0.153,0.887,130.003,305246.0,4,38.0
0.488,0.681,-5.552,0,0.351,0.626,0.101,0.798,84.255,138710.0,4,49.0
0.424,0.201,-13.993,0,0.0355,0.913,0.223,0.366,94.571,172747.0,3,29.0
0.503,0.967,-2.492,1,0.176,3.16e-05,0.299,0.254,95.006,234775.0,4,57.0
0.204,0.00301,-32.42,1,0.0482,0.991,0.0792,0.0387,72.248,243307.0,5,37.0
0.722,0.639,-6.959,1,0.373,0.000917,0.352,0.324,90.972,338187.0,4,64.0
0.528,0.921,-5.838,0,0.0693,0.000959,0.13,0.768,134.517,205693.0,4,38.0
0.428,0.535,-9.232,1,0.0411,0.000379,0.086,0.159,142.063,349400.0,4,45.0
0.234,0.98,-3.233,0,0.148,0.000266,0.0992,0.245,186.728,203240.0,4,49.0
0.684,0.535,-7.24,1,0.317,0.0741,0.223,0.304,94.691,154660.0,4,62.0
0.43,0.835,-5.599,1,0.0415,0.000683,0.0843,0.327,142.034,228588.0,4,33.0
0.488,0.903,-5.244,1,0.0698,0.000103,0.218,0.189,94.037,224611.0,4,53.0
0.421,0.653,-4.85,0,0.398,0.0135,0.114,0.733,78.6,175424.0,4,67.0
0.361,0.487,-21.52,0,0.239,0.302,0.363,0.0788,126.346,371382.0,4,12.0
0.115,0.668,-8.363,1,0.0594,0.0178,0.101,0.0728,74.857,1392667.0,4,29.0
0.522,0.726,-4.115,1,0.0383,0.348,0.148,0.331,161.867,189587.0,4,52.0
0.837,0.71,-7.109,1,0.0762,0.0286,0.0649,0.694,123.021,204878.0,4,41.0
0.182,0.747,-8.191,1,0.0597,0.0111,0.328,0.387,175.728,323055.0,4,19.0
0.481,0.973,-1.945,1,0.0542,0.0037,0.325,0.362,99.331,195520.0,4,67.0
0.286,0.907,-9.67,1,0.0374,0.000277,0.0837,0.746,156.395,417800.0,4,63.0
0.478,0.808,-9.159,1,0.0459,0.0766,0.209,0.29,102.109,286533.0,4,51.0
0.407,0.736,-7.27,1,0.329,0.0633,0.464,0.352,93.924,621000.0,4,19.0
0.229,0.994,-3.431,1,0.22,7.03e-05,0.318,0.115,156.623,241467.0,4,62.0
0.65,0.621,-7.201,0,0.148,0.347,0.0966,0.714,93.95,188073.0,4,36.0
0.257,0.984,-2.448,1,0.212,0.000209,0.367,0.139,100.047,272100.0,4,44.0
0.575,0.572,-5.928,0,0.0635,0.0718,0.0995,0.551,150.894,186672.0,4,69.0
0.32,0.0846,-9.769,1,0.035,0.852,0.119,0.122,79.094,3.83155,4,29.0
0.532,0.767,-5.509,1,0.0574,0.00287,0.39,0.755,127.361,210173.0,4,80.0
0.481,0.747,-6.672,1,0.0487,0.00404,0.218,0.506,173.933,125840.0,4,38.0
0.693,0.763,-7.077,0,0.0299,0.0143,0.154,0.578,100.985,183564.0,4,37.0
0.624,0.857,-6.25,0,0.0542,0.0208,0.11,0.324,131.926,282920.0,4,61.0
0.451,0.931,-7.442,1,0.0413,0.0776,0.164,0.652,166.301,488012.0,4,55.0
0.697,0.734,-5.586,1,0.0382,0.287,0.126,0.706,102.029,225063.0,4,32.0
0.721,0.746,-4.247,0,0.0317,0.0114,0.0844,0.705,124.968,206467.0,4,49.0
0.527,0.736,-8.46,0,0.102,0.00246,0.134,0.264,148.66,309759.0,4,41.0
0.194,0.0452,-26.488,0,0.0417,0.993,0.0731,0.0395,86.499,5.987783333,4,31.0
0.807,0.617,-6.137,1,0.305,0.299,0.264,0.775,170.634,217480.0,4,18.0
0.295,0.512,-4.274,1,0.0345,0.087,0.0939,0.238,114.871,197283.0,4,20.0
0.67,0.834,-4.174,0,0.496,0.000219,0.0843,0.626,126.972,262240.0,4,25.0
0.776,0.836,-3.812,0,0.117,0.126,0.0696,0.925,106.966,3.768883333,4,37.0
0.733,0.595,-5.732,1,0.392,0.558,0.304,0.316,139.721,195989.0,4,58.0
0.558,0.439,-9.676,1,0.0274,0.248,0.102,0.0381,103.958,4.947116667,1,1.0
0.478,0.899,-4.114,1,0.143,0.124,0.109,0.679,186.028,254270.0,4,51.0
0.197,0.962,-6.897,0,0.114,0.0007,0.343,0.0399,167.144,313000.0,3,22.0
0.221,0.533,-7.042,0,0.0346,0.206,0.143,0.12,171.563,237893.0,3,20.0
0.311,0.76,-6.301,1,0.0364,0.000962,0.104,0.189,177.592,258587.0,3,55.0
0.349,0.958,-1.917,0,0.0886,8.59e-05,0.0836,0.44,134.144,158435.0,4,37.0
0.57,0.891,-3.6,0,0.128,0.00478,0.0248,0.831,169.979,114809.0,4,53.0
0.621,0.31,-10.164,0,0.0283,0.945,0.117,0.125,111.893,240707.0,4,76.0
0.643,0.783,-6.458,1,0.0856,0.047,0.083,0.579,154.084,163870.0,4,78.0
0.491,0.809,-7.68,1,0.0332,0.33,0.0874,0.656,74.008,177366.0,4,66.0
0.577,0.959,-4.29,1,0.0915,8.68e-05,0.154,0.396,111.003,489960.0,4,51.0
0.706,0.824,-7.959,1,0.0694,0.355,0.111,0.86,94.98,132000.0,4,59.0
0.341,0.416,-9.574,1,0.0265,0.184,0.0917,0.499,102.886,134133.0,3,52.0
0.377,0.478,-8.992,0,0.0362,0.892,0.359,0.138,139.842,4.243883333,4,28.0
0.629,0.468,-9.208,1,0.256,0.531,0.0698,0.525,148.101,259232.0,4,38.0
0.65,0.836,-5.101,1,0.0334,0.00553,0.192,0.656,119.933,162907.0,4,63.0
0.716,0.57,-7.966,0,0.0441,0.0647,0.0749,0.303,139.906,252000.0,4,17.0
0.484,0.508,-12.399,1,0.11,0.227,0.062,0.858,102.073,10.94266667,4,21.0
0.496,0.924,-3.895,1,0.0507,0.00214,0.136,0.594,91.882,214987.0,4,55.0
0.317,0.479,-10.785,1,0.0341,0.835,0.0978,0.112,88.383,176695.0,4,13.0
0.82,0.615,-4.548,1,0.0466,0.151,0.204,0.768,129.874,193987.0,4,62.0
0.843,0.762,-7.915,0,0.449,0.143,0.35,0.542,144.856,158955.0,3,59.0
0.603,0.864,-3.341,0,0.0668,0.055,0.0986,0.616,160.488,184627.0,4,74.0
0.458,0.464,-9.126,0,0.031,0.799,0.109,0.256,122.821,194267.0,4,60.0
0.951,0.464,-5.252,1,0.0477,0.0704,0.135,0.947,137.039,174100.0,4,43.0
0.378,0.896,-4.066,1,0.0407,0.000452,0.194,0.469,174.302,258773.0,4,78.0
0.48,0.614,-4.62,1,0.0301,0.128,0.327,0.17,141.816,279093.0,4,37.0
0.598,0.676,-9.211,1,0.0279,0.13,0.112,0.805,114.169,340742.0,4,74.0
0.414,0.828,-6.395,1,0.0354,0.0411,0.107,0.894,175.883,225987.0,4,26.0
0.311,0.959,-7.191,0,0.0832,0.000523,0.15,0.0997,141.497,183200.0,4,44.0
0.566,0.622,-5.912,1,0.369,0.312,0.238,0.347,185.08,231432.0,4,54.0
0.544,0.38,-8.339,1,0.0318,0.859,0.0762,0.149,84.267,3.247016667,4,41.0
0.68,0.826,-2.561,1,0.27,0.562,0.254,0.804,146.95,248937.0,4,69.0
0.511,0.912,-5.618,1,0.0594,0.0247,0.0943,0.833,131.339,190867.0,4,63.0
0.371,0.981,-2.232,1,0.0737,2.54e-05,0.819,0.45,161.988,200899.0,4,40.0
0.542,0.668,-5.924,1,0.0309,0.225,0.096,0.651,104.914,194631.0,4,31.0
0.536,0.857,-4.254,0,0.0614,0.000849,0.152,0.332,153.943,244538.0,4,68.0
0.73,0.799,-8.254,1,0.0258,0.0742,0.176,0.884,99.785,394333.0,4,35.0
0.693,0.72,-6.491,0,0.0447,0.0165,0.295,0.633,116.026,161587.0,4,31.0
0.376,0.947,-3.778,0,0.0902,0.00757,0.107,0.859,150.212,212333.0,4,53.0
0.559,0.463,-5.693,1,0.0289,0.382,0.139,0.319,107.89,269520.0,3,36.0
0.492,0.979,-2.315,1,0.0888,0.000367,0.953,0.315,130.005,205800.0,4,54.0
0.486,0.959,-3.857,0,0.0485,0.000203,0.173,0.527,84.997,197573.0,4,56.0
0.558,0.428,-10.608,1,0.0284,0.065,0.0931,0.164,110.022,320173.0,5,46.0
0.384,0.206,-11.961,0,0.0319,0.826,0.553,0.667,170.172,153600.0,4,49.0
0.559,0.674,-6.554,1,0.0552,0.00681,0.546,0.808,127.009,155498.0,4,54.0
0.54,0.746,-9.412,1,0.045,0.13,0.0976,0.826,163.809,219867.0,4,58.0
0.503,0.568,-7.182,0,0.0341,0.00131,0.0856,0.0705,126.935,206147.0,4,64.0
0.448,0.896,-7.168,0,0.11,0.123,0.986,0.691,95.495,252107.0,4,26.0
0.484,0.552,-13.993,1,0.034,0.00344,0.0902,0.231,149.984,134400.0,4,18.0
0.555,0.809,-13.029,1,0.0374,0.022,0.977,0.651,108.347,285573.0,4,30.0
0.573,0.727,-7.616,1,0.0664,0.132,0.192,0.22,150.034,228858.0,4,57.0
0.697,0.706,-2.784,0,0.133,0.00156,0.379,0.669,113.034,174159.0,4,27.0
0.22,0.896,-0.885,1,0.083,0.00041,0.0653,0.18,135.279,266227.0,4,56.0
0.533,0.739,-3.573,0,0.0602,0.029,0.266,0.617,81.37,234307.0,4,59.0
0.66,0.816,-5.993,0,0.366,0.383,0.414,0.853,88.323,195630.0,4,56.0
0.508,0.479,-14.201,1,0.0685,0.625,0.356,0.825,143.253,121800.0,4,26.0
0.469,0.84,-7.203,1,0.0465,0.00249,0.352,0.234,104.489,261787.0,4,31.0
0.476,0.731,-7.658,1,0.148,0.484,0.129,0.613,126.8,142613.0,4,34.0
0.583,0.532,-5.762,0,0.0558,0.212,0.0695,0.724,184.111,207991.0,4,36.0
0.607,0.688,-7.194,1,0.0358,0.012,0.11,0.384,123.979,216123.0,4,43.0
0.58,0.674,-6.66,0,0.0327,0.0013,0.142,0.49,126.976,199741.0,4,35.0
0.894,0.53,-9.995,0,0.22,0.121,0.353,0.627,95.864,339387.0,4,51.0
0.382,0.957,-4.715,1,0.0941,0.000173,0.119,0.178,153.88,217827.0,4,46.0
0.527,0.723,-6.134,1,0.0411,0.217,0.037,0.888,160.465,3.946666667,4,64.0
0.694,0.812,-6.473,0,0.0355,0.0666,0.211,0.522,129.988,221693.0,4,51.0
0.645,0.537,-13.35,1,0.0361,0.078,0.0749,0.616,111.663,145305.0,4,43.0
0.482,0.333,-9.78,1,0.0636,0.705,0.106,0.414,73.271,295547.0,4,55.0
0.58,0.712,-8.514,1,0.0318,0.611,0.196,0.33,110.007,202909.0,4,47.0
0.615,0.616,-10.39,0,0.133,0.0399,0.348,0.836,170.776,235000.0,4,66.0
0.497,0.788,-4.396,1,0.0319,1.71e-05,0.421,0.498,128.037,162747.0,4,52.0
0.423,0.94,-4.012,0,0.0635,0.00166,0.178,0.505,149.934,206520.0,4,64.0
0.579,0.74,-5.926,0,0.0277,0.0164,0.0996,0.752,150.02,214176.0,4,35.0
0.431,0.992,-5.391,1,0.0655,3.45e-05,0.403,0.111,95.06,216787.0,4,27.0
0.612,0.529,-5.317,0,0.0294,0.22,0.341,0.3,139.979,273661.0,4,38.0
0.671,0.712,-7.815,1,0.0476,0.429,0.103,0.462,113.805,248440.0,4,80.0
0.485,0.652,-8.903,1,0.0655,0.757,0.131,0.406,77.95,225867.0,4,32.0
0.62,0.0827,-20.88,1,0.0625,0.368,0.0621,0.424,145.108,437573.0,3,34.0
0.727,0.591,-5.712,1,0.0336,0.0454,0.352,0.665,131.999,162947.0,4,31.0
0.389,0.236,-11.633,1,0.0388,0.803,0.11,0.139,137.499,4.537783333,4,25.0
0.589,0.438,-7.431,0,0.0277,0.573,0.128,0.0752,127.329,204825.0,4,71.0
0.771,0.813,-4.002,0,0.0485,0.177,0.0717,0.886,131.024,169216.0,4,64.0
0.477,0.941,-4.152,1,0.0623,0.00287,0.123,0.466,74.959,212743.0,4,40.0
0.537,0.356,-8.6,1,0.0458,0.927,0.307,0.312,92.399,206467.0,4,27.0
0.529,0.835,-6.128,1,0.0358,0.00225,0.151,0.694,134.791,249339.0,4,24.0
0.453,0.983,-3.649,1,0.176,2.91e-06,0.166,0.0728,124.998,282915.0,4,37.0
0.531,0.588,-5.799,0,0.0364,0.0416,0.432,0.264,145.937,221199.0,4,36.0
0.62,0.613,-6.578,1,0.113,0.00229,0.107,0.687,82.03,183965.0,4,28.0
0.48,0.648,-8.708,1,0.172,0.0735,0.114,0.282,134.845,192000.0,4,51.0
0.785,0.43,-9.453,0,0.0653,0.316,0.0829,0.491,85.99,247478.0,4,50.0
0.625,0.722,-6.073,1,0.0276,0.0162,0.133,0.797,120.024,181248.0,4,32.0
0.705,0.814,-5.466,0,0.0346,0.00115,0.203,0.259,110.0,223279.0,4,79.0
0.184,0.207,-17.119,1,0.033,0.94,0.0772,0.089,79.979,251173.0,3,49.0
0.684,0.71,-4.837,1,0.0323,0.252,0.37,0.934,119.039,189946.0,4,26.0
0.681,0.717,-8.112,0,0.0346,0.143,0.409,0.177,124.048,222284.0,4,37.0
0.435,0.671,-13.126,0,0.0396,0.0206,0.208,0.497,156.979,295973.0,4,49.0
0.743,0.87,-2.188,1,0.212,0.0595,0.299,0.884,99.079,194184.0,4,71.0
0.677,0.62,-11.766,1,0.0364,0.0335,0.285,0.672,146.74,8.43711667,4,62.0
0.444,0.909,-6.766,1,0.258,0.000323,0.152,0.594,169.765,171427.0,4,45.0
0.551,0.604,-7.448,1,0.0434,0.0327,0.0836,0.18,76.514,222173.0,4,58.0
0.569,0.695,-7.01,0,0.0283,0.0107,0.108,0.277,111.968,257300.0,4,28.0
0.595,0.594,-12.682,0,0.0326,0.563,0.114,0.703,156.342,257813.0,4,56.0
0.515,0.809,-5.051,1,0.0288,0.00188,0.0983,0.237,111.985,196467.0,4,55.0
0.492,0.952,-5.915,1,0.0407,6.4e-06,0.105,0.294,111.994,214533.0,4,38.0
0.521,0.935,-4.261,1,0.0425,0.0361,0.277,0.332,111.023,276027.0,4,45.0
0.202,0.891,-7.289,1,0.098,2.5e-05,0.0717,0.0518,130.708,353000.0,4,39.0
0.893,0.757,-2.843,1,0.0738,0.112,0.107,0.681,95.018,165000.0,4,50.0
0.698,0.901,-6.664,1,0.0392,0.00954,0.11,0.834,124.973,253053.0,4,45.0
0.319,0.552,-6.401,1,0.0307,0.719,0.144,0.221,93.991,4.474383333,4,60.0
0.57,0.844,-4.797,1,0.0542,0.0486,0.0936,0.709,124.983,203560.0,4,55.0
0.623,0.792,-6.37,1,0.0664,7e-05,0.159,0.584,127.041,171161.0,4,58.0
0.714,0.305,-9.072,1,0.0284,0.752,0.113,0.54,96.975,3.63868333,4,44.0
0.598,0.591,-5.387,1,0.0262,0.179,0.0714,0.467,93.071,178484.0,3,26.0
0.623,0.852,-8.573,0,0.0446,0.0241,0.297,0.341,128.984,316304.0,4,26.0
0.412,0.571,-10.853,0,0.0644,0.629,0.27,0.165,139.913,3.60675,3,20.0
0.633,0.969,-6.112,1,0.0581,0.0113,0.123,0.603,138.946,255760.0,4,43.0
0.597,0.702,-6.246,0,0.0412,0.156,0.266,0.403,158.899,276387.0,3,16.0
0.417,0.79,-10.237,1,0.0666,0.0781,0.0823,0.847,95.001,155000.0,4,38.0
0.568,0.686,-6.08,1,0.0284,0.0978,0.109,0.886,98.333,262293.0,4,41.0
0.551,0.293,-12.503,1,0.0272,0.486,0.0864,0.322,106.798,150640.0,4,69.0
0.491,0.465,-12.068,1,0.0269,0.361,0.157,0.0498,139.897,4.408716667,4,51.0
0.508,0.774,-5.973,1,0.0321,0.0586,0.063,0.942,178.946,141600.0,4,78.0
0.446,0.922,-6.953,1,0.0447,4.84e-06,0.195,0.403,140.055,301750.0,4,33.0
0.486,0.489,-11.968,1,0.0306,0.249,0.156,0.682,128.731,3.499333333,4,43.0
0.496,0.146,-19.599,1,0.0362,0.896,0.137,0.117,121.34,4.413916667,4,53.0
0.453,0.313,-15.476,1,0.036,0.714,0.107,0.404,124.846,8.256,3,40.0
0.561,0.67,-9.373,0,0.0369,0.0666,0.352,0.624,141.784,223160.0,4,46.0
0.653,0.545,-8.189,1,0.0792,0.000217,0.0393,0.563,118.006,252040.0,4,30.0
0.507,0.934,-8.888,0,0.0553,3.52e-05,0.161,0.417,108.345,269053.0,4,50.0
0.71,0.914,-3.592,1,0.0749,0.0602,0.165,0.742,125.039,244840.0,4,40.0
0.385,0.1,-13.827,1,0.043,0.96,0.11,0.199,54.041,5.455116667,4,47.0
0.652,0.383,-7.076,0,0.0516,0.0676,0.0828,0.549,145.765,178994.0,4,82.0
0.583,0.817,-5.692,0,0.0358,0.0569,0.344,0.679,118.008,271741.0,4,17.0
0.489,0.891,-4.507,0,0.0574,1.33e-05,0.0722,0.558,145.016,242040.0,4,49.0
0.405,0.762,-9.49,1,0.0629,0.488,0.157,0.721,129.704,4.597333333,4,40.0
0.829,0.588,-4.954,1,0.036,0.0531,0.0779,0.497,104.968,224000.0,4,29.0
0.593,0.697,-5.416,1,0.0399,0.00289,0.14,0.428,170.0,230960.0,4,68.0
0.848,0.626,-3.675,0,0.0939,0.335,0.115,0.718,93.995,198602.0,4,43.0
0.625,0.722,-6.073,1,0.0276,0.0162,0.133,0.797,120.024,181248.0,4,32.0
0.763,0.605,-6.199,1,0.255,0.174,0.169,0.404,139.023,228112.0,4,41.0
0.628,0.855,-6.967,0,0.234,0.000668,0.107,0.897,130.061,185248.0,4,41.0
0.85,0.687,-8.967,0,0.0411,0.0522,0.0816,0.797,109.995,166909.0,4,55.0
0.571,0.613,-6.278,1,0.0245,0.024,0.144,0.165,81.948,3.588883333,4,4.0
0.549,0.107,-16.147,1,0.0844,0.957,0.111,0.307,74.63,219053.0,4,37.0
0.504,0.99,-1.858,1,0.128,3.38e-05,0.356,0.182,115.047,203600.0,4,10.0
0.253,0.375,-9.15,1,0.0295,0.8,0.11,0.132,174.782,3.92645,3,24.0
0.485,0.739,-4.938,0,0.0273,0.00913,0.186,0.15,135.91,260481.0,4,43.0
0.626,0.453,-9.295,1,0.0306,0.816,0.0904,0.494,129.958,218093.0,4,75.0
0.603,0.265,-9.893,0,0.0335,0.844,0.0758,0.371,139.539,160591.0,4,48.0
0.226,0.926,-5.39,1,0.262,0.00141,0.103,0.747,184.66,189108.0,3,41.0
0.677,0.608,-6.225,1,0.0957,0.239,0.258,0.914,76.034,260013.0,4,29.0
0.614,0.953,-3.539,1,0.0517,0.0771,0.372,0.796,108.965,190240.0,4,27.0
0.457,0.534,-13.65,1,0.03,0.0891,0.183,0.424,94.117,293000.0,4,31.0
0.578,0.793,-5.002,0,0.0453,0.0166,0.304,0.638,137.915,206080.0,4,60.0
0.584,0.836,-4.487,1,0.0348,0.132,0.144,0.495,124.131,220347.0,4,56.0
0.492,0.177,-17.666,1,0.0731,0.986,0.111,0.67,179.466,4.08275,4,45.0
0.435,0.729,-4.818,0,0.0307,0.0152,0.11,0.524,188.017,256600.0,4,63.0
0.586,0.851,-4.287,1,0.0302,0.00078,0.106,0.435,112.062,213053.0,4,46.0
0.94,0.843,-1.854,0,0.167,0.168,0.0536,0.856,112.06,234888.0,4,42.0
0.151,0.0857,-25.567,1,0.0521,0.984,0.0899,0.0621,78.785,3.635116667,4,50.0
0.425,0.0863,-15.163,1,0.0357,0.962,0.124,0.362,154.328,194013.0,4,43.0
0.883,0.446,-8.723,0,0.296,0.0253,0.103,0.463,92.95,165161.0,4,79.0
0.347,0.8,-5.527,1,0.0608,0.0343,0.551,0.712,171.226,261867.0,4,12.0
0.336,0.0619,-20.494,0,0.0363,0.985,0.11,0.197,60.705,3.173333333,4,52.0
0.589,0.777,-7.537,1,0.0314,0.000987,0.318,0.482,132.031,306057.0,4,28.0
0.526,0.458,-9.472,1,0.0384,0.766,0.109,0.501,76.972,251173.0,4,60.0
0.364,0.922,-4.217,0,0.0567,0.000915,0.0697,0.227,79.342,235053.0,4,73.0
0.578,0.763,-7.498,0,0.0443,0.472,0.135,0.561,92.01,2.880433333,4,69.0
0.839,0.773,-5.941,1,0.12,0.013,0.69,0.761,118.008,187119.0,4,33.0
0.653,0.337,-14.722,0,0.0347,0.878,0.0841,0.214,84.146,123000.0,4,40.0
0.544,0.704,-5.678,0,0.0435,0.0156,0.164,0.265,80.029,3.15103333,4,76.0
0.431,0.855,-4.205,1,0.15,0.00673,0.639,0.397,163.014,306680.0,4,59.0
0.629,0.829,-4.734,0,0.0694,0.039,0.764,0.72,92.018,254147.0,4,25.0
0.319,0.866,-4.722,0,0.0359,1.42e-06,0.155,0.554,109.626,252693.0,4,40.0
0.717,0.706,-8.612,1,0.0278,0.116,0.184,0.967,130.543,214653.0,4,56.0
0.22,0.982,-3.912,1,0.121,5.85e-05,0.661,0.241,171.928,279811.0,4,50.0
0.266,0.0667,-20.758,1,0.0399,0.975,0.0996,0.0391,126.037,229000.0,4,39.0
0.828,0.492,-9.744,1,0.0276,0.0644,0.128,0.789,120.151,257800.0,4,85.0
0.352,0.621,-9.036,1,0.033,0.000114,0.0974,0.218,123.817,318560.0,4,38.0
0.633,0.451,-9.66,1,0.133,0.75,0.0995,0.475,162.112,244883.0,4,58.0
0.594,0.872,-4.73,0,0.0338,0.00263,0.351,0.832,115.965,211627.0,4,36.0
0.764,0.601,-8.287,0,0.0421,0.0353,0.335,0.622,105.994,187607.0,4,23.0
0.569,0.809,-7.921,0,0.0363,0.194,0.158,0.72,102.736,248160.0,4,26.0
0.332,0.444,-6.772,1,0.0293,0.00442,0.126,0.128,125.568,297267.0,4,2.0
0.52,0.948,-3.951,0,0.0515,4.36e-05,0.0525,0.471,92.091,226540.0,4,52.0
0.589,0.75,-7.086,1,0.0654,0.00162,0.262,0.43,130.097,189560.0,4,45.0
0.263,0.957,-4.867,1,0.149,0.00126,0.0756,0.151,179.512,256788.0,3,39.0
0.747,0.875,-5.635,1,0.0282,0.00733,0.184,0.913,115.967,185640.0,4,54.0
0.247,0.774,-8.412,0,0.0399,0.00425,0.0678,0.638,96.026,193155.0,4,41.0
0.418,0.42,-6.444,1,0.0414,0.588,0.11,0.184,84.094,172724.0,4,82.0
0.486,0.944,-3.924,1,0.0552,5.25e-05,0.103,0.573,108.799,214040.0,4,47.0
0.457,0.252,-11.058,1,0.0349,0.988,0.114,0.511,108.79,5.4624,4,21.0
0.446,0.963,-5.972,1,0.0987,0.0612,0.323,0.727,165.028,161613.0,4,42.0
0.632,0.962,-8.995,1,0.0407,0.119,0.639,0.965,128.085,4.02155,4,41.0
0.39,0.27,-10.673,1,0.0308,0.937,0.111,0.32,125.177,304107.0,5,69.0
0.555,0.183,-8.58,1,0.0375,0.884,0.116,0.223,131.22,4.015916667,4,44.0
0.608,0.648,-9.342,1,0.0358,0.00073,0.0923,0.361,121.997,371500.0,4,46.0
0.402,0.914,-5.215,1,0.142,0.000579,0.065,0.626,196.505,178267.0,4,73.0
0.48,0.536,-11.166,1,0.0427,0.488,0.155,0.581,80.617,508200.0,3,70.0
0.606,0.652,-6.982,1,0.0281,0.323,0.201,0.476,97.155,3.04155,4,73.0
0.806,0.501,-7.096,0,0.168,0.065,0.125,0.345,160.03,171000.0,4,58.0
0.549,0.867,-4.666,1,0.0371,0.0108,0.171,0.486,110.032,186760.0,4,34.0
0.491,0.937,-5.041,1,0.0864,1.5e-05,0.0721,0.623,80.002,257824.0,4,36.0
0.581,0.576,-6.938,1,0.0276,0.207,0.109,0.526,77.001,221760.0,4,40.0
0.476,0.129,-13.856,1,0.0604,0.981,0.112,0.42,71.794,1.695833333,5,23.0
0.532,0.759,-3.842,0,0.0319,0.000123,0.073,0.293,95.01,244365.0,4,67.0
0.596,0.0942,-17.052,1,0.0612,0.993,0.108,0.294,108.71,3.941083333,4,46.0
0.681,0.919,-4.377,0,0.0408,0.0444,0.349,0.727,130.013,233533.0,4,34.0
0.593,0.683,-10.432,0,0.0361,0.148,0.296,0.649,116.742,211933.0,4,28.0
0.875,0.649,-5.754,1,0.0433,0.429,0.0704,0.833,140.031,194693.0,4,73.0
0.532,0.788,-6.113,0,0.0451,0.00035,0.319,0.185,112.055,394286.0,4,46.0
0.76,0.667,-7.61,0,0.258,0.0264,0.192,0.548,121.986,149508.0,4,37.0
0.263,0.432,-6.299,1,0.0375,3.23e-06,0.0889,0.195,94.878,406227.0,4,31.0
0.78,0.653,-7.085,1,0.0311,0.42,0.0997,0.527,116.008,215293.0,4,42.0
0.305,0.849,-4.892,1,0.0999,0.548,0.0995,0.555,134.287,205347.0,4,64.0
0.375,0.965,-3.843,0,0.0527,0.00101,0.345,0.23,95.555,260933.0,4,32.0
0.672,0.496,-6.568,0,0.0604,0.22,0.134,0.189,123.999,224564.0,4,31.0
0.463,0.57,-6.573,0,0.0864,0.459,0.091,0.628,62.411,249907.0,4,34.0
0.382,0.675,-6.56,1,0.0441,0.0128,0.219,0.449,106.171,234867.0,1,58.0
0.553,0.543,-6.294,1,0.0313,0.011,0.0844,0.658,112.977,164500.0,4,34.0
0.504,0.354,-11.3,1,0.0339,0.29,0.157,0.292,140.87,303587.0,4,70.0
0.314,0.901,-5.317,1,0.0683,2.62e-05,0.529,0.122,110.166,271900.0,3,40.0
0.399,0.96,-4.826,1,0.129,6.84e-06,0.142,0.05,139.925,208850.0,4,36.0
0.462,0.155,-15.232,1,0.0344,0.93,0.116,0.169,113.82,3.864766667,4,49.0
0.639,0.657,-6.077,1,0.0526,0.226,0.0878,0.873,100.0,194600.0,4,21.0
0.729,0.447,-9.038,1,0.0387,0.598,0.116,0.595,108.837,2.58733333,4,63.0
0.88,0.443,-6.359,0,0.0653,0.462,0.122,0.803,138.018,3.687333333,4,72.0
0.493,0.898,-3.321,1,0.0372,0.000219,0.173,0.536,126.054,190558.0,4,47.0
0.933,0.513,-13.203,1,0.347,0.00112,0.107,0.595,102.017,179160.0,4,59.0
0.634,0.887,-5.151,1,0.0276,0.0188,0.111,0.657,124.035,199765.0,4,21.0
0.786,0.469,-5.639,0,0.0286,0.257,0.133,0.598,100.032,185626.0,4,27.0
0.914,0.732,-6.1,0,0.241,0.0166,0.107,0.469,94.066,171067.0,4,82.0
0.543,0.715,-8.89,1,0.0356,0.0192,0.256,0.468,124.011,180943.0,4,69.0
0.571,0.437,-11.839,1,0.0329,0.896,0.0798,0.797,83.762,166613.0,4,34.0
0.434,0.897,-4.918,1,0.0488,0.0103,0.612,0.684,148.726,167067.0,4,80.0
0.51,0.516,-9.128,0,0.0347,0.99,0.178,0.779,114.844,4.303683333,3,4.0
0.515,0.5,-8.986,0,0.0607,0.644,0.119,0.634,155.383,224640.0,3,35.0
0.257,0.397,-8.463,1,0.0307,0.551,0.144,0.203,90.302,218919.0,1,40.0
0.404,0.926,-4.471,1,0.0722,0.0072,0.109,0.348,166.761,291740.0,4,29.0
0.402,0.71,-6.215,1,0.046,0.000411,0.149,0.243,124.922,380920.0,4,32.0
0.267,0.831,-3.213,1,0.0428,0.126,0.103,0.685,171.276,241200.0,4,53.0
0.513,0.818,-8.612,1,0.056,0.398,0.309,0.807,97.143,118507.0,4,26.0
0.57,0.903,-5.694,0,0.112,0.0678,0.47,0.782,84.002,241240.0,4,29.0
0.629,0.278,-12.229,1,0.0329,0.662,0.106,0.503,128.453,586493.0,4,52.0
0.377,0.938,-4.9,1,0.0618,5.18e-05,0.0705,0.385,120.514,251293.0,4,62.0
0.551,0.438,-10.297,0,0.187,0.243,0.0972,0.248,130.814,221054.0,5,60.0
0.828,0.268,-14.826,1,0.0542,0.896,0.112,0.748,99.993,2.88,4,47.0
0.364,0.316,-9.381,1,0.0307,0.51,0.0956,0.209,143.888,241197.0,3,50.0
0.621,0.608,-8.82,0,0.0245,0.593,0.116,0.311,90.046,220000.0,4,28.0
0.433,0.599,-7.293,1,0.0717,0.479,0.12,0.338,71.798,3.70965,4,42.0
0.453,0.665,-5.424,0,0.201,0.0244,0.0505,0.166,112.042,157223.0,3,37.0
0.516,0.923,-5.288,1,0.0345,3.47e-05,0.0944,0.541,104.982,200117.0,4,30.0
0.611,0.973,-1.353,0,0.0644,0.135,0.445,0.892,132.073,182973.0,4,31.0
0.399,0.645,-5.356,1,0.0271,0.112,0.255,0.384,82.795,355798.0,4,55.0
0.611,0.88,-4.02,0,0.0416,0.00202,0.378,0.965,114.023,172636.0,4,32.0
0.545,0.534,-7.531,0,0.0297,0.812,0.0972,0.476,94.014,4.47635,4,40.0
0.523,0.451,-8.292,0,0.0419,0.425,0.0879,0.506,124.275,258880.0,4,15.0
0.412,0.571,-6.006,1,0.0387,0.304,0.237,0.473,159.697,238173.0,4,48.0
0.53,0.816,-10.778,1,0.0408,0.0368,0.551,0.922,131.014,3.20666667,4,27.0
0.607,0.817,-5.561,1,0.0415,0.00409,0.0851,0.749,125.005,204853.0,4,35.0
0.526,0.776,-8.873,1,0.0597,0.00389,0.0865,0.0504,132.996,389200.0,4,48.0
0.723,0.875,-6.717,0,0.394,0.0642,0.748,0.391,121.035,234000.0,4,44.0
0.509,0.326,-13.065,1,0.0747,0.0405,0.082,0.865,207.373,251800.0,3,31.0
0.494,0.815,-6.972,0,0.0305,0.0188,0.0721,0.445,88.0,210040.0,4,8.0
0.653,0.722,-7.3,1,0.0292,0.0571,0.107,0.888,128.018,206240.0,4,53.0
0.767,0.592,-10.397,1,0.066,0.0995,0.464,0.555,97.966,241346.0,4,36.0
0.855,0.871,-5.214,0,0.0317,0.0339,0.358,0.925,112.002,261825.0,4,51.0
0.423,0.835,-6.494,1,0.0878,0.229,0.427,0.475,123.123,170103.0,4,5.0
0.528,0.783,-6.504,0,0.0497,0.3,0.0658,0.713,114.925,325762.0,3,17.0
0.472,0.775,-7.147,1,0.0366,0.194,0.683,0.955,107.37,196507.0,4,35.0
0.508,0.584,-6.826,1,0.0267,0.555,0.127,0.3,78.003,4.484983333,4,30.0
0.607,0.758,-6.855,1,0.0306,0.00505,0.372,0.727,90.031,231783.0,4,51.0
0.44,0.95,-2.993,1,0.0769,0.00449,0.363,0.51,144.981,215925.0,4,65.0
0.659,0.359,-11.148,0,0.0393,0.611,0.113,0.126,119.999,249370.0,4,36.0
0.37,0.576,-7.963,0,0.0291,0.00112,0.121,0.392,163.784,267600.0,4,30.0
0.338,0.713,-3.64,1,0.0392,0.000307,0.0856,0.238,79.664,246282.0,4,21.0
0.78,0.569,-7.822,0,0.068,0.395,0.184,0.5,123.03,197073.0,4,43.0
0.499,0.523,-7.845,1,0.0574,0.268,0.248,0.41,190.96,226973.0,3,38.0
0.747,0.264,-14.975,0,0.0287,0.54,0.0457,0.245,108.248,265000.0,4,22.0
0.262,0.777,-8.671,1,0.0632,0.0109,0.12,0.264,152.5,182733.0,4,69.0
0.652,0.515,-12.034,0,0.0324,0.239,0.0991,0.203,134.969,244000.0,1,40.0
0.759,0.656,-7.592,1,0.0873,0.0371,0.104,0.174,141.955,260282.0,4,55.0
0.328,0.893,-10.854,1,0.0594,0.353,0.0763,0.508,135.322,188546.0,4,19.0
0.259,0.965,-4.335,1,0.16,0.000612,0.0787,0.392,168.641,344067.0,4,52.0
0.599,0.742,-6.886,1,0.0419,0.0488,0.0916,0.493,131.014,184524.0,4,71.0
0.689,0.687,-7.832,1,0.0361,0.0674,0.0933,0.247,109.98,237230.0,4,65.0
0.441,0.547,-9.189,1,0.113,0.853,0.248,0.62,91.738,4.61355,3,10.0
0.323,0.118,-22.751,0,0.0449,0.195,0.241,0.0747,79.554,4.081116667,4,48.0
0.51,0.718,-6.129,0,0.0439,0.00183,0.14,0.713,199.992,187907.0,4,48.0
0.426,0.867,-4.538,1,0.0368,4.93e-05,0.121,0.809,90.484,194039.0,4,26.0
0.288,0.448,-13.62,0,0.0365,0.0383,0.0736,0.506,75.047,244000.0,4,26.0
0.342,0.464,-8.166,0,0.0277,0.681,0.198,0.11,82.249,235000.0,3,27.0
0.588,0.282,-6.676,1,0.0327,0.786,0.1,0.308,125.048,167973.0,4,43.0
0.682,0.435,-6.728,0,0.0569,0.169,0.0914,0.637,152.022,179523.0,4,48.0
0.414,0.482,-7.607,1,0.0287,0.656,0.233,0.112,127.983,232813.0,4,43.0
0.817,0.86,-4.283,1,0.0457,0.0497,0.0879,0.843,124.11,231282.0,4,49.0
0.507,0.683,-8.079,1,0.0316,0.303,0.142,0.901,95.732,310600.0,4,59.0
0.487,0.0746,-12.952,0,0.0327,0.952,0.108,0.123,106.328,292187.0,4,56.0
0.299,0.941,-7.28,1,0.0478,0.000554,0.0519,0.674,130.036,174000.0,3,29.0
0.568,0.418,-9.218,1,0.0298,0.762,0.096,0.576,92.956,4.418216667,4,36.0
0.715,0.73,-6.771,0,0.0556,0.0271,0.375,0.621,131.921,202830.0,4,15.0
0.698,0.736,-5.525,1,0.0481,0.0664,0.119,0.822,127.979,214267.0,4,51.0
0.602,0.667,-6.293,1,0.0264,0.392,0.135,0.448,122.986,194634.0,4,31.0
0.548,0.35,-12.52,1,0.0579,0.273,0.362,0.0802,167.682,221975.0,4,73.0
0.691,0.829,-7.179,1,0.0412,0.0289,0.254,0.866,93.059,2.81923333,4,80.0
0.663,0.552,-8.925,0,0.0308,0.0574,0.0973,0.687,132.867,314684.0,4,65.0
0.683,0.751,-10.184,1,0.0346,0.0681,0.248,0.841,103.036,266560.0,4,63.0
0.652,0.669,-7.797,0,0.0262,0.122,0.169,0.769,115.047,194009.0,4,58.0
0.439,0.434,-14.918,1,0.0265,0.0783,0.14,0.204,94.845,274707.0,4,76.0
0.54,0.754,-8.26,0,0.0516,0.0434,0.128,0.556,135.134,4.6963,4,9.0
0.258,0.723,-6.049,1,0.058,0.0232,0.485,0.344,81.132,264947.0,4,51.0
0.439,0.607,-8.02,1,0.0326,0.104,0.146,0.487,84.085,236310.0,4,33.0
0.306,0.98,-5.421,0,0.0909,3.72e-05,0.157,0.348,196.925,245946.0,4,43.0
0.447,0.923,-4.636,0,0.0669,2.91e-05,0.171,0.683,131.552,187627.0,4,43.0
0.357,0.938,-4.46,0,0.0932,8.06e-06,0.749,0.35,159.996,210893.0,4,41.0
0.32,0.798,-7.078,0,0.124,0.00033,0.176,0.74,84.696,209040.0,4,69.0
0.763,0.85,-3.052,1,0.0417,0.0304,0.371,0.761,91.519,284907.0,4,74.0
0.608,0.885,-4.296,0,0.0963,0.00258,0.392,0.518,125.023,226760.0,4,66.0
0.409,0.982,-9.38,0,0.0501,3.64e-05,0.187,0.0761,149.992,216000.0,1,28.0
0.492,0.926,-5.666,1,0.208,3.23e-06,0.505,0.407,121.172,99762.0,4,38.0
0.637,0.613,-7.343,1,0.0748,0.318,0.111,0.571,90.06,4.4,4,20.0
0.526,0.791,-6.364,0,0.497,0.0597,0.099,0.707,130.209,303148.0,4,39.0
0.511,0.67,-7.135,1,0.188,0.0509,0.102,0.605,78.138,439067.0,4,59.0
0.498,0.731,-7.25,1,0.0243,0.128,0.156,0.6,97.055,190696.0,4,43.0
0.608,0.634,-11.24,1,0.0727,0.0568,0.116,0.84,147.515,226947.0,4,58.0
0.388,0.98,-5.984,0,0.149,2.28e-05,0.926,0.166,196.004,251440.0,4,57.0
0.573,0.807,-7.062,0,0.0383,0.034,0.257,0.876,150.982,289253.0,4,36.0
0.68,0.442,-10.94,1,0.179,0.748,0.514,0.536,127.996,235245.0,4,40.0
0.444,0.109,-15.574,1,0.0411,0.924,0.215,0.182,73.094,3.99855,3,52.0
0.864,0.669,-5.827,0,0.154,0.229,0.0796,0.663,127.002,126584.0,4,54.0
0.535,0.95,-2.93,0,0.053,0.000172,0.349,0.599,104.627,249094.0,4,32.0
0.221,0.81,-5.689,1,0.0427,0.00579,0.103,0.366,87.285,318960.0,4,36.0
0.476,0.764,-6.454,1,0.032,0.00325,0.138,0.545,171.903,448307.0,4,61.0
0.587,0.622,-5.535,1,0.0303,0.0927,0.2,0.231,107.943,4.626216667,4,70.0
0.279,0.473,-8.375,0,0.0309,0.242,0.158,0.246,167.792,257107.0,4,69.0
0.551,0.616,-10.415,0,0.0533,0.0179,0.321,0.443,111.127,145307.0,4,19.0
0.474,0.574,-5.614,0,0.036,0.48,0.158,0.384,135.924,217173.0,4,34.0
0.722,0.501,-6.113,0,0.0625,0.255,0.0857,0.541,144.076,156742.0,4,62.0
0.555,0.393,-11.949,1,0.0327,0.965,0.151,0.782,102.5,174158.0,4,34.0
0.87,0.548,-8.193,1,0.332,0.0304,0.0826,0.77,163.93,152021.0,4,31.0
0.712,0.629,-6.461,1,0.0365,0.0181,0.126,0.407,97.486,201973.0,4,42.0
0.154,0.972,-3.624,1,0.111,0.000904,0.368,0.225,205.478,192920.0,4,53.0
0.65,0.383,-13.074,1,0.0464,0.505,0.392,0.864,110.522,217227.0,4,32.0
0.564,0.382,-11.035,1,0.033,0.826,0.0835,0.427,147.939,190557.0,4,40.0
0.209,0.928,-5.885,0,0.0783,8.57e-06,0.088,0.35,90.258,186584.0,4,31.0
0.492,0.555,-7.974,1,0.217,0.736,0.56,0.389,69.748,89000.0,4,29.0
0.516,0.853,-3.867,0,0.0747,0.335,0.0654,0.169,131.949,218182.0,4,26.0
0.602,0.732,-7.194,0,0.299,0.357,0.106,0.662,80.892,308689.0,4,20.0
0.283,0.657,-8.556,0,0.0353,0.0833,0.136,0.376,97.995,284493.0,4,56.0
0.398,0.982,-3.979,1,0.178,0.00306,0.44,0.401,172.822,216760.0,4,50.0
0.634,0.507,-9.157,1,0.0456,0.622,0.101,0.49,76.483,245260.0,4,38.0
0.772,0.921,-1.995,0,0.0485,0.0236,0.339,0.903,128.018,190141.0,3,21.0
0.54,0.677,-6.349,1,0.0286,0.368,0.224,0.748,98.339,241600.0,4,61.0
0.778,0.734,-5.526,0,0.0308,0.0324,0.258,0.945,101.979,211400.0,4,21.0
0.383,0.885,-5.683,1,0.123,0.0295,0.381,0.504,168.06,188656.0,4,53.0
0.649,0.888,-4.807,1,0.0293,0.013,0.0888,0.553,100.975,208467.0,4,72.0
0.569,0.564,-7.34,1,0.0337,0.0496,0.304,0.526,96.112,351960.0,3,38.0
0.802,0.648,-8.515,1,0.08,0.386,0.0934,0.857,106.057,183922.0,4,22.0
0.272,0.546,-9.06,1,0.0435,0.218,0.247,0.63,184.996,255067.0,3,31.0
0.466,0.992,-3.595,1,0.0914,0.0436,0.432,0.0787,132.908,145360.0,4,8.0
0.46,0.876,-5.69,1,0.297,0.471,0.144,0.557,166.715,294825.0,4,35.0
0.882,0.476,-9.235,1,0.0528,0.458,0.0445,0.964,112.65,138533.0,4,52.0
0.546,0.906,-3.354,1,0.0407,0.00101,0.259,0.61,111.971,175229.0,4,48.0
0.63,0.683,-5.7,1,0.0307,0.15,0.133,0.486,155.927,2.840216667,4,62.0
0.18,0.916,-6.788,1,0.0923,0.000975,0.0945,0.186,85.614,254547.0,4,44.0
0.463,0.0769,-21.855,1,0.0389,0.96,0.105,0.178,116.2,4.643133333,4,60.0
0.404,0.902,-3.88,1,0.0665,0.577,0.287,0.497,115.669,423840.0,4,75.0
0.482,0.487,-4.125,0,0.0372,0.849,0.255,0.663,122.754,215000.0,4,35.0
0.209,0.473,-7.365,1,0.0283,0.0162,0.123,0.153,189.544,265613.0,3,36.0
0.137,0.0017,-30.124,1,0.0439,0.979,0.0746,0.0386,175.208,252000.0,4,14.0
0.946,0.772,-7.537,0,0.0953,0.0516,0.0612,0.772,116.97,263914.0,4,53.0
0.861,0.817,-5.07,0,0.235,0.724,0.104,0.671,102.969,160777.0,4,55.0
0.298,0.983,-6.566,0,0.464,0.00128,0.78,0.106,89.629,284067.0,4,47.0
0.58,0.573,-8.137,1,0.061,0.00305,0.182,0.477,121.225,177093.0,4,53.0
0.743,0.743,-10.117,1,0.0367,0.0511,0.0987,0.707,121.604,358773.0,4,66.0
0.494,0.666,-9.743,0,0.0351,0.229,0.0469,0.699,140.832,147893.0,4,55.0
0.532,0.891,-5.349,0,0.0551,0.000316,0.0836,0.487,106.003,197127.0,4,43.0
0.413,0.881,-5.541,0,0.0367,5.99e-05,0.0805,0.364,158.066,250547.0,4,78.0
0.608,0.844,-7.486,1,0.0437,0.311,0.0982,0.499,136.1,172813.0,4,33.0
0.364,0.687,-7.967,1,0.0571,0.656,0.175,0.663,161.008,5.173783333,3,52.0
0.897,0.662,-6.903,0,0.292,0.0852,0.534,0.389,112.511,145543.0,4,81.0
0.493,0.661,-8.043,0,0.0365,0.00788,0.128,0.161,120.071,244867.0,4,25.0
0.776,0.571,-6.979,0,0.449,0.477,0.121,0.45,150.768,112846.0,4,39.0
0.359,0.854,-6.645,1,0.0512,1.68e-05,0.1,0.548,112.208,197400.0,4,32.0
0.525,0.623,-6.253,0,0.0291,0.247,0.148,0.839,144.583,115925.0,4,40.0
0.591,0.855,-8.339,0,0.339,0.00832,0.771,0.78,136.734,158467.0,4,60.0
0.75,0.752,-5.776,1,0.0399,0.209,0.131,0.527,140.001,3.639116667,4,34.0
0.547,0.937,-6.284,1,0.045,0.166,0.104,0.236,124.029,316213.0,4,35.0
0.608,0.745,-5.82,1,0.0354,0.205,0.342,0.595,82.003,226947.0,4,51.0
0.695,0.878,-3.429,0,0.0441,0.153,0.0764,0.969,162.898,177835.0,4,63.0
0.403,0.931,-4.924,0,0.0509,6.05e-05,0.641,0.167,147.999,305446.0,4,30.0
0.599,0.357,-9.55,1,0.0299,0.753,0.0902,0.421,83.26,216224.0,4,50.0
0.87,0.637,-8.368,0,0.0614,0.497,0.205,0.78,120.99,190561.0,4,68.0
0.624,0.614,-4.165,1,0.0448,0.00391,0.187,0.139,168.87,147638.0,4,76.0
0.355,0.761,-6.309,1,0.0978,0.000288,0.189,0.685,165.209,189848.0,4,39.0
0.648,0.528,-10.335,1,0.0296,0.419,0.126,0.731,86.017,216000.0,4,46.0
0.498,0.824,-7.832,0,0.132,0.0641,0.18,0.549,157.04,251627.0,4,31.0
0.716,0.3,-7.5,1,0.0493,0.793,0.0924,0.367,94.936,4.67895,4,47.0
0.535,0.667,-8.977,0,0.0278,0.00204,0.629,0.194,87.01,153301.0,4,29.0
0.727,0.722,-6.023,0,0.275,0.367,0.089,0.425,80.017,267000.0,4,11.0
0.815,0.705,-7.913,0,0.289,0.569,0.347,0.964,144.064,136787.0,4,26.0
0.72,0.912,-6.13,1,0.0363,0.551,0.0982,0.973,122.782,126947.0,4,65.0
0.802,0.455,-11.673,1,0.0537,0.803,0.0607,0.932,122.853,173600.0,4,39.0
0.557,0.94,-5.692,1,0.0539,0.000486,0.074,0.451,133.301,234753.0,4,49.0
0.688,0.764,-5.265,1,0.0392,0.206,0.108,0.603,115.943,192333.0,4,8.0
0.634,0.844,-6.174,0,0.0421,0.533,0.106,0.526,139.933,198868.0,4,16.0
0.791,0.521,-11.746,1,0.0688,0.0704,0.0756,0.616,167.659,243269.0,4,56.0
0.264,0.123,-21.152,1,0.0324,0.96,0.124,0.153,127.219,2.754916667,4,44.0
0.782,0.449,-10.136,0,0.308,0.71,0.345,0.354,106.904,192801.0,4,43.0
0.593,0.926,-5.361,0,0.0319,0.0355,0.311,0.945,100.011,184347.0,4,61.0
0.504,0.569,-13.76,1,0.0495,0.549,0.105,0.61,75.248,255333.0,4,20.0
0.586,0.777,-6.185,0,0.0303,4.78e-05,0.0729,0.424,143.339,220468.0,4,67.0
0.757,0.826,-5.691,1,0.0739,0.134,0.508,0.384,100.023,173400.0,4,52.0
0.877,0.594,-7.009,0,0.525,0.104,0.219,0.63,153.012,113143.0,4,43.0
0.815,0.697,-9.57,1,0.219,0.778,0.102,0.147,97.987,129796.0,4,76.0
0.716,0.686,-7.127,1,0.0329,0.00333,0.126,0.854,103.931,200156.0,4,50.0
0.651,0.908,-4.019,1,0.0577,0.00184,0.384,0.769,123.851,274160.0,4,67.0
0.726,0.703,-6.093,1,0.0239,0.156,0.202,0.662,100.994,302219.0,4,40.0
0.732,0.396,-9.348,0,0.0286,0.0841,0.105,0.548,90.024,195920.0,4,82.0
0.694,0.812,-6.473,0,0.0355,0.0666,0.211,0.522,129.988,221693.0,4,51.0
0.86,0.717,-5.542,0,0.48,0.414,0.0843,0.812,158.019,120964.0,4,63.0
0.662,0.682,-7.833,1,0.0285,0.178,0.335,0.624,114.067,239240.0,4,52.0
0.518,0.647,-11.024,0,0.0899,0.0102,0.102,0.298,127.393,331000.0,5,35.0
0.226,0.955,-6.291,1,0.11,3.54e-05,0.111,0.24,101.866,267880.0,4,34.0
0.892,0.191,-14.977,0,0.0599,0.522,0.109,0.46,106.55,231107.0,4,47.0
0.586,0.809,-7.988,1,0.193,0.769,0.479,0.789,108.256,6.376883333,4,7.0
0.778,0.819,-3.873,0,0.0531,0.164,0.111,0.637,144.953,201931.0,4,67.0
0.369,0.236,-9.019,1,0.0308,0.908,0.107,0.286,180.972,219373.0,3,37.0
0.239,0.471,-13.404,1,0.0333,0.0069,0.118,0.501,106.999,384400.0,4,39.0
0.724,0.751,-7.232,0,0.0387,0.234,0.125,0.633,108.941,153000.0,4,28.0
0.555,0.896,-8.561,0,0.135,0.483,0.339,0.923,135.566,349160.0,4,33.0
0.876,0.5,-8.274,0,0.298,0.155,0.107,0.559,106.096,207993.0,4,44.0
0.807,0.458,-11.491,0,0.148,0.0813,0.0996,0.639,96.967,225384.0,4,49.0
0.246,0.605,-8.764,1,0.0398,3.35e-05,0.175,0.169,104.252,469987.0,5,19.0
0.599,0.681,-4.652,0,0.0341,0.118,0.211,0.57,83.961,266072.0,4,45.0
0.509,0.929,-5.17,0,0.38,0.00216,0.756,0.689,116.129,232699.0,4,39.0
0.582,0.502,-7.135,0,0.0305,0.255,0.15,0.427,86.144,206933.0,4,40.0
0.522,0.811,-5.343,0,0.0372,0.0263,0.299,0.466,92.889,202917.0,4,48.0
0.61,0.844,-3.586,1,0.0343,0.000142,0.145,0.449,129.39,168520.0,4,32.0
0.566,0.796,-5.436,0,0.0255,0.000541,0.121,0.406,130.986,220627.0,4,41.0
0.48,0.349,-15.027,0,0.0385,0.515,0.148,0.281,108.939,561067.0,3,40.0
0.783,0.678,-7.149,0,0.0543,0.0144,0.0734,0.101,147.056,93000.0,4,38.0
0.449,0.958,-6.602,0,0.123,5.33e-06,0.148,0.389,107.458,129373.0,4,32.0
0.277,0.663,-8.821,0,0.0377,0.000409,0.136,0.527,104.561,237027.0,4,78.0
0.345,0.614,-6.976,1,0.0357,0.0309,0.134,0.042,123.016,407533.0,4,33.0
0.41,0.804,-8.478,1,0.0454,0.00635,0.207,0.634,152.205,204360.0,4,44.0
0.375,0.336,-10.513,1,0.0308,0.0914,0.077,0.0759,93.988,216596.0,4,39.0
0.618,0.83,-10.65,0,0.0328,0.00188,0.704,0.516,107.233,360733.0,4,20.0
0.495,0.21,-16.945,1,0.0391,0.874,0.0917,0.491,113.427,251000.0,4,21.0
0.344,0.925,-4.157,1,0.0554,0.0106,0.0136,0.712,152.395,160280.0,4,56.0
0.277,0.479,-8.483,0,0.0495,0.585,0.16,0.483,53.905,230360.0,4,56.0
0.637,0.878,-5.09,0,0.0565,0.0154,0.362,0.684,152.074,189023.0,4,40.0
0.483,0.49,-4.736,1,0.0318,0.768,0.112,0.43,137.606,201561.0,4,45.0
0.383,0.893,-3.998,0,0.109,0.0325,0.146,0.558,178.077,211453.0,4,37.0
0.529,0.772,-4.967,0,0.0334,0.00745,0.0951,0.913,99.678,157714.0,4,41.0
0.535,0.804,-6.929,1,0.0458,0.00706,0.101,0.441,120.003,208970.0,4,28.0
0.824,0.555,-5.817,1,0.05,0.00337,0.217,0.0611,120.002,281273.0,4,64.0
0.507,0.668,-4.934,0,0.0309,0.668,0.0585,0.805,95.367,4.629333333,4,32.0
0.54,0.565,-10.648,1,0.0927,0.427,0.365,0.396,103.486,3.927866667,4,9.0
0.444,0.399,-7.673,1,0.0292,0.968,0.195,0.521,105.647,4.19955,4,17.0
0.446,0.973,-4.111,1,0.0539,0.0156,0.322,0.52,169.998,240840.0,4,29.0
0.333,0.538,-8.653,1,0.0325,0.557,0.0977,0.63,149.377,204000.0,4,69.0
0.605,0.377,-6.213,1,0.0443,0.733,0.0808,0.519,73.877,194853.0,4,83.0
0.437,0.984,-3.071,0,0.172,0.00471,0.324,0.331,76.002,240131.0,4,45.0
0.748,0.759,-8.927,1,0.032,0.0066,0.161,0.88,129.965,178485.0,4,25.0
0.425,0.515,-10.005,1,0.037,0.682,0.105,0.814,93.174,174587.0,4,49.0
0.558,0.768,-9.997,1,0.0343,0.121,0.124,0.429,81.909,260573.0,4,74.0
0.331,0.904,-6.297,0,0.0407,0.00629,0.413,0.923,154.675,104611.0,4,48.0
0.771,0.72,-11.742,1,0.0867,0.203,0.335,0.492,94.968,2.57,4,47.0
0.412,0.46,-13.222,0,0.0336,0.118,0.719,0.604,102.135,838157.0,4,38.0
0.525,0.989,-2.869,1,0.108,0.000216,0.384,0.223,102.495,186732.0,4,46.0
0.56,0.731,-6.121,1,0.0281,0.0472,0.282,0.4,99.978,244824.0,4,60.0
0.643,0.803,-6.971,1,0.045,0.00189,0.145,0.634,121.001,359934.0,4,53.0
0.565,0.212,-15.718,1,0.0518,0.807,0.104,0.489,77.386,5.167116667,4,47.0
0.592,0.817,-3.997,1,0.0436,0.0503,0.209,0.53,124.02,233364.0,4,41.0
0.296,0.764,-8.241,1,0.0563,0.118,0.145,0.113,167.999,2.775066667,4,22.0
0.571,0.852,-5.752,1,0.0323,0.0418,0.0527,0.804,92.155,317773.0,4,41.0
0.454,0.43,-10.657,1,0.04,0.585,0.102,0.0703,138.607,2.80591667,5,46.0
0.789,0.536,-6.862,1,0.242,0.41,0.129,0.437,81.039,2.76543333,4,89.0
0.98,0.413,-11.052,0,0.101,0.671,0.17,0.764,119.993,180139.0,4,82.0
0.524,0.977,-2.723,1,0.0874,0.000462,0.26,0.415,102.525,154531.0,4,31.0
0.905,0.528,-5.116,1,0.0721,0.351,0.149,0.179,105.99,113238.0,4,54.0
0.329,0.392,-8.441,0,0.0362,0.799,0.117,0.333,87.664,218526.0,1,55.0
0.718,0.548,-7.703,1,0.0247,0.288,0.23,0.349,96.947,150947.0,4,18.0
0.522,0.336,-8.577,1,0.0275,0.714,0.109,0.566,90.646,106881.0,4,73.0
0.586,0.897,-3.661,1,0.0592,0.233,0.0523,0.773,100.133,295747.0,4,24.0
0.355,0.872,-5.877,1,0.0644,5.28e-05,0.2,0.208,76.037,242475.0,4,42.0
0.464,0.919,-2.497,1,0.111,0.00315,0.154,0.703,167.865,151588.0,4,49.0
0.523,0.803,-5.189,0,0.045,0.579,0.0948,0.898,132.316,145293.0,4,63.0
0.729,0.546,-9.305,1,0.0285,0.547,0.0651,0.406,119.941,3.54378333,4,63.0
0.544,0.519,-7.536,0,0.0637,0.357,0.482,0.327,161.891,186890.0,4,33.0
0.659,0.736,-7.594,1,0.0345,0.112,0.106,0.426,137.461,251340.0,4,37.0
0.612,0.562,-11.215,0,0.0338,0.00918,0.117,0.497,142.825,268733.0,4,32.0
0.475,0.719,-7.684,1,0.0437,0.0562,0.0669,0.869,88.136,208550.0,3,32.0
0.578,0.894,-4.671,1,0.0593,0.00158,0.383,0.522,139.99,153040.0,4,65.0
0.497,0.886,-3.314,1,0.0435,0.00929,0.198,0.508,100.118,283040.0,4,37.0
0.332,0.823,-8.09,1,0.0357,0.0118,0.105,0.454,150.299,340627.0,4,43.0
0.559,0.943,-7.119,0,0.053,2.38e-05,0.112,0.146,112.963,375187.0,4,45.0
0.8,0.851,-5.077,0,0.0299,0.0845,0.321,0.818,115.959,210200.0,4,35.0
0.954,0.696,-7.117,0,0.204,0.00576,0.0754,0.432,100.036,139413.0,4,77.0
0.525,0.66,-8.17,0,0.0399,0.149,0.114,0.289,121.496,215827.0,4,22.0
0.693,0.683,-4.621,0,0.032,0.111,0.171,0.94,121.817,202747.0,4,19.0
0.534,0.656,-11.192,0,0.0311,0.0142,0.113,0.384,123.879,287000.0,4,33.0
0.133,0.691,-7.003,1,0.0362,0.0149,0.143,0.184,171.764,228453.0,4,12.0
0.544,0.899,-5.081,1,0.0355,0.00588,0.112,0.479,126.954,160267.0,4,12.0
0.18,0.915,-6.855,1,0.0946,0.0224,0.0929,0.101,94.578,215360.0,1,54.0
0.448,0.247,-10.454,0,0.0466,0.943,0.109,0.276,134.5,218293.0,4,58.0
0.618,0.707,-7.242,1,0.0372,0.0673,0.107,0.434,157.21,272360.0,4,47.0
0.531,0.623,-7.383,1,0.0233,0.0965,0.164,0.452,100.006,235462.0,4,33.0
0.382,0.932,-3.726,0,0.0716,3.5e-05,0.243,0.57,179.581,218707.0,4,62.0
0.55,0.755,-7.64,1,0.0903,0.0572,0.14,0.614,88.171,271000.0,4,40.0
0.323,0.525,-13.084,1,0.0382,0.621,0.104,0.081,84.033,256387.0,4,17.0
0.467,0.481,-10.17,1,0.0233,0.034,0.106,0.328,80.043,231733.0,4,53.0
0.377,0.808,-7.116,1,0.0373,0.00623,0.523,0.67,92.853,253627.0,4,10.0
0.606,0.338,-11.33,1,0.026,0.953,0.109,0.201,77.943,197507.0,4,47.0
0.477,0.965,-3.245,0,0.155,0.000706,0.301,0.584,110.015,222253.0,4,54.0
0.709,0.757,-7.006,1,0.0408,0.434,0.336,0.852,140.664,3.61155,4,61.0
0.404,0.996,-2.738,1,0.141,4.34e-06,0.303,0.185,187.018,245853.0,4,43.0
0.443,0.974,-5.784,0,0.0678,0.000847,0.789,0.571,196.766,87865.0,4,27.0
0.593,0.626,-11.287,1,0.0317,0.0931,0.218,0.753,150.483,366827.0,4,58.0
0.595,0.639,-3.159,1,0.275,0.0663,0.0588,0.7,95.912,233227.0,4,37.0
0.381,0.597,-8.669,1,0.0313,0.521,0.203,0.463,174.108,274764.0,4,25.0
0.574,0.345,-7.868,1,0.0761,0.674,0.0875,0.403,137.665,213107.0,4,50.0
0.597,0.762,-8.199,0,0.0321,0.189,0.0821,0.566,121.993,185813.0,4,45.0
0.299,0.666,-7.244,0,0.0419,0.00191,0.111,0.24,85.404,393027.0,4,40.0
0.724,0.806,-3.993,1,0.175,0.054,0.053,0.449,102.924,152824.0,4,68.0
0.685,0.573,-7.085,0,0.051,0.208,0.12,0.182,113.876,221485.0,4,52.0
0.612,0.264,-14.132,1,0.0339,0.723,0.371,0.5,131.611,3.643183333,4,37.0
0.35,0.829,-5.694,1,0.0681,0.155,0.483,0.435,122.361,165314.0,4,6.0
0.572,0.81,-7.407,1,0.0274,8.52e-05,0.0998,0.313,98.459,216200.0,4,55.0
0.505,0.954,-4.276,0,0.033,0.000395,0.421,0.616,149.997,211294.0,4,39.0
0.531,0.648,-7.638,1,0.209,0.712,0.0973,0.799,86.739,269413.0,4,65.0
0.64,0.902,-3.822,1,0.0437,0.0198,0.105,0.847,87.033,169267.0,4,48.0
0.466,0.877,-6.253,1,0.0535,0.00104,0.2,0.223,121.041,218288.0,4,31.0
0.712,0.0862,-17.696,1,0.0325,0.814,0.191,0.315,90.666,115293.0,3,51.0
0.739,0.494,-7.889,0,0.0482,0.455,0.0971,0.565,135.986,189044.0,4,36.0
0.379,0.741,-8.546,1,0.165,0.684,0.336,0.578,87.618,7.987116667,4,32.0
0.464,0.576,-8.315,1,0.0343,0.477,0.118,0.0666,143.931,275172.0,4,42.0
0.473,0.348,-11.1,1,0.0288,0.721,0.0823,0.283,107.819,215853.0,4,69.0
0.688,0.464,-9.119,0,0.0317,0.448,0.0987,0.401,91.985,336920.0,4,34.0
0.836,0.726,-5.066,0,0.182,0.119,0.105,0.902,144.995,227760.0,4,42.0
0.473,0.783,-10.671,0,0.0869,0.0125,0.268,0.124,91.976,340640.0,4,66.0
0.323,0.515,-9.314,1,0.0289,0.484,0.0733,0.0366,126.689,274867.0,4,39.0
0.569,0.743,-6.947,0,0.0504,0.0492,0.13,0.767,81.501,208402.0,4,42.0
0.692,0.112,-10.944,1,0.0428,0.678,0.197,0.429,109.849,224867.0,4,36.0
0.489,0.975,-3.861,1,0.122,2.58e-05,0.322,0.461,158.014,156097.0,4,22.0
0.709,0.57,-9.574,0,0.352,0.9,0.0784,0.605,80.003,150073.0,4,62.0
0.511,0.643,-5.737,1,0.0287,0.137,0.201,0.604,83.005,4.06355,4,22.0
0.587,0.788,-6.198,1,0.311,0.00969,0.0459,0.821,111.276,175405.0,4,52.0
0.376,0.837,-6.927,1,0.0555,7.8e-05,0.212,0.224,115.859,225335.0,4,32.0
0.82,0.658,-7.197,1,0.151,0.0289,0.244,0.647,141.956,145352.0,4,31.0
0.64,0.663,-7.516,1,0.0374,0.201,0.152,0.663,132.77,2.34621667,4,81.0
0.32,0.798,-7.078,0,0.124,0.00033,0.176,0.74,84.696,209040.0,4,69.0
0.516,0.698,-8.008,1,0.031,0.00741,0.575,0.227,84.014,181397.0,4,32.0
0.515,0.974,-3.211,1,0.047,2.61e-05,0.252,0.856,145.891,204010.0,4,38.0
0.365,0.923,-4.459,0,0.139,0.00103,0.391,0.203,177.988,295227.0,4,53.0
0.475,0.104,-21.265,0,0.0365,0.932,0.0966,0.122,115.003,6.479116667,4,48.0
0.29,0.717,-9.439,0,0.0556,2.71e-05,0.706,0.236,110.271,348640.0,4,41.0
0.259,0.952,-4.175,1,0.134,0.00019,0.405,0.212,107.977,250307.0,3,43.0
0.51,0.963,-3.659,1,0.0422,0.00111,0.743,0.732,129.035,189249.0,4,54.0
0.683,0.47,-15.561,1,0.0494,0.0268,0.11,0.205,128.02,293709.0,4,43.0
0.424,0.157,-18.141,1,0.0428,0.95,0.101,0.342,91.537,171653.0,4,65.0
0.604,0.515,-6.242,1,0.0247,0.0176,0.113,0.416,106.99,210365.0,4,32.0
0.654,0.491,-11.715,0,0.252,0.0809,0.369,0.807,142.037,158000.0,4,74.0
0.913,0.351,-13.57,0,0.354,0.0102,0.401,0.727,91.499,175707.0,4,41.0
0.52,0.219,-13.53,1,0.037,0.929,0.121,0.158,115.459,4.5052,4,47.0
0.848,0.758,-6.866,1,0.31,0.252,0.363,0.816,143.032,190938.0,4,69.0
0.555,0.669,-7.46,0,0.0311,0.0459,0.105,0.691,167.652,202600.0,4,40.0
0.593,0.626,-11.287,1,0.0317,0.0931,0.218,0.753,150.483,366827.0,4,58.0
0.394,0.852,-7.449,1,0.0742,0.00533,0.35,0.553,148.188,280293.0,4,37.0
0.621,0.799,-10.119,1,0.0648,0.0668,0.111,0.739,157.925,198228.0,4,45.0
0.559,0.878,-4.341,0,0.0403,0.000471,0.218,0.597,137.114,211045.0,4,55.0
0.459,0.465,-13.564,1,0.0388,0.11,0.0915,0.117,123.94,337600.0,4,46.0
0.504,0.907,-3.287,0,0.0641,0.00133,0.187,0.275,126.991,219211.0,4,28.0
0.763,0.742,-10.975,0,0.188,0.0984,0.38,0.483,98.145,268910.0,4,64.0
0.432,0.885,-4.555,1,0.104,0.371,0.928,0.35,143.858,7.416,4,27.0
0.737,0.615,-7.971,1,0.0682,0.0516,0.0954,0.717,109.992,170087.0,4,62.0
0.574,0.31,-10.547,1,0.0376,0.813,0.111,0.279,99.043,216402.0,4,64.0
0.78,0.389,-8.877,0,0.0776,0.491,0.0699,0.188,121.919,169749.0,3,66.0
0.272,0.281,-7.634,1,0.0287,0.388,0.158,0.141,89.914,240400.0,4,66.0
0.495,0.176,-15.763,1,0.0338,0.751,0.0854,0.154,129.149,329000.0,4,23.0
0.259,0.971,-3.243,1,0.154,0.00128,0.21,0.732,184.341,220173.0,4,39.0
0.597,0.587,-7.026,0,0.137,0.0622,0.214,0.0753,140.021,218802.0,4,86.0
0.241,0.728,-4.92,1,0.043,0.000242,0.124,0.366,77.499,190672.0,4,41.0
0.338,0.673,-7.67,0,0.0459,0.00344,0.211,0.132,112.255,270416.0,4,58.0
0.715,0.522,-9.451,0,0.0945,0.708,0.118,0.503,82.003,240026.0,4,27.0
0.62,0.694,-9.496,0,0.0663,0.0409,0.0996,0.109,125.031,332000.0,4,34.0
0.525,0.923,-5.217,0,0.0929,0.0265,0.454,0.668,155.114,197093.0,4,48.0
0.78,0.684,-5.55,0,0.0657,0.308,0.105,0.778,95.035,216027.0,4,37.0
0.556,0.516,-5.977,0,0.371,0.476,0.138,0.589,90.977,129720.0,4,46.0
0.514,0.638,-5.033,1,0.0861,0.0204,0.327,0.521,173.628,353347.0,4,49.0
0.497,0.663,-3.813,0,0.0381,0.164,0.257,0.0661,149.744,239680.0,4,34.0
0.571,0.919,-6.568,1,0.0719,0.00171,0.227,0.321,121.01,203667.0,4,42.0
0.325,0.903,-3.173,1,0.117,0.00327,0.0962,0.401,148.446,218600.0,4,63.0
0.73,0.404,-9.225,1,0.0389,0.404,0.308,0.425,97.926,185027.0,4,29.0
0.732,0.922,-1.829,0,0.0975,0.0348,0.146,0.589,120.033,218250.0,4,64.0
0.462,0.791,-11.879,1,0.0937,0.257,0.251,0.59,77.977,180880.0,4,15.0
0.37,0.467,-6.973,1,0.0411,0.442,0.109,0.162,137.796,3.912033333,4,65.0
0.341,0.552,-10.503,1,0.0423,8.02e-05,0.0591,0.486,121.361,182493.0,4,64.0
0.26,0.997,-3.877,1,0.145,0.0174,0.158,0.216,173.717,119027.0,4,24.0
0.663,0.819,-5.046,0,0.185,0.528,0.527,0.797,120.057,201482.0,4,29.0
0.723,0.449,-15.639,1,0.0766,0.0393,0.0947,0.935,83.018,108540.0,4,17.0
0.734,0.743,-6.496,0,0.0377,0.102,0.323,0.717,104.078,139625.0,4,32.0
0.384,0.735,-6.522,1,0.0317,0.0252,0.114,0.312,137.834,246267.0,4,60.0
0.784,0.462,-5.091,0,0.0548,0.207,0.106,0.744,86.004,196562.0,4,58.0
0.464,0.131,-13.945,1,0.0383,0.989,0.102,0.289,137.149,3.248116667,3,47.0
0.545,0.488,-10.95,1,0.0282,0.75,0.0779,0.447,118.118,302880.0,4,57.0
0.533,0.982,-1.409,0,0.091,0.0149,0.107,0.627,142.276,182667.0,4,51.0
0.5,0.85,-7.759,1,0.0493,0.000406,0.121,0.434,76.976,340281.0,4,59.0
0.536,0.808,-13.407,1,0.0439,0.0579,0.117,0.678,122.408,351867.0,4,50.0
0.531,0.686,-6.321,0,0.109,0.0669,0.0999,0.509,109.096,337007.0,5,27.0
0.562,0.395,-9.503,1,0.0388,0.758,0.228,0.37,109.101,245628.0,4,46.0
0.54,0.453,-7.336,1,0.0256,0.579,0.113,0.571,137.897,4.3472,4,43.0
0.495,0.472,-9.199,1,0.0404,0.138,0.118,0.143,112.519,211000.0,3,27.0
0.809,0.876,-6.504,1,0.0602,0.0192,0.372,0.835,118.982,221875.0,4,58.0
0.521,0.512,-6.169,1,0.0279,0.0581,0.0972,0.125,127.963,3.454666667,4,34.0
0.57,0.989,-3.299,1,0.0715,0.0163,0.418,0.488,133.965,203093.0,4,30.0
0.583,0.862,-4.387,1,0.0575,0.0468,0.256,0.422,105.998,204840.0,4,53.0
0.585,0.842,-5.883,0,0.0556,0.00242,0.0866,0.428,118.211,237040.0,4,68.0
0.613,0.52,-12.996,1,0.0368,0.889,0.0841,0.61,69.186,217120.0,4,32.0
0.608,0.826,-5.144,0,0.23,0.135,0.11,0.656,149.93,256000.0,5,16.0
0.334,0.968,-2.544,1,0.131,2.93e-05,0.449,0.149,153.818,257867.0,4,55.0
0.465,0.566,-9.161,0,0.0935,0.736,0.218,0.632,177.28,592507.0,4,33.0
0.456,0.754,-3.875,0,0.0298,0.195,0.292,0.521,109.825,255880.0,4,47.0
0.496,0.646,-8.306,0,0.132,0.331,0.0579,0.447,175.049,408760.0,3,8.0
0.248,0.461,-10.009,0,0.0404,0.0339,0.114,0.0372,127.615,383920.0,4,32.0
0.554,0.792,-3.809,1,0.0263,0.237,0.121,0.237,137.484,195351.0,4,57.0
0.543,0.723,-4.892,1,0.0499,0.165,0.11,0.428,143.028,2.95045,4,72.0
0.753,0.22,-15.902,1,0.0362,0.994,0.121,0.738,88.053,214227.0,4,18.0
0.501,0.745,-5.787,1,0.0391,0.000174,0.126,0.165,173.097,207627.0,4,43.0
0.543,0.99,-3.116,1,0.15,0.00121,0.416,0.2,111.98,189467.0,4,56.0
0.281,0.916,-4.676,1,0.0655,0.0282,0.157,0.532,146.645,283693.0,4,49.0
0.669,0.629,-6.032,0,0.0657,0.0485,0.346,0.683,125.935,139729.0,4,80.0
0.373,0.216,-11.41,1,0.0326,0.955,0.0739,0.496,129.03,171413.0,4,45.0
0.713,0.735,-5.502,0,0.051,0.000879,0.235,0.501,125.995,257263.0,4,54.0
0.581,0.791,-6.872,1,0.07,0.00141,0.0716,0.582,161.927,201852.0,4,46.0
0.82,0.679,-5.996,1,0.394,0.756,0.277,0.593,143.748,135224.0,4,53.0
0.36,0.679,-8.924,0,0.0432,0.00531,0.0998,0.369,148.049,219606.0,4,31.0
0.291,0.963,-4.671,0,0.138,0.00128,0.352,0.118,104.984,231643.0,4,29.0
0.472,0.821,-5.965,1,0.0832,5.52e-05,0.0581,0.336,142.1,442500.0,4,26.0
0.317,0.898,-5.411,1,0.0986,1.93e-05,0.359,0.665,122.994,268973.0,4,27.0
0.674,0.695,-7.656,1,0.109,0.195,0.102,0.336,139.848,212570.0,4,30.0
0.489,0.913,-9.152,0,0.0479,0.00015,0.0703,0.539,135.756,171747.0,4,64.0
0.602,0.395,-4.749,1,0.027,0.113,0.243,0.209,129.942,240782.0,4,56.0
0.626,0.879,-6.6,0,0.0777,0.0228,0.0471,0.878,108.434,240629.0,4,57.0
0.541,0.153,-10.654,1,0.0303,0.882,0.16,0.359,139.644,176972.0,4,83.0
0.141,0.938,-4.221,1,0.065,7.68e-05,0.434,0.0359,139.186,314907.0,5,38.0
0.469,0.418,-9.739,1,0.248,0.828,0.129,0.729,200.9,183133.0,4,14.0
0.679,0.804,-3.886,1,0.0439,0.0857,0.19,0.64,80.981,167127.0,4,58.0
0.473,0.0506,-19.254,1,0.113,0.993,0.11,0.339,87.552,3.043583333,3,47.0
0.531,0.378,-12.876,1,0.0408,0.0227,0.315,0.0732,98.423,236375.0,4,36.0
0.722,0.667,-3.924,0,0.194,0.585,0.201,0.662,142.226,195134.0,4,48.0
0.818,0.705,-6.679,1,0.177,0.00836,0.613,0.772,138.559,222640.0,4,82.0
0.668,0.645,-5.986,0,0.0483,0.0131,0.138,0.424,155.013,164118.0,4,3.0
0.774,0.696,-5.297,1,0.0585,0.479,0.199,0.877,110.956,255693.0,4,9.0
0.687,0.793,-4.254,1,0.166,0.0603,0.582,0.751,107.045,205733.0,4,76.0
0.236,0.14,-13.478,1,0.0343,0.916,0.087,0.123,76.805,4.3121,4,62.0
0.529,0.828,-6.686,1,0.0361,0.235,0.184,0.342,132.033,297000.0,4,33.0
0.441,0.854,-5.509,0,0.486,0.00274,0.175,0.597,81.309,334787.0,4,39.0
0.555,0.528,-8.033,1,0.0267,0.613,0.122,0.162,159.8,285480.0,4,71.0
0.529,0.455,-8.603,1,0.0274,0.0424,0.364,0.318,138.678,233373.0,4,51.0
0.332,0.725,-5.809,0,0.116,0.000209,0.0767,0.422,182.364,366347.0,4,63.0
0.516,0.522,-9.742,1,0.026,0.0488,0.155,0.249,130.064,243136.0,4,24.0
0.677,0.455,-8.856,1,0.0888,0.403,0.111,0.523,154.214,208391.0,4,43.0
0.718,0.836,-6.219,1,0.0345,0.536,0.822,0.957,122.237,162960.0,4,22.0
0.511,0.967,-1.721,1,0.0995,2.43e-05,0.308,0.351,141.336,203560.0,4,44.0
0.372,0.581,-10.344,1,0.0304,0.0106,0.0979,0.143,96.214,362067.0,4,25.0
0.481,0.97,-2.684,0,0.0695,1.23e-05,0.206,0.345,100.013,240525.0,4,58.0
0.337,0.809,-2.969,0,0.0327,0.00738,0.319,0.319,145.879,258200.0,4,57.0
0.879,0.574,-5.602,0,0.391,0.519,0.144,0.346,144.911,243463.0,4,80.0
0.459,0.973,-5.917,0,0.0672,0.000718,0.39,0.417,144.95,248320.0,4,30.0
0.542,0.398,-6.533,1,0.0263,0.75,0.104,0.561,78.063,193467.0,4,53.0
0.14,0.641,-10.435,1,0.0422,0.000243,0.108,0.352,170.207,256573.0,4,59.0
0.649,0.798,-5.589,0,0.0264,0.136,0.269,0.792,111.941,247051.0,4,35.0
0.56,0.825,-6.711,0,0.0347,0.000785,0.0892,0.74,142.669,212600.0,4,70.0
0.876,0.42,-18.246,0,0.279,0.188,0.0668,0.706,98.304,275342.0,4,60.0
0.42,0.835,-4.231,1,0.364,0.0733,0.102,0.389,176.944,155455.0,4,36.0
0.797,0.847,-1.79,0,0.237,0.384,0.0566,0.962,100.178,234773.0,4,47.0
0.376,0.399,-10.328,1,0.0401,0.027,0.192,0.487,70.212,141307.0,4,20.0
0.433,0.943,-4.483,1,0.0673,1.46e-05,0.222,0.262,96.006,230613.0,4,34.0
0.418,0.915,-7.245,0,0.0655,0.00159,0.063,0.27,199.998,246109.0,4,12.0
0.378,0.985,-3.86,1,0.262,0.00827,0.534,0.41,193.035,213133.0,4,52.0
0.84,0.6,-8.323,0,0.14,0.262,0.0955,0.489,150.053,144244.0,4,58.0
0.756,0.73,-7.833,1,0.0706,0.133,0.331,0.65,104.966,205733.0,4,55.0
0.206,0.988,-1.986,1,0.302,0.000454,0.0568,0.224,96.955,240202.0,4,37.0
0.747,0.342,-12.199,1,0.0584,0.824,0.092,0.354,127.998,256040.0,4,41.0
0.481,0.827,-6.83,1,0.0361,4.67e-06,0.19,0.0345,102.033,289289.0,4,44.0
0.623,0.86,-10.802,0,0.0857,0.189,0.0685,0.837,165.483,6.003783333,4,20.0
0.494,0.767,-6.291,1,0.0342,0.0726,0.194,0.627,150.076,190586.0,4,36.0
0.235,0.724,-5.852,1,0.0403,0.00145,0.34,0.159,72.251,189093.0,4,14.0
0.529,0.508,-4.938,1,0.0507,0.872,0.265,0.714,65.809,4.256216667,3,18.0
0.565,0.468,-8.959,0,0.047,0.794,0.216,0.079,155.006,209806.0,4,43.0
0.763,0.704,-4.818,1,0.308,0.275,0.108,0.735,90.005,205640.0,4,65.0
0.695,0.757,-10.814,1,0.072,0.00182,0.0997,0.4,127.009,215330.0,4,29.0
0.568,0.434,-14.17,1,0.0379,0.639,0.229,0.694,147.388,134067.0,4,36.0
0.771,0.824,-5.33,0,0.429,0.000449,0.0849,0.84,122.017,179016.0,4,17.0
0.783,0.891,-4.402,0,0.309,0.513,0.127,0.872,102.065,211912.0,4,42.0
0.558,0.057,-24.249,1,0.0535,0.909,0.0929,0.289,78.852,276133.0,4,37.0
0.606,0.749,-4.038,0,0.158,0.0882,0.567,0.742,158.038,200956.0,4,38.0
0.381,0.65,-5.706,1,0.0318,0.00183,0.333,0.152,154.773,224860.0,3,59.0
0.131,0.0621,-23.623,1,0.0458,0.847,0.104,0.231,70.019,6.549116667,4,25.0
0.45,0.561,-7.491,1,0.129,0.824,0.228,0.522,169.867,429400.0,3,49.0
0.603,0.868,-7.879,0,0.0887,0.0136,0.0767,0.679,131.532,155720.0,4,55.0
0.342,0.976,-4.585,1,0.199,0.148,0.303,0.524,207.906,290160.0,4,21.0
0.632,0.76,-4.798,0,0.0342,0.00245,0.0494,0.671,119.95,257758.0,4,58.0
0.707,0.704,-8.159,1,0.0416,0.658,0.0799,0.138,134.007,252537.0,4,44.0
0.307,0.992,-1.846,0,0.261,0.000321,0.363,0.21,76.318,231000.0,4,36.0
0.341,0.969,-7.105,0,0.113,6.36e-06,0.985,0.258,194.976,335310.0,4,31.0
0.535,0.498,-8.768,1,0.0346,0.0184,0.191,0.334,150.031,8.51725,1,25.0
0.628,0.926,-5.156,0,0.0603,0.386,0.383,0.803,111.171,170093.0,4,42.0
0.418,0.907,-8.694,1,0.257,0.517,0.148,0.523,174.879,200113.0,4,13.0
0.5,0.245,-10.208,1,0.03,0.929,0.108,0.507,83.957,4.108216667,3,24.0
0.362,0.979,-4.192,1,0.215,0.0126,0.309,0.254,171.22,241067.0,4,47.0
0.627,0.832,-5.603,0,0.0356,0.0146,0.0917,0.674,121.995,204547.0,4,38.0
0.524,0.808,-8.979,1,0.441,0.841,0.317,0.934,97.115,3.89045,4,3.0
0.363,0.72,-6.612,0,0.113,0.173,0.0822,0.376,171.863,199407.0,4,46.0
0.6,0.716,-5.13,1,0.0252,0.625,0.124,0.624,135.026,277227.0,4,25.0
0.42,0.825,-5.343,1,0.0468,0.000559,0.183,0.307,152.934,221240.0,4,54.0
0.654,0.721,-6.243,0,0.029,0.193,0.365,0.607,103.984,171013.0,4,41.0
0.396,0.947,-2.652,0,0.0477,0.00115,0.089,0.443,93.043,441132.0,4,60.0
0.4,0.576,-14.15,1,0.0386,0.354,0.438,0.538,106.103,6.037783333,4,42.0
0.498,0.949,-4.367,0,0.0575,0.000324,0.0783,0.517,95.027,180691.0,3,55.0
0.588,0.841,-4.374,1,0.0802,0.144,0.0369,0.682,92.992,194332.0,4,48.0
0.485,0.792,-9.152,0,0.0249,0.00119,0.0807,0.303,100.563,281893.0,4,28.0
0.618,0.484,-6.0,1,0.11,0.835,0.182,0.813,115.757,212067.0,3,10.0
0.608,0.79,-6.086,1,0.156,0.0666,0.325,0.851,155.18,180314.0,4,57.0
0.564,0.932,-10.068,1,0.0554,0.013,0.349,0.619,112.937,146250.0,4,77.0
0.701,0.558,-8.002,1,0.0285,0.814,0.15,0.408,135.963,297955.0,4,41.0
0.664,0.433,-9.75,1,0.0673,0.317,0.131,0.4,82.937,129397.0,4,8.0
0.795,0.329,-14.475,0,0.0297,0.769,0.111,0.214,102.484,191493.0,4,54.0
0.796,0.635,-11.872,1,0.0469,0.322,0.113,0.825,97.791,380493.0,4,14.0
0.546,0.946,-2.287,0,0.0495,0.000108,0.0688,0.814,121.995,198453.0,4,54.0
0.645,0.797,-5.943,0,0.132,0.0363,0.247,0.367,129.956,351240.0,4,35.0
0.749,0.46,-7.147,1,0.0433,0.738,0.0727,0.66,95.801,136147.0,4,27.0
0.54,0.728,-7.253,1,0.0829,0.0848,0.0379,0.616,159.994,178500.0,4,44.0
0.697,0.588,-9.416,1,0.0759,0.305,0.117,0.816,115.339,2.714,4,17.0
0.421,0.104,-21.792,1,0.0562,0.967,0.131,0.198,108.954,6.991333333,4,43.0
0.878,0.475,-8.42,0,0.324,0.00984,0.167,0.397,131.988,211610.0,4,72.0
0.869,0.552,-10.586,0,0.079,0.0399,0.128,0.811,114.005,206165.0,4,48.0
0.482,0.883,-3.348,1,0.0754,0.0891,0.266,0.594,80.687,253805.0,4,54.0
0.681,0.372,-8.237,1,0.0432,0.64,0.169,0.476,91.873,201000.0,4,80.0
0.549,0.169,-16.415,1,0.0401,0.925,0.112,0.15,115.063,2.5992,3,44.0
0.707,0.77,-9.284,1,0.0828,0.179,0.0867,0.849,118.992,140507.0,4,36.0
0.273,0.889,-7.038,1,0.0998,0.00878,0.411,0.22,130.041,358283.0,4,23.0
0.713,0.204,-16.074,1,0.0311,0.759,0.147,0.18,112.292,3.151083333,4,41.0
0.438,0.78,-11.26,1,0.0579,0.0969,0.723,0.84,138.933,709333.0,4,43.0
0.799,0.693,-8.279,0,0.0484,0.0698,0.0453,0.789,98.031,253693.0,4,19.0
0.508,0.121,-20.006,1,0.0381,0.937,0.403,0.568,114.578,146307.0,4,28.0
0.389,0.698,-7.214,0,0.0314,0.00026,0.135,0.405,90.853,3.681966667,4,22.0
0.354,0.731,-9.178,1,0.0382,0.0812,0.115,0.697,170.633,471160.0,4,3.0
0.414,0.302,-16.19,0,0.0272,0.918,0.125,0.423,144.989,2.962166667,3,38.0
0.733,0.762,-6.516,0,0.068,0.000433,0.384,0.749,130.005,288000.0,4,41.0
0.278,0.962,-5.284,0,0.112,0.00229,0.32,0.322,169.921,201547.0,4,42.0
0.473,0.757,-5.103,1,0.0483,0.000727,0.151,0.425,168.005,181216.0,4,54.0
0.377,0.894,-5.028,1,0.103,0.826,0.373,0.757,146.967,7.27645,4,9.0
0.63,0.902,-4.265,1,0.103,0.00427,0.328,0.759,120.964,214641.0,4,49.0
0.424,0.215,-10.49,0,0.0336,0.958,0.119,0.225,173.616,313879.0,3,40.0
0.0961,0.425,-7.878,1,0.0396,0.0138,0.136,0.19,160.107,404706.0,4,20.0
0.883,0.622,-7.968,1,0.35,0.0266,0.0869,0.499,92.969,264533.0,4,49.0
0.491,0.917,-3.055,1,0.0685,0.000446,0.232,0.318,129.097,268519.0,4,33.0
0.5,0.714,-7.949,1,0.0307,0.471,0.079,0.872,143.469,167093.0,4,27.0
0.459,0.11,-15.049,0,0.0352,0.89,0.118,0.329,66.662,256512.0,4,45.0
0.689,0.582,-6.778,1,0.0236,0.119,0.101,0.883,99.021,2.921333333,4,70.0
0.292,0.933,-4.371,1,0.064,0.000221,0.473,0.296,202.012,210333.0,4,55.0
0.528,0.756,-8.53,1,0.0289,0.322,0.0849,0.724,135.45,149240.0,4,23.0
0.35,0.782,-6.944,0,0.161,0.000711,0.128,0.568,164.661,241827.0,4,34.0
0.579,0.331,-7.532,0,0.0288,0.585,0.172,0.139,117.33,178280.0,4,57.0
0.531,0.481,-11.709,0,0.06,0.699,0.0842,0.491,138.45,516893.0,4,75.0
0.502,0.685,-11.596,0,0.0608,0.048,0.394,0.315,96.988,573306.0,4,7.0
0.492,0.708,-4.639,1,0.0334,0.0975,0.12,0.697,161.989,3.38395,4,69.0
0.653,0.833,-11.343,0,0.0635,0.00151,0.335,0.807,135.087,4.533333333,4,29.0
0.643,0.703,-5.573,1,0.0913,0.0218,0.0964,0.246,95.041,3.5954,4,50.0
0.604,0.111,-14.403,1,0.034,0.979,0.083,0.126,100.084,9.821783333,4,49.0
0.474,0.949,-4.624,0,0.0498,0.0184,0.799,0.646,140.189,256630.0,4,24.0
0.614,0.684,-5.79,1,0.157,0.247,0.0976,0.258,156.85,245700.0,4,70.0
0.707,0.547,-9.021,0,0.0389,0.43,0.101,0.767,78.0,235507.0,4,66.0
0.407,0.682,-9.066,1,0.0431,0.00215,0.0618,0.0519,122.011,344587.0,4,34.0
0.633,0.469,-6.082,1,0.11,0.479,0.118,0.665,77.589,209120.0,4,25.0
0.733,0.726,-9.894,0,0.0366,0.278,0.173,0.0823,117.991,249080.0,4,37.0
0.365,0.94,-3.325,0,0.151,0.000727,0.093,0.318,199.918,252300.0,4,44.0
0.328,0.726,-3.935,1,0.0312,0.0286,0.167,0.21,134.639,277387.0,4,62.0
0.348,0.973,-4.818,0,0.0716,0.000457,0.135,0.374,152.235,133067.0,1,47.0
0.31,0.687,-14.263,0,0.0968,0.0883,0.0957,0.042,203.117,292794.0,3,27.0
0.376,0.741,-6.192,1,0.0881,4.52e-05,0.0277,0.584,122.44,149973.0,3,34.0
0.529,0.122,-16.629,0,0.065,0.981,0.0935,0.328,119.635,3.305333333,3,39.0
0.488,0.621,-12.605,0,0.0296,0.0728,0.0847,0.557,98.091,149388.0,4,41.0
0.433,0.863,-4.941,0,0.0565,0.00148,0.0931,0.425,125.021,242407.0,4,59.0
0.307,0.869,-4.433,1,0.0452,0.0801,0.205,0.514,139.167,282557.0,4,32.0
0.137,0.833,-7.031,1,0.0633,5.15e-05,0.0933,0.22,157.976,296078.0,4,11.0
0.406,0.255,-13.243,1,0.0331,0.952,0.11,0.0808,77.739,2.13325,4,35.0
0.426,0.744,-10.153,1,0.0636,0.00143,0.18,0.655,134.714,353693.0,4,29.0
0.652,0.894,-5.145,0,0.0409,0.00404,0.124,0.76,132.03,277397.0,4,66.0
0.653,0.926,-4.579,1,0.0329,0.0361,0.123,0.603,106.998,206400.0,4,30.0
0.492,0.942,-1.574,0,0.0757,0.00302,0.0531,0.845,168.026,180640.0,4,40.0
0.736,0.811,-4.17,0,0.081,0.00132,0.107,0.609,103.502,216733.0,4,72.0
0.308,0.747,-5.434,1,0.037,0.0645,0.431,0.278,139.454,356160.0,4,67.0
0.693,0.875,-8.354,0,0.0315,0.00971,0.0601,0.901,120.048,259387.0,4,68.0
0.548,0.765,-7.873,0,0.304,0.675,0.14,0.652,136.76,153954.0,4,34.0
0.436,0.852,-7.491,0,0.0556,0.000105,0.105,0.301,140.028,303347.0,4,37.0
0.665,0.456,-9.745,1,0.0331,0.804,0.14,0.823,112.056,194203.0,4,40.0
0.534,0.596,-10.289,1,0.388,0.641,0.276,0.908,185.733,214867.0,4,56.0
0.717,0.111,-13.805,1,0.0873,0.931,0.107,0.15,82.181,154667.0,4,46.0
0.833,0.918,-3.053,1,0.176,0.177,0.0535,0.646,82.774,214533.0,4,8.0
0.611,0.507,-13.832,0,0.0424,0.382,0.732,0.0841,119.939,300250.0,4,31.0
0.546,0.867,-4.235,0,0.0354,0.0256,0.221,0.189,127.988,322040.0,4,57.0
0.204,0.897,-2.32,1,0.0986,0.0128,0.523,0.317,159.005,256451.0,4,48.0
0.665,0.725,-3.153,1,0.0568,0.325,0.11,0.619,85.031,206000.0,4,37.0
0.778,0.577,-6.766,0,0.173,0.104,0.122,0.361,99.05,169848.0,4,60.0
0.608,0.617,-8.017,1,0.0315,0.111,0.159,0.595,88.027,267837.0,4,33.0
0.544,0.914,-4.337,1,0.063,0.0113,0.485,0.699,145.09,246187.0,4,59.0
0.612,0.606,-9.22,0,0.033,0.486,0.077,0.843,79.423,6.825333333,4,36.0
0.432,0.497,-8.211,1,0.0433,0.559,0.0807,0.35,167.708,195976.0,3,49.0
0.642,0.828,-6.565,1,0.0358,0.0321,0.201,0.218,134.948,242533.0,4,7.0
0.791,0.95,-5.618,0,0.248,0.0885,0.0783,0.752,110.185,227013.0,4,1.0
0.765,0.837,-3.113,0,0.032,0.00107,0.0801,0.721,122.028,195973.0,4,77.0
0.641,0.801,-4.092,0,0.0467,0.288,0.342,0.516,127.955,204375.0,4,40.0
0.467,0.937,-3.978,0,0.0459,6.12e-05,0.0722,0.781,164.101,214555.0,4,27.0
0.733,0.382,-7.955,1,0.0459,0.132,0.162,0.517,98.027,144743.0,4,69.0
0.597,0.43,-8.036,0,0.0397,0.698,0.192,0.526,181.949,164419.0,3,52.0
0.779,0.705,-3.895,1,0.0344,0.369,0.124,0.946,101.022,178374.0,4,81.0
0.607,0.142,-23.455,1,0.0382,0.843,0.121,0.305,118.867,220400.0,4,66.0
0.736,0.552,-12.308,1,0.044,0.587,0.288,0.524,100.012,373213.0,4,26.0
0.633,0.922,-4.842,0,0.0454,0.116,0.071,0.686,84.11,4.058883333,4,60.0
0.741,0.647,-12.878,1,0.0427,0.108,0.0555,0.804,131.097,284000.0,4,71.0
0.778,0.691,-4.936,1,0.259,0.00755,0.104,0.195,140.183,178751.0,4,49.0
0.396,0.858,-5.466,1,0.0344,0.000133,0.0555,0.261,180.074,273200.0,4,36.0
0.594,0.752,-5.879,0,0.029,0.0052,0.0735,0.345,101.98,327800.0,4,25.0
0.412,0.392,-15.504,1,0.0435,0.446,0.116,0.663,171.961,5.054883333,4,35.0
0.475,0.992,-4.986,0,0.205,8.27e-06,0.12,0.0655,97.514,277000.0,4,28.0
0.441,0.684,-7.495,0,0.031,0.374,0.108,0.971,199.001,141000.0,4,65.0
0.615,0.97,1.342,0,0.119,0.0104,0.178,0.507,122.993,262773.0,4,61.0
0.392,0.979,-3.942,1,0.0762,0.0163,0.106,0.357,158.882,234773.0,4,53.0
0.374,0.716,-8.656,1,0.034,0.000285,0.195,0.35,136.757,227160.0,4,49.0
0.521,0.818,-11.535,1,0.0533,0.0686,0.327,0.59,114.49,253267.0,4,37.0
0.62,0.822,-7.434,0,0.0385,0.00861,0.085,0.451,117.005,289683.0,3,49.0
0.723,0.783,-4.967,1,0.0369,0.000825,0.0461,0.674,98.862,216900.0,4,43.0
0.792,0.395,-12.094,1,0.0379,0.451,0.1,0.54,132.914,282773.0,4,54.0
0.605,0.872,-8.929,1,0.0469,0.221,0.127,0.311,120.971,525623.0,4,18.0
0.515,0.946,-4.996,1,0.0745,0.0188,0.226,0.537,96.066,262027.0,4,36.0
0.888,0.408,-10.162,0,0.487,0.164,0.0912,0.742,77.029,176160.0,4,80.0
0.409,0.492,-11.279,0,0.0739,0.995,0.107,0.394,123.861,6.250883333,4,5.0
0.529,0.488,-7.68,0,0.0259,0.284,0.183,0.373,98.031,283290.0,4,34.0
0.706,0.747,-3.901,0,0.286,0.00533,0.204,0.505,95.547,270493.0,4,60.0
0.383,0.511,-7.143,0,0.0369,0.168,0.256,0.294,121.049,469445.0,4,46.0
0.436,0.85,-4.86,1,0.0617,0.000861,0.128,0.537,152.644,183093.0,4,67.0
0.781,0.768,-5.991,1,0.0394,0.0119,0.325,0.486,123.07,213309.0,4,78.0
0.957,0.515,-6.995,1,0.502,0.00235,0.0837,0.159,129.895,121248.0,4,62.0
0.176,0.962,-3.139,1,0.103,1.66e-05,0.321,0.425,153.951,206733.0,4,47.0
0.77,0.553,-7.855,1,0.0647,0.475,0.16,0.687,136.399,193500.0,4,40.0
0.518,0.813,-3.978,0,0.0606,0.0218,0.856,0.786,142.013,262747.0,4,43.0
0.435,0.756,-4.275,0,0.0264,3.24e-05,0.208,0.346,85.524,394120.0,4,42.0
0.296,0.9,-4.918,0,0.0922,0.000702,0.339,0.286,184.256,209627.0,4,54.0
0.627,0.806,-6.153,0,0.0379,0.0586,0.556,0.413,114.022,188694.0,4,56.0
0.572,0.868,-5.847,0,0.145,0.374,0.154,0.967,167.827,144827.0,4,16.0
0.659,0.931,-4.957,0,0.0326,0.0182,0.347,0.861,115.965,170667.0,4,53.0
0.77,0.748,-9.103,1,0.0411,0.345,0.137,0.966,126.155,167213.0,4,30.0
0.45,0.719,-8.409,1,0.0371,0.000208,0.116,0.472,115.952,191933.0,4,50.0
0.604,0.289,-11.734,0,0.0785,0.804,0.221,0.159,73.989,298173.0,4,31.0
0.571,0.919,-6.568,1,0.0719,0.00171,0.227,0.321,121.01,203667.0,4,42.0
0.625,0.815,-3.915,1,0.177,0.0476,0.07,0.528,107.273,327387.0,4,51.0
0.689,0.707,-8.815,0,0.219,0.147,0.116,0.624,109.945,237240.0,4,59.0
0.271,0.624,-6.733,0,0.0309,0.0301,0.0737,0.242,74.611,485018.0,4,52.0
0.704,0.116,-17.117,1,0.0641,0.992,0.11,0.27,117.724,3.158633333,3,48.0
0.21,0.948,-5.542,0,0.107,0.000855,0.108,0.314,117.646,848347.0,4,41.0
0.917,0.869,-3.946,1,0.15,0.071,0.0623,0.501,104.95,201143.0,4,45.0
0.437,0.316,-9.054,1,0.0376,0.833,0.276,0.53,110.166,5.49645,4,16.0
0.621,0.693,-8.755,1,0.0407,0.579,0.0634,0.896,112.439,251307.0,4,53.0
0.438,0.471,-7.052,1,0.0272,0.00455,0.131,0.0837,95.157,473000.0,4,33.0
0.69,0.442,-8.788,0,0.0304,0.0849,0.123,0.32,140.003,221594.0,4,8.0
0.333,0.424,-10.356,1,0.0295,0.767,0.414,0.579,183.647,5.265116667,3,30.0
0.489,0.835,-4.448,1,0.0332,0.00746,0.146,0.444,145.885,251631.0,4,58.0
0.694,0.216,-17.952,1,0.0657,0.0126,0.29,0.545,171.27,266600.0,3,5.0
0.537,0.92,-3.438,0,0.274,0.00592,0.34,0.843,185.703,177160.0,4,57.0
0.475,0.956,-3.823,1,0.123,0.000205,0.319,0.664,91.413,151912.0,4,48.0
0.552,0.779,-4.151,1,0.0364,0.0419,0.364,0.541,100.28,214446.0,4,49.0
0.611,0.778,-6.566,0,0.0349,0.00118,0.114,0.339,114.893,242532.0,4,39.0
0.566,0.663,-9.068,1,0.0278,0.0945,0.0915,0.762,91.108,298760.0,4,63.0
0.442,0.664,-11.766,0,0.0591,0.0196,0.726,0.405,125.021,295600.0,1,30.0
0.407,0.741,-8.371,1,0.225,0.0161,0.123,0.138,110.036,176269.0,4,43.0
0.367,0.779,-8.334,1,0.0488,0.00574,0.288,0.794,90.354,191827.0,4,52.0
0.611,0.797,-7.627,0,0.0533,0.00543,0.26,0.518,120.041,218107.0,4,84.0
0.608,0.822,-5.039,1,0.0792,0.0757,0.318,0.51,136.974,219413.0,4,15.0
0.868,0.462,-7.029,1,0.0344,0.582,0.0875,0.795,99.978,199591.0,4,16.0
0.474,0.978,-5.454,1,0.164,0.00309,0.421,0.0722,111.217,296307.0,4,50.0
0.572,0.835,-6.219,1,0.0317,0.171,0.0702,0.795,129.981,241600.0,4,79.0
0.502,0.662,-4.041,1,0.0293,0.00322,0.119,0.4,110.917,251293.0,4,55.0
0.461,0.872,-5.858,1,0.0567,0.000315,0.136,0.493,111.088,189480.0,3,43.0
0.51,0.789,-6.384,1,0.116,0.00799,0.838,0.13,155.971,313345.0,4,56.0
0.607,0.658,-5.552,0,0.0262,0.0103,0.0537,0.567,99.983,207587.0,4,55.0
0.598,0.775,-6.179,0,0.41,0.0666,0.169,0.706,117.761,234594.0,5,34.0
0.56,0.801,-5.798,0,0.0328,0.000307,0.215,0.691,131.953,254678.0,4,31.0
0.334,0.875,-3.798,0,0.0751,0.000153,0.413,0.322,169.426,246413.0,4,55.0
0.526,0.447,-7.03,0,0.0357,0.772,0.046,0.336,78.699,222587.0,4,51.0
0.709,0.96,-4.465,1,0.0898,0.00157,0.893,0.665,133.037,232667.0,4,61.0
0.534,0.95,-5.612,0,0.0576,1.97e-05,0.0599,0.633,145.015,188388.0,4,43.0
0.611,0.578,-14.171,1,0.0676,0.0598,0.0983,0.884,100.625,266133.0,4,72.0
0.615,0.416,-7.606,0,0.024,0.334,0.0913,0.284,83.98,251520.0,3,45.0
0.729,0.676,-6.838,0,0.0297,0.279,0.673,0.722,121.986,253619.0,4,37.0
0.748,0.704,-4.512,0,0.0344,0.0741,0.088,0.823,110.028,284799.0,4,66.0
0.779,0.291,-14.738,1,0.0395,0.259,0.0485,0.419,123.09,319000.0,4,20.0
0.831,0.62,-8.397,0,0.338,0.0582,0.119,0.568,133.17,202413.0,4,72.0
0.521,0.948,-3.14,1,0.0395,0.00655,0.195,0.686,137.947,248853.0,4,34.0
0.69,0.815,-7.256,1,0.0629,0.00242,0.0844,0.62,128.903,241067.0,4,31.0
0.0981,0.882,-8.394,1,0.0799,0.0001,0.141,0.162,180.135,296000.0,4,35.0
0.627,0.854,-6.427,1,0.0276,0.223,0.178,0.894,132.118,183551.0,4,37.0
0.481,0.944,-3.665,1,0.231,0.00926,0.278,0.396,165.02,199959.0,4,61.0
0.253,0.82,-10.746,1,0.0551,0.0383,0.107,0.535,162.103,330840.0,4,25.0
0.508,0.875,-3.262,0,0.0615,0.00275,0.319,0.14,160.039,238500.0,4,39.0
0.675,0.311,-11.959,1,0.0525,0.93,0.102,0.638,97.159,149560.0,4,53.0
0.59,0.743,-7.078,0,0.0347,0.067,0.0847,0.412,129.79,346960.0,4,65.0
0.367,0.811,-5.862,0,0.0912,1.29e-05,0.287,0.259,117.065,163239.0,5,42.0
0.565,0.545,-9.549,1,0.0358,0.0289,0.161,0.592,79.988,251027.0,4,46.0
0.668,0.796,-7.536,1,0.0773,0.352,0.278,0.823,132.258,197438.0,4,35.0
0.333,0.48,-14.936,1,0.0368,0.0107,0.276,0.341,145.921,421067.0,4,25.0
0.481,0.572,-8.031,1,0.0465,0.0168,0.164,0.136,170.007,308970.0,4,13.0
0.585,0.404,-8.188,1,0.0477,0.458,0.121,0.43,125.267,262680.0,4,42.0
0.508,0.702,-7.044,1,0.0371,0.823,0.55,0.695,150.973,6.194933333,3,35.0
0.44,0.847,-7.002,1,0.0353,0.00019,0.106,0.248,122.02,285246.0,4,26.0
0.814,0.679,-6.005,1,0.181,0.195,0.375,0.397,141.956,191471.0,4,54.0
0.753,0.79,-4.147,0,0.0606,0.385,0.0868,0.644,111.948,210602.0,4,29.0
0.516,0.902,-9.775,1,0.155,0.264,0.112,0.0841,136.071,265851.0,4,35.0
0.638,0.76,-4.215,0,0.0322,0.0793,0.438,0.786,110.047,191182.0,4,46.0
0.307,0.024,-28.353,0,0.0411,0.831,0.12,0.524,109.732,301640.0,3,53.0
0.472,0.698,-10.468,0,0.377,0.0136,0.134,0.472,128.053,140625.0,4,24.0
0.539,0.893,-6.149,0,0.0647,0.0609,0.114,0.244,170.009,236727.0,4,30.0
0.415,0.958,-6.041,1,0.0639,2.29e-05,0.157,0.337,175.097,253267.0,4,35.0
0.476,0.331,-14.884,1,0.0305,0.31,0.172,0.24,130.574,283133.0,4,62.0
0.856,0.652,-5.324,1,0.143,0.177,0.193,0.471,97.017,219307.0,4,67.0
0.741,0.598,-7.496,0,0.0271,0.146,0.321,0.629,91.99,177227.0,4,57.0
0.491,0.752,-5.414,0,0.0303,0.00163,0.152,0.383,150.008,262667.0,4,21.0
0.259,0.906,-6.043,0,0.128,0.00786,0.171,0.323,151.633,294893.0,4,16.0
0.438,0.687,-8.145,0,0.387,0.0594,0.145,0.413,77.307,163396.0,4,49.0
0.559,0.754,-5.509,1,0.0712,0.0153,0.355,0.303,169.977,3.692883333,4,60.0
0.414,0.428,-11.097,1,0.0278,0.382,0.148,0.282,145.075,377093.0,4,79.0
0.603,0.674,-8.193,1,0.0591,0.139,0.116,0.732,93.004,204259.0,4,46.0
0.562,0.456,-7.219,0,0.0297,0.558,0.099,0.388,133.14,190827.0,4,40.0
0.199,0.918,-4.654,1,0.122,2.89e-06,0.187,0.334,151.399,268280.0,4,50.0
0.586,0.331,-14.677,0,0.0295,0.256,0.18,0.223,124.915,232907.0,4,64.0
0.768,0.215,-10.33,1,0.0626,0.907,0.117,0.219,131.167,134151.0,4,47.0
0.739,0.511,-7.844,1,0.0362,0.167,0.133,0.542,96.038,215360.0,4,78.0
0.829,0.631,-7.876,1,0.106,0.875,0.109,0.792,106.863,136822.0,4,55.0
0.378,0.953,-3.632,1,0.138,0.000719,0.0936,0.512,167.808,200347.0,4,57.0
0.317,0.4,-8.958,0,0.0415,0.693,0.116,0.394,180.352,234613.0,3,35.0
0.422,0.878,-4.863,1,0.0442,0.00935,0.201,0.496,84.044,143360.0,4,54.0
0.643,0.364,-11.018,0,0.04,0.715,0.659,0.283,133.377,230293.0,4,67.0
0.52,0.848,-5.508,0,0.363,0.0232,0.0532,0.218,118.528,150533.0,3,47.0
0.769,0.716,-6.782,1,0.0364,0.169,0.349,0.943,128.724,255107.0,4,37.0
0.68,0.659,-7.186,1,0.151,0.229,0.474,0.75,98.877,114460.0,4,70.0
0.334,0.933,-4.49,1,0.09,0.00732,0.264,0.18,132.812,281804.0,4,62.0
0.39,0.799,-9.313,0,0.047,0.00792,0.135,0.16,127.221,356825.0,4,42.0
0.431,0.782,-4.831,1,0.0374,0.00495,0.131,0.384,160.872,178948.0,4,35.0
0.398,0.707,-7.747,1,0.0409,0.0813,0.165,0.074,74.915,228587.0,4,31.0
0.687,0.297,-10.029,1,0.0256,0.527,0.137,0.6,77.096,3.033533333,3,37.0
0.702,0.772,-9.677,1,0.0277,0.0312,0.0809,0.973,141.694,154120.0,4,68.0
0.0862,0.222,-20.901,1,0.0441,0.893,0.11,0.109,202.983,281453.0,4,34.0
0.704,0.663,-7.637,0,0.0504,0.0395,0.0871,0.318,123.994,201280.0,4,27.0
0.623,0.888,-5.018,0,0.133,0.343,0.34,0.687,107.962,285347.0,4,34.0
0.693,0.454,-12.44,1,0.0332,0.796,0.143,0.54,122.641,4.793783333,4,60.0
0.544,0.739,-7.383,1,0.0517,0.00392,0.168,0.328,118.287,342600.0,4,61.0
0.595,0.424,-8.736,0,0.0458,0.77,0.124,0.0911,113.305,158118.0,5,28.0
0.472,0.953,-6.674,0,0.0906,0.000594,0.279,0.224,80.007,264750.0,4,37.0
0.32,0.887,-5.11,1,0.0509,6.64e-05,0.348,0.431,175.088,255857.0,4,38.0
0.382,0.909,-7.644,1,0.0985,0.000109,0.172,0.446,88.642,141227.0,4,40.0
0.602,0.506,-9.046,1,0.0273,0.687,0.177,0.312,126.962,4.35235,4,41.0
0.499,0.873,-3.902,1,0.0386,0.00468,0.165,0.864,142.726,134200.0,4,68.0
0.372,0.948,-5.193,1,0.0638,0.00982,0.156,0.857,160.013,288576.0,4,32.0
0.565,0.542,-10.506,1,0.0315,0.53,0.0694,0.794,103.966,525427.0,4,37.0
0.448,0.661,-7.293,1,0.0311,0.000415,0.0499,0.213,139.983,381201.0,4,55.0
0.475,0.824,-3.857,0,0.0446,3.43e-05,0.0932,0.658,138.073,152973.0,4,45.0
0.817,0.79,-4.19,0,0.0387,0.221,0.293,0.821,106.993,210147.0,4,18.0
0.402,0.86,-7.689,1,0.039,1.43e-06,0.103,0.427,108.118,281120.0,4,46.0
0.596,0.545,-8.913,0,0.064,0.456,0.329,0.718,146.953,179733.0,4,47.0
0.95,0.449,-6.962,1,0.302,0.184,0.148,0.516,124.004,172006.0,4,42.0
0.446,0.263,-12.264,0,0.0273,0.717,0.15,0.173,97.877,322000.0,3,32.0
0.576,0.494,-12.242,0,0.0605,0.106,0.13,0.587,96.478,199667.0,4,54.0
0.684,0.864,-5.081,0,0.227,0.0668,0.358,0.657,100.624,226067.0,4,41.0
0.428,0.599,-2.135,1,0.0286,0.0665,0.137,0.134,125.83,301730.0,4,59.0
0.672,0.534,-7.535,1,0.0297,0.699,0.107,0.746,149.772,137414.0,4,36.0
0.486,0.875,-3.446,1,0.0497,0.092,0.758,0.509,117.797,5.05445,4,29.0
0.349,0.816,-10.043,1,0.0402,0.000162,0.118,0.512,106.247,235507.0,4,34.0
0.325,0.554,-8.379,1,0.0344,0.805,0.102,0.106,111.105,255861.0,4,38.0
0.391,0.851,-13.84,1,0.0676,0.00403,0.212,0.0645,139.843,145133.0,4,25.0
0.899,0.557,-7.966,1,0.245,0.0786,0.0777,0.464,99.975,159986.0,4,59.0
0.454,0.084,-18.621,1,0.0293,0.885,0.0958,0.0828,87.816,4.251783333,4,43.0
0.796,0.777,-4.81,1,0.0397,0.0261,0.121,0.787,132.722,258893.0,4,79.0
0.242,0.972,-5.191,0,0.122,3.61e-05,0.256,0.085,99.94,178901.0,4,31.0
0.582,0.548,-5.017,1,0.0338,0.778,0.186,0.705,97.887,208067.0,1,37.0
0.5,0.087,-17.131,1,0.05,0.984,0.111,0.329,128.614,2.605466667,3,47.0
0.563,0.485,-12.875,1,0.415,0.938,0.603,0.699,125.952,6.61155,4,19.0
0.59,0.509,-7.547,0,0.0256,0.26,0.0932,0.383,79.981,226199.0,4,34.0
0.584,0.793,-6.004,0,0.0532,0.134,0.0532,0.512,92.028,217973.0,4,38.0
0.636,0.72,-6.195,1,0.0432,0.0893,0.0868,0.425,124.944,235813.0,4,70.0
0.753,0.869,-4.09,0,0.0338,0.00164,0.155,0.703,109.563,182093.0,4,46.0
0.688,0.737,-9.31,0,0.0678,0.0769,0.114,0.666,131.042,194760.0,4,59.0
0.38,0.0993,-20.567,1,0.0509,0.914,0.0605,0.44,174.874,165427.0,4,70.0
0.465,0.942,-7.219,1,0.0755,5.17e-05,0.155,0.335,124.096,186017.0,4,37.0
0.334,0.829,-6.436,1,0.036,5.76e-05,0.0883,0.437,130.154,299853.0,4,35.0
0.42,0.968,-4.482,0,0.229,0.00162,0.147,0.227,199.772,237514.0,4,24.0
0.563,0.854,-4.93,1,0.0332,0.000296,0.287,0.929,127.029,177680.0,4,30.0
0.716,0.782,-6.283,0,0.0515,0.149,0.366,0.911,77.022,183506.0,4,49.0
0.287,0.816,-6.125,1,0.0572,0.473,0.452,0.56,137.458,5.203116667,4,47.0
0.928,0.631,-6.191,1,0.363,0.00943,0.085,0.439,94.035,142987.0,4,51.0
0.693,0.843,-5.424,1,0.0307,0.0242,0.0743,0.533,115.924,239973.0,4,3.0
0.262,0.779,-8.298,0,0.0692,1.36e-05,0.305,0.164,170.032,320892.0,3,35.0
0.599,0.295,-11.052,1,0.0269,0.849,0.32,0.282,99.767,161027.0,3,28.0
0.367,0.811,-5.862,0,0.0912,1.29e-05,0.287,0.259,117.065,163239.0,5,42.0
0.688,0.728,-6.983,1,0.285,0.108,0.108,0.457,144.951,253858.0,4,22.0
0.475,0.541,-11.89,0,0.0749,0.466,0.319,0.596,131.121,423160.0,4,41.0
0.489,0.724,-8.367,1,0.0352,0.313,0.287,0.15,117.292,300400.0,4,77.0
0.727,0.974,-2.261,0,0.0664,0.103,0.174,0.965,79.526,235213.0,4,80.0
0.671,0.501,-13.119,1,0.0594,0.342,0.194,0.86,87.04,3.581333333,4,74.0
0.596,0.575,-8.325,0,0.0514,0.0861,0.334,0.34,98.265,127921.0,3,76.0
0.495,0.602,-6.445,1,0.13,0.08,0.347,0.298,69.888,201467.0,4,37.0
0.575,0.283,-13.333,0,0.0457,0.961,0.104,0.659,152.929,442400.0,3,40.0
0.3,0.627,-9.7,0,0.0286,0.00132,0.62,0.214,87.317,150627.0,4,25.0
0.454,0.82,-7.03,0,0.0389,0.0822,0.222,0.355,90.551,325840.0,4,47.0
0.307,0.779,-9.933,1,0.048,0.023,0.0791,0.0626,144.099,582360.0,4,40.0
0.477,0.575,-7.948,1,0.0293,0.193,0.341,0.106,118.533,3.939916667,4,21.0
0.254,0.377,-8.518,0,0.0299,0.677,0.135,0.177,60.449,201027.0,4,42.0
0.672,0.878,-9.293,1,0.0775,0.0179,0.35,0.914,122.015,301475.0,4,28.0
0.481,0.728,-6.335,0,0.195,0.0454,0.237,0.389,86.004,249351.0,4,30.0
0.75,0.343,-11.318,1,0.0268,0.612,0.0893,0.198,104.0,4.111116667,4,42.0
0.934,0.759,-5.873,0,0.185,0.0102,0.0818,0.927,123.857,227107.0,4,42.0
0.72,0.706,-4.719,1,0.0473,0.0684,0.166,0.62,133.002,187436.0,4,82.0
0.823,0.586,-6.606,0,0.2,0.114,0.193,0.347,125.971,190476.0,4,87.0
0.692,0.249,-11.397,0,0.048,0.904,0.233,0.309,103.182,3.39755,4,39.0
0.582,0.734,-7.18,1,0.0264,0.0674,0.0529,0.461,90.371,296027.0,4,25.0
0.359,0.637,-8.136,1,0.0415,0.385,0.121,0.141,139.07,4.187483333,4,26.0
0.396,0.905,-4.612,0,0.0604,2.92e-05,0.318,0.254,140.052,207453.0,4,49.0
0.594,0.851,-3.47,1,0.0514,0.00881,0.0749,0.898,83.522,180356.0,4,40.0
0.512,0.849,-4.444,1,0.0723,0.00701,0.0975,0.329,137.969,224711.0,4,40.0
0.515,0.949,-3.521,0,0.0806,0.000103,0.348,0.308,124.069,168145.0,4,67.0
0.604,0.511,-7.476,0,0.13,0.071,0.129,0.139,100.338,192000.0,4,67.0
0.646,0.744,-5.465,0,0.0352,0.0327,0.0861,0.795,97.002,248661.0,4,36.0
0.301,0.923,-11.316,1,0.109,0.000225,0.183,0.297,144.721,312187.0,4,11.0
0.667,0.17,-12.041,1,0.0522,0.926,0.113,0.389,133.94,2.622216667,4,40.0
0.87,0.41,-8.804,1,0.182,0.243,0.127,0.576,83.974,171202.0,4,37.0
0.496,0.896,-5.368,1,0.0904,0.00024,0.161,0.343,179.936,215880.0,4,42.0
0.0876,0.839,-9.63,1,0.0565,3.36e-05,0.258,0.622,169.136,112266.0,4,25.0
0.867,0.648,-6.942,0,0.253,0.265,0.217,0.527,108.005,198032.0,4,72.0
0.566,0.873,-5.926,0,0.178,0.000371,0.079,0.527,121.946,263800.0,4,27.0
0.578,0.752,-5.264,1,0.033,0.0275,0.125,0.405,149.689,3.055116667,4,56.0
0.365,0.513,-13.034,0,0.0357,0.0208,0.205,0.739,80.647,331200.0,4,72.0
0.536,0.496,-6.027,1,0.029,0.314,0.11,0.497,175.007,3.56955,3,60.0
0.697,0.383,-11.464,1,0.481,0.0937,0.113,0.51,86.84,179627.0,4,42.0
0.817,0.694,-9.315,0,0.142,0.00161,0.333,0.328,98.16,433267.0,4,39.0
0.413,0.44,-9.951,1,0.0299,0.0663,0.126,0.271,140.482,226825.0,4,33.0
0.421,0.823,-3.327,0,0.0446,0.00078,0.204,0.155,104.973,223720.0,4,53.0
0.583,0.692,-13.562,0,0.043,0.0026,0.125,0.795,137.572,3.91178333,4,52.0
0.456,0.367,-9.168,1,0.0405,0.792,0.318,0.467,77.066,231815.0,4,27.0
0.613,0.787,-3.331,1,0.0382,0.0361,0.108,0.362,135.989,3.657333333,4,36.0
0.412,0.944,-2.896,1,0.0448,0.0724,0.801,0.79,123.091,215000.0,4,62.0
0.55,0.668,-8.89,1,0.0717,0.000604,0.0726,0.489,93.132,264360.0,4,5.0
0.798,0.656,-8.33,0,0.278,0.0413,0.274,0.697,137.039,269625.0,4,15.0
0.677,0.66,-6.682,1,0.129,0.00779,0.0941,0.611,153.982,177187.0,4,65.0
0.342,0.888,-4.404,1,0.0617,0.00116,0.214,0.287,159.118,142147.0,4,27.0
0.41,0.718,-7.501,1,0.0488,0.00569,0.167,0.412,111.504,237853.0,4,34.0
0.7,0.378,-10.398,1,0.0431,0.77,0.137,0.358,131.864,180625.0,4,46.0
0.553,0.729,-10.778,1,0.0434,0.789,0.0586,0.749,125.251,6.048133333,4,49.0
0.282,0.996,-3.991,1,0.274,0.00668,0.0674,0.323,185.423,109307.0,4,51.0
0.452,0.489,-12.425,1,0.121,0.303,0.488,0.654,159.068,160307.0,4,54.0
0.291,0.857,-7.067,1,0.123,0.0003,0.245,0.452,118.961,224888.0,4,28.0
0.739,0.522,-12.304,0,0.151,0.821,0.233,0.619,138.263,146390.0,4,77.0
0.549,0.389,-9.532,1,0.03,0.236,0.102,0.4,122.011,219483.0,4,22.0
0.616,0.375,-9.684,0,0.0308,0.671,0.329,0.438,130.116,182308.0,4,40.0
0.599,0.675,-6.649,1,0.0313,0.013,0.098,0.366,119.966,228859.0,4,30.0
0.0882,0.00626,-35.154,1,0.041,0.99,0.0756,0.123,83.771,3.56845,3,49.0
0.32,0.545,-14.043,1,0.0415,0.586,0.605,0.605,87.618,373893.0,4,34.0
0.758,0.443,-6.465,1,0.0583,0.347,0.335,0.728,79.485,188952.0,4,37.0
0.394,0.247,-11.551,0,0.0319,0.812,0.112,0.125,117.113,187087.0,4,34.0
0.726,0.678,-4.445,1,0.0303,0.252,0.149,0.529,75.031,159387.0,4,61.0
0.179,0.912,-3.881,0,0.0791,0.0014,0.582,0.289,182.99,231533.0,3,74.0
0.73,0.907,-4.478,1,0.0727,0.000111,0.266,0.573,116.016,163067.0,4,53.0
0.617,0.696,-12.739,1,0.0282,0.0155,0.108,0.9,111.136,239760.0,4,57.0
0.705,0.511,-10.084,1,0.0329,0.392,0.11,0.234,127.88,232500.0,4,45.0
0.648,0.988,-2.119,0,0.0796,0.00853,0.0802,0.928,94.99,161684.0,4,41.0
0.428,0.9,-4.195,1,0.0384,1.64e-05,0.242,0.228,160.057,269747.0,4,46.0
0.56,0.73,-5.69,1,0.0362,0.219,0.179,0.963,151.594,194667.0,4,49.0
0.473,0.95,-4.115,1,0.158,0.0115,0.122,0.668,151.896,252040.0,4,30.0
0.513,0.377,-8.907,1,0.102,0.899,0.0943,0.424,203.236,188813.0,3,44.0
0.301,0.921,-6.236,1,0.0899,0.00573,0.349,0.199,169.625,320813.0,4,22.0
0.358,0.541,-9.348,1,0.0295,0.0494,0.195,0.166,171.999,305379.0,1,31.0
0.274,0.834,-5.982,0,0.0443,0.56,0.384,0.079,89.483,3.7,4,25.0
0.672,0.133,-15.152,1,0.0558,0.989,0.143,0.141,133.844,2.097016667,4,49.0
0.542,0.872,-2.553,1,0.0402,0.0495,0.0823,0.311,137.976,237086.0,4,36.0
0.567,0.532,-9.171,1,0.0324,0.191,0.143,0.196,122.987,214634.0,4,42.0
0.429,0.661,-7.227,1,0.0281,0.00239,0.234,0.285,173.372,266773.0,4,85.0
0.734,0.547,-9.527,0,0.108,0.00338,0.126,0.82,119.989,156360.0,4,40.0
0.489,0.945,-2.936,1,0.0668,0.000242,0.357,0.388,164.982,235528.0,4,42.0
0.599,0.0757,-12.798,1,0.0478,0.987,0.105,0.641,199.428,170080.0,3,26.0
0.851,0.565,-9.43,0,0.102,0.0716,0.116,0.551,130.022,175938.0,4,42.0
0.459,0.836,-7.637,1,0.0378,1.77e-05,0.146,0.547,101.977,236373.0,4,32.0
0.607,0.788,-3.722,0,0.0951,0.488,0.716,0.752,131.397,308453.0,4,5.0
0.418,0.96,-2.396,1,0.0778,2.72e-05,0.295,0.444,97.326,184080.0,4,41.0
0.338,0.511,-5.604,1,0.0301,0.00397,0.0875,0.54,156.062,225880.0,4,41.0
0.161,0.973,-3.553,0,0.142,0.00657,0.0931,0.216,93.699,217520.0,3,40.0
0.618,0.72,-6.405,1,0.0296,0.265,0.156,0.64,120.992,286660.0,4,31.0
0.388,0.66,-7.372,1,0.0308,0.312,0.0943,0.401,143.554,3.84178333,4,66.0
0.594,0.721,-7.811,1,0.0958,0.0212,0.0879,0.253,128.938,234653.0,4,13.0
0.194,0.946,-5.04,0,0.0742,1.72e-05,0.355,0.0534,98.626,447298.0,4,35.0
0.436,0.655,-8.153,1,0.159,0.425,0.393,0.523,139.712,154749.0,4,75.0
0.632,0.575,-7.358,1,0.0354,0.105,0.158,0.689,106.953,283867.0,3,35.0
0.521,0.855,-3.348,1,0.0686,0.0223,0.0869,0.257,158.744,187133.0,4,54.0
0.589,0.75,-7.086,1,0.0654,0.00162,0.262,0.43,130.097,189560.0,4,45.0
0.193,0.948,-5.623,0,0.138,0.00749,0.306,0.158,81.636,295813.0,4,46.0
0.94,0.335,-10.179,0,0.505,0.17,0.262,0.707,120.04,209640.0,4,77.0
0.862,0.561,-5.703,1,0.335,0.596,0.108,0.541,99.864,188388.0,3,61.0
0.311,0.884,-4.313,1,0.0703,0.000133,0.124,0.364,131.733,223560.0,4,47.0
0.663,0.676,-9.954,1,0.0426,0.515,0.179,0.312,113.975,181000.0,4,42.0
0.532,0.392,-9.224,1,0.032,0.458,0.104,0.449,169.962,3.46518333,4,45.0
0.647,0.98,-3.463,1,0.356,0.0301,0.045,0.399,188.309,232333.0,5,64.0
0.896,0.78,-3.547,1,0.202,0.0828,0.0857,0.85,106.032,163019.0,4,71.0
0.427,0.994,-4.243,0,0.12,1.47e-05,0.153,0.254,147.969,253079.0,4,30.0
0.587,0.573,-8.073,1,0.0383,0.0208,0.199,0.686,137.315,129120.0,4,35.0
0.589,0.382,-9.56,0,0.0283,0.567,0.0884,0.209,77.996,247133.0,4,53.0
0.377,0.758,-6.237,1,0.038,0.0459,0.0858,0.0751,80.064,404320.0,4,43.0
0.445,0.537,-8.532,0,0.04,0.695,0.0944,0.131,122.769,244360.0,4,86.0
0.474,0.971,-2.285,1,0.0925,0.0185,0.307,0.463,102.941,298889.0,4,36.0
0.489,0.675,-7.813,1,0.0241,0.00313,0.347,0.402,100.748,169747.0,4,24.0
0.639,0.347,-7.217,0,0.0314,0.701,0.0985,0.291,119.821,152000.0,4,42.0
0.464,0.92,-5.673,0,0.0432,0.00143,0.343,0.266,91.04,271667.0,4,53.0
0.333,0.695,-5.116,1,0.0465,0.372,0.107,0.317,203.753,229347.0,4,65.0
0.572,0.52,-9.248,1,0.127,0.521,0.51,0.62,118.433,9.08445,4,23.0
0.431,0.95,-4.918,1,0.26,0.00105,0.272,0.56,191.936,158733.0,4,69.0
0.503,0.328,-12.158,1,0.0268,0.296,0.132,0.354,91.981,267267.0,4,13.0
0.271,0.624,-6.733,0,0.0309,0.0301,0.0737,0.242,74.611,485018.0,4,52.0
0.538,0.975,-4.518,0,0.0668,0.000416,0.296,0.588,100.046,210827.0,4,51.0
0.453,0.973,-3.94,1,0.0823,2.85e-05,0.367,0.519,150.029,236239.0,4,40.0
0.469,0.741,-6.628,1,0.0414,0.328,0.0996,0.673,114.583,241816.0,5,34.0
0.59,0.972,-2.861,1,0.159,0.0018,0.0476,0.578,146.061,194795.0,4,21.0
0.398,0.864,-8.199,1,0.0492,0.523,0.0985,0.782,148.47,135747.0,4,38.0
0.806,0.735,-4.39,1,0.0495,0.087,0.0885,0.398,128.019,207250.0,4,51.0
0.683,0.757,-8.511,0,0.0589,4.18e-05,0.0579,0.628,122.008,291148.0,4,26.0
0.464,0.417,-9.345,0,0.0256,0.136,0.0974,0.479,67.528,183956.0,4,80.0
0.571,0.949,-3.662,0,0.0333,0.157,0.133,0.87,120.03,234693.0,4,23.0
0.372,0.82,-5.656,0,0.0565,0.01,0.124,0.624,152.154,366000.0,4,39.0
0.481,0.981,-6.456,0,0.143,0.000148,0.144,0.102,97.106,344360.0,4,53.0
0.49,0.296,-9.589,0,0.0485,0.819,0.691,0.498,160.824,3.75056667,4,52.0
0.599,0.744,-8.72,1,0.0316,0.131,0.0795,0.723,91.259,351267.0,4,65.0
0.673,0.886,-4.44,0,0.0431,0.185,0.0826,0.795,97.012,216773.0,4,83.0
0.545,0.578,-8.745,1,0.0406,0.0114,0.0692,0.819,128.038,238907.0,4,64.0
0.71,0.461,-10.233,0,0.057,0.694,0.103,0.119,123.016,191220.0,4,40.0
0.56,0.736,-7.64,1,0.0339,0.0135,0.174,0.389,94.987,237481.0,4,61.0
0.797,0.755,-5.393,1,0.0293,0.331,0.124,0.411,129.955,135878.0,4,79.0
0.509,0.843,-3.318,0,0.0488,0.000671,0.348,0.332,140.055,238400.0,3,70.0
0.534,0.292,-11.182,1,0.0373,0.643,0.702,0.472,142.948,252320.0,4,17.0
0.372,0.0853,-22.8,0,0.0501,0.992,0.103,0.259,76.201,188853.0,4,22.0
0.374,0.816,-13.88,1,0.0578,0.119,0.0808,0.138,104.56,146560.0,4,56.0
0.301,0.347,-14.495,1,0.033,0.0869,0.218,0.681,153.408,224667.0,4,37.0
0.359,0.847,-5.648,1,0.0938,0.000277,0.231,0.1,135.465,262133.0,4,28.0
0.442,0.52,-8.648,1,0.0261,0.184,0.154,0.177,77.437,304880.0,4,64.0
0.457,0.932,-4.402,0,0.0629,0.00193,0.337,0.327,110.013,221952.0,4,43.0
0.341,0.875,-4.581,1,0.0406,2.32e-05,0.135,0.477,78.948,180601.0,4,44.0
0.568,0.904,-4.772,0,0.226,0.00167,0.11,0.487,169.935,258320.0,4,49.0
0.594,0.806,-6.24,1,0.0436,0.000986,0.0934,0.583,82.486,317227.0,4,28.0
0.202,0.804,-5.465,1,0.0383,6.97e-05,0.081,0.418,179.911,298400.0,4,63.0
0.258,0.852,-4.439,1,0.0739,0.000697,0.182,0.489,112.116,236985.0,3,35.0
0.531,0.864,-4.534,1,0.08,0.00164,0.884,0.665,130.722,202867.0,4,55.0
0.224,0.956,-5.52,0,0.119,0.0598,0.152,0.394,154.166,306160.0,4,39.0
0.363,0.249,-11.431,1,0.0346,0.926,0.107,0.24,86.741,3.714216667,4,13.0
0.454,0.948,-3.959,1,0.0525,0.0113,0.116,0.716,108.161,132797.0,4,5.0
0.613,0.631,-6.965,1,0.12,0.0663,0.169,0.33,149.992,158033.0,4,79.0
0.651,0.625,-6.532,1,0.0343,0.0175,0.188,0.427,116.019,236560.0,4,20.0
0.407,0.268,-11.563,0,0.0342,0.806,0.101,0.137,125.444,248427.0,4,24.0
0.706,0.656,-4.177,0,0.29,0.034,0.163,0.82,165.639,140564.0,4,48.0
0.711,0.663,-7.871,1,0.258,0.00099,0.324,0.768,177.041,155757.0,4,43.0
0.595,0.588,-11.313,1,0.0624,0.507,0.113,0.518,166.061,145634.0,4,65.0
0.393,0.964,-8.838,1,0.144,0.000735,0.34,0.352,151.898,239280.0,4,54.0
0.472,0.811,-5.121,1,0.0612,0.000839,0.373,0.637,164.991,118733.0,4,68.0
0.615,0.419,-8.624,1,0.0416,0.636,0.0898,0.212,131.81,232529.0,4,7.0
0.479,0.987,-4.297,1,0.0896,2.42e-05,0.834,0.439,129.974,280865.0,4,27.0
0.844,0.486,-6.915,0,0.368,0.234,0.0976,0.493,142.606,244453.0,4,44.0
0.283,0.869,-6.486,1,0.0503,1.75e-05,0.343,0.233,189.841,208917.0,4,39.0
0.363,0.548,-7.712,1,0.0327,0.53,0.141,0.192,78.719,371880.0,4,21.0
0.565,0.438,-8.722,1,0.0311,0.122,0.108,0.211,133.949,361760.0,4,68.0
0.447,0.551,-9.418,1,0.038,0.452,0.116,0.362,177.875,177213.0,4,31.0
0.502,0.65,-4.27,1,0.0531,0.366,0.0956,0.392,159.78,153027.0,4,69.0
0.782,0.969,-2.763,1,0.104,0.204,0.075,0.763,137.958,232716.0,4,53.0
0.635,0.686,-15.648,1,0.053,0.209,0.282,0.464,125.988,274747.0,4,75.0
0.307,0.433,-10.057,1,0.029,0.388,0.332,0.224,160.9,4.44933333,4,78.0
0.574,0.627,-6.182,0,0.122,0.0846,0.0351,0.864,190.415,234160.0,4,38.0
0.661,0.618,-8.422,0,0.313,0.368,0.0743,0.81,148.544,201942.0,4,71.0
0.599,0.787,-4.708,1,0.0338,2.07e-05,0.064,0.822,114.065,185133.0,4,67.0
0.308,0.883,-7.931,1,0.171,0.00185,0.214,0.255,111.604,216467.0,4,33.0
0.685,0.898,-2.719,0,0.041,0.00434,0.0708,0.694,126.964,224667.0,4,39.0
0.576,0.892,-8.229,0,0.0416,0.00152,0.0866,0.86,119.505,231613.0,4,32.0
0.319,0.739,-5.74,1,0.272,0.0285,0.111,0.449,194.169,230227.0,4,80.0
0.754,0.583,-7.34,0,0.0432,0.32,0.144,0.77,122.012,220051.0,4,75.0
0.326,0.908,-2.696,1,0.0738,0.0118,0.367,0.587,182.521,158547.0,4,46.0
0.389,0.975,-3.682,1,0.0983,0.000109,0.249,0.38,169.858,217588.0,4,60.0
0.938,0.463,-13.124,1,0.479,0.035,0.1,0.46,119.878,1.86035,4,37.0
0.268,0.811,-4.06,1,0.0409,7.61e-05,0.0651,0.295,101.041,239627.0,3,52.0
0.528,0.522,-7.407,0,0.11,0.105,0.0997,0.212,83.178,135707.0,4,41.0
0.285,0.434,-7.014,1,0.0315,0.283,0.0552,0.0663,135.828,219000.0,4,51.0
0.258,0.978,-4.208,1,0.172,0.000519,0.218,0.28,132.862,221470.0,4,55.0
0.763,0.803,-3.713,1,0.0351,0.0709,0.348,0.561,103.04,229640.0,3,78.0
0.419,0.965,-4.063,0,0.0791,7.63e-05,0.461,0.339,160.004,186031.0,4,20.0
0.511,0.675,-7.031,0,0.0263,0.0988,0.423,0.314,91.943,237662.0,4,45.0
0.275,0.226,-13.756,1,0.0368,0.955,0.149,0.163,135.676,142967.0,4,26.0
0.141,0.999,-5.335,1,0.14,3.85e-06,0.109,0.0342,145.834,421680.0,4,41.0
0.339,0.65,-10.609,1,0.0312,0.0668,0.365,0.65,172.017,226027.0,4,18.0
0.542,0.915,-9.637,1,0.0549,0.319,0.171,0.92,159.81,175400.0,4,66.0
0.669,0.848,-10.072,0,0.03,0.0273,0.0881,0.661,102.048,177507.0,4,41.0
0.236,0.582,-7.592,0,0.0348,0.0584,0.34,0.265,67.131,241791.0,4,51.0
0.737,0.642,-9.492,1,0.0916,0.0185,0.0726,0.467,106.742,174667.0,4,49.0
0.832,0.593,-6.014,0,0.0916,0.148,0.276,0.729,111.075,266680.0,4,50.0
0.842,0.941,-6.912,1,0.0517,0.136,0.0645,0.716,119.075,191987.0,4,32.0
0.364,0.936,-4.281,1,0.146,0.000626,0.427,0.579,180.191,100608.0,4,49.0
0.768,0.69,-12.43,1,0.0613,0.0129,0.346,0.102,141.029,295688.0,4,28.0
0.416,0.971,-2.759,0,0.499,0.0243,0.318,0.504,174.954,211827.0,4,50.0
0.454,0.886,-9.257,0,0.138,8.69e-06,0.193,0.195,119.851,296868.0,4,29.0
0.324,0.843,-9.096,0,0.068,0.00125,0.36,0.389,190.149,173091.0,3,37.0
0.424,0.944,-2.552,0,0.0391,9.04e-06,0.357,0.389,158.089,158333.0,4,41.0
0.876,0.615,-7.192,0,0.155,0.0434,0.235,0.356,98.034,145659.0,4,48.0
0.661,0.651,-3.771,0,0.0499,0.117,0.056,0.368,87.46,202915.0,4,72.0
0.787,0.673,-4.577,0,0.158,0.256,0.0904,0.786,110.962,237893.0,4,84.0
0.579,0.402,-9.687,1,0.0392,0.777,0.316,0.516,152.067,189628.0,4,66.0
0.427,0.573,-13.077,1,0.101,0.382,0.112,0.608,97.076,467427.0,3,47.0
0.679,0.253,-13.777,1,0.0412,0.812,0.111,0.653,127.45,155007.0,4,56.0
0.823,0.586,-6.606,0,0.2,0.114,0.193,0.347,125.971,190476.0,4,87.0
0.217,0.909,-5.08,0,0.138,0.0168,0.345,0.673,185.561,305253.0,4,30.0
0.598,0.618,-10.013,1,0.047,0.54,0.951,0.422,103.099,251733.0,4,28.0
0.358,0.423,-7.828,1,0.0338,0.565,0.0846,0.309,182.959,226600.0,3,44.0
0.749,0.409,-9.263,1,0.0395,0.13,0.152,0.486,122.979,168951.0,4,55.0
0.813,0.57,-8.409,0,0.265,0.0909,0.0982,0.676,109.07,169330.0,4,63.0
0.676,0.266,-8.847,1,0.184,0.514,0.108,0.707,205.598,3.348,4,56.0
0.504,0.821,-3.356,1,0.0598,0.275,0.0418,0.458,155.131,201799.0,4,59.0
0.557,0.825,-4.657,1,0.0283,0.00525,0.177,0.841,120.017,3.352,4,58.0
0.764,0.501,-10.842,1,0.0378,0.311,0.111,0.427,106.961,174147.0,4,56.0
0.131,0.307,-10.997,1,0.0349,0.00185,0.111,0.0264,59.562,282800.0,4,9.0
0.462,0.84,-6.667,1,0.0346,5.05e-05,0.0893,0.805,75.542,246440.0,4,58.0
0.314,0.592,-9.297,1,0.0409,0.00472,0.268,0.282,80.458,243760.0,4,43.0
0.679,0.111,-28.013,1,0.0653,0.623,0.353,0.508,90.014,196000.0,4,53.0
0.478,0.292,-12.115,0,0.148,0.947,0.179,0.768,169.319,3.303116667,4,1.0
0.237,0.88,-3.945,1,0.0505,8.54e-06,0.085,0.309,130.128,210067.0,4,44.0
0.67,0.493,-11.304,1,0.0751,0.285,0.0495,0.928,93.867,150427.0,4,41.0
0.754,0.82,-5.037,0,0.0501,0.0711,0.0947,0.377,128.039,249403.0,4,35.0
0.14,0.177,-16.134,1,0.0406,0.992,0.109,0.075,172.391,2.633133333,4,37.0
0.322,0.394,-9.563,1,0.0345,0.172,0.0869,0.0883,113.973,219600.0,4,49.0
0.774,0.553,-6.815,1,0.0823,0.379,0.739,0.514,102.055,5.05723333,4,63.0
0.761,0.518,-8.871,1,0.134,0.244,0.107,0.522,133.976,261493.0,4,86.0
0.393,0.904,-7.683,0,0.0442,5.27e-06,0.0937,0.497,89.562,307307.0,4,28.0
0.625,0.591,-9.127,0,0.0265,0.0138,0.0893,0.863,126.597,213693.0,4,62.0
0.598,0.853,-5.373,1,0.0545,0.132,0.132,0.312,121.988,191396.0,1,54.0
0.528,0.721,-3.905,1,0.0355,0.0002,0.315,0.483,135.969,151920.0,4,26.0
0.59,0.629,-6.014,0,0.0619,0.228,0.909,0.406,157.928,193033.0,4,44.0
0.719,0.665,-7.679,0,0.0278,0.118,0.276,0.658,104.99,201065.0,4,36.0
0.702,0.898,-6.003,1,0.0373,0.00854,0.0917,0.731,112.845,169760.0,4,71.0
0.815,0.459,-12.683,1,0.203,0.0232,0.165,0.127,99.966,130522.0,4,15.0
0.596,0.857,-5.146,0,0.0269,0.000261,0.234,0.5,102.062,155101.0,4,42.0
0.614,0.836,-8.647,0,0.0338,0.0685,0.0214,0.81,97.992,231133.0,4,30.0
0.596,0.576,-7.955,1,0.0388,0.376,0.107,0.485,160.176,216933.0,4,60.0
0.394,0.734,-4.574,0,0.185,0.0329,0.109,0.0778,86.897,275163.0,4,63.0
0.394,0.94,-5.3,0,0.152,7.17e-05,0.0547,0.207,99.592,301507.0,4,36.0
0.417,0.934,-3.908,0,0.119,0.000278,0.132,0.287,127.066,210240.0,4,80.0
0.686,0.127,-14.361,1,0.0342,0.754,0.0573,0.372,93.699,2.30645,4,73.0
0.747,0.861,-5.251,1,0.0514,0.113,0.026,0.859,103.966,3.170666667,4,72.0
0.509,0.498,-6.94,1,0.0315,0.413,0.0674,0.283,99.729,222861.0,4,80.0
0.433,0.905,-2.171,1,0.101,0.00803,0.337,0.375,148.149,237203.0,4,61.0
0.887,0.667,-3.423,1,0.273,0.142,0.195,0.487,135.069,131226.0,4,44.0
0.707,0.909,-7.115,1,0.528,0.381,0.119,0.608,87.036,281250.0,4,45.0
0.469,0.427,-7.954,0,0.0241,0.00414,0.128,0.0821,84.053,241560.0,4,63.0
0.604,0.441,-9.474,1,0.0352,0.791,0.249,0.795,128.32,2.59955,4,43.0
0.375,0.991,-3.542,1,0.0759,2.12e-05,0.0405,0.624,176.034,177207.0,4,21.0
0.203,0.833,-3.529,1,0.0339,2.7e-05,0.318,0.665,155.117,201213.0,4,37.0
0.806,0.69,-11.08,1,0.267,0.146,0.071,0.798,130.03,226840.0,4,38.0
0.541,0.591,-6.688,1,0.0336,0.289,0.124,0.116,111.676,306320.0,4,73.0
0.805,0.876,-6.717,1,0.302,0.394,0.762,0.801,135.011,232227.0,4,32.0
0.614,0.101,-22.159,1,0.0395,0.825,0.707,0.155,75.902,174360.0,4,67.0
0.645,0.598,-13.18,0,0.0335,0.221,0.0721,0.913,105.929,3.78778333,4,75.0
0.589,0.68,-6.431,1,0.0274,0.0162,0.109,0.612,172.066,2.834666667,4,38.0
0.494,0.735,-8.347,1,0.0345,0.00401,0.544,0.742,132.526,283000.0,4,60.0
0.509,0.491,-9.525,1,0.0301,0.435,0.145,0.718,92.533,288000.0,4,21.0
0.638,0.666,-6.951,0,0.0392,0.00784,0.314,0.651,131.962,185455.0,4,48.0
0.713,0.794,-8.173,1,0.0943,0.197,0.603,0.961,155.942,206427.0,4,59.0
0.339,0.459,-8.652,1,0.0329,0.303,0.0909,0.22,171.95,267333.0,3,53.0
0.395,0.866,-7.047,1,0.069,0.113,0.112,0.835,150.768,237373.0,4,44.0
0.235,0.989,-4.702,1,0.0971,0.000405,0.0757,0.26,104.035,175707.0,4,37.0
0.446,0.811,-3.075,1,0.0417,0.0175,0.158,0.678,175.716,181293.0,4,53.0
0.467,0.277,-12.101,1,0.0283,0.89,0.2,0.535,99.83,163373.0,3,48.0
0.634,0.241,-11.479,1,0.0499,0.987,0.15,0.899,142.097,183867.0,4,23.0
0.541,0.0132,-24.372,1,0.086,0.979,0.081,0.319,75.872,203520.0,4,25.0
0.457,0.563,-7.605,1,0.214,0.117,0.197,0.259,92.23,296213.0,4,22.0
0.605,0.442,-14.252,1,0.0623,0.29,0.219,0.72,139.979,272068.0,4,54.0
0.679,0.621,-6.17,1,0.033,0.0126,0.104,0.306,120.028,183605.0,4,22.0
0.706,0.827,-8.338,0,0.0526,0.22,0.193,0.786,118.021,317493.0,4,25.0
0.599,0.99,-3.669,0,0.187,0.00232,0.305,0.353,131.446,94427.0,4,35.0
0.474,0.608,-5.139,1,0.0825,0.755,0.0928,0.888,184.694,127427.0,4,63.0
0.575,0.254,-13.192,1,0.0485,0.943,0.0579,0.526,161.678,223387.0,3,28.0
0.247,0.942,-2.796,1,0.0691,0.00408,0.0864,0.601,94.094,200827.0,4,59.0
0.563,0.937,-5.243,1,0.0461,0.000111,0.315,0.522,101.159,146693.0,4,47.0
0.52,0.827,-7.225,0,0.0514,0.0412,0.0999,0.411,101.99,270000.0,4,56.0
0.268,0.964,-4.944,0,0.129,5.91e-05,0.73,0.174,164.058,173155.0,4,44.0
0.508,0.989,-4.196,1,0.106,1.45e-05,0.1,0.131,121.021,314876.0,4,32.0
0.801,0.826,-4.613,0,0.0387,0.28,0.111,0.822,103.993,210930.0,4,32.0
0.659,0.906,-3.906,0,0.0428,0.156,0.105,0.792,94.997,187720.0,4,60.0
0.638,0.699,-6.542,1,0.0892,0.0203,0.0879,0.57,121.122,160398.0,4,67.0
0.56,0.595,-4.53,1,0.0274,0.199,0.132,0.144,104.011,267960.0,4,70.0
0.5,0.834,-4.419,1,0.036,0.00025,0.496,0.456,98.111,191053.0,4,46.0
0.396,0.77,-4.728,1,0.06,0.0184,0.12,0.412,177.542,170733.0,4,64.0
0.777,0.292,-10.166,0,0.0402,0.336,0.0838,0.264,110.108,251024.0,3,32.0
0.487,0.582,-8.938,1,0.0268,0.715,0.0971,0.271,104.003,278213.0,4,50.0
0.118,0.964,-4.06,1,0.436,0.00012,0.337,0.107,200.003,269787.0,4,22.0
0.284,0.852,-5.135,1,0.18,0.000975,0.581,0.473,103.067,272107.0,5,42.0
0.388,0.764,-3.002,1,0.0329,0.0382,0.328,0.638,172.004,207465.0,4,45.0
0.447,0.192,-9.83,1,0.034,0.888,0.0969,0.33,138.8,174439.0,3,50.0
0.659,0.589,-9.924,0,0.184,0.409,0.108,0.176,119.931,226866.0,4,42.0
0.488,0.585,-8.935,1,0.0365,0.499,0.111,0.204,135.429,195923.0,4,14.0
0.773,0.691,-5.724,1,0.228,0.00648,0.127,0.574,161.006,157736.0,4,39.0
0.469,0.976,-3.569,0,0.111,0.000287,0.0636,0.222,124.001,298107.0,4,62.0
0.82,0.387,-11.81,1,0.316,0.729,0.0699,0.724,95.977,232731.0,4,41.0
0.397,0.529,-12.683,1,0.0824,0.914,0.322,0.46,106.779,6.883333333,4,9.0
0.763,0.632,-11.229,1,0.273,0.332,0.143,0.493,85.996,205116.0,4,31.0
0.437,0.803,-6.412,1,0.305,0.0376,0.683,0.406,84.378,289760.0,4,64.0
0.246,0.413,-11.763,0,0.0348,0.102,0.242,0.0873,149.731,438907.0,4,30.0
0.631,0.572,-10.422,1,0.0382,0.395,0.0736,0.672,138.125,4.839783333,4,33.0
0.602,0.459,-7.167,0,0.036,0.63,0.146,0.366,86.38,193297.0,4,55.0
0.612,0.207,-17.136,1,0.0583,0.983,0.104,0.716,88.985,2.5936,4,24.0
0.48,0.978,-5.636,1,0.0773,0.0257,0.403,0.655,150.319,274600.0,4,45.0
0.709,0.586,-9.018,0,0.0297,0.157,0.0717,0.455,116.974,168205.0,4,64.0
0.364,0.811,-7.237,1,0.0621,0.00268,0.106,0.151,120.758,419893.0,4,53.0
0.372,0.0891,-21.78,1,0.0357,0.916,0.158,0.0798,137.995,5.493333333,4,54.0
0.273,0.934,-4.844,1,0.141,7.39e-05,0.145,0.152,129.174,280780.0,4,29.0
0.302,0.921,-4.549,1,0.104,5.77e-06,0.342,0.188,165.137,107284.0,4,39.0
0.482,0.101,-18.914,0,0.0333,0.965,0.125,0.189,105.719,2.704666667,4,48.0
0.415,0.0711,-27.629,1,0.0355,0.989,0.0856,0.11,79.004,200863.0,4,34.0
0.575,0.406,-9.432,0,0.188,0.838,0.0726,0.307,91.17,260693.0,4,32.0
0.539,0.615,-8.746,0,0.252,0.173,0.144,0.493,163.924,214693.0,4,79.0
0.327,0.841,-4.963,1,0.062,0.000101,0.127,0.455,180.058,226119.0,4,37.0
0.598,0.906,-3.435,1,0.0447,0.00931,0.16,0.525,97.007,172280.0,4,53.0
0.534,0.481,-9.016,0,0.0412,0.697,0.142,0.293,124.914,4.671366667,4,70.0
0.545,0.903,-4.567,1,0.0427,3.5e-05,0.135,0.254,131.04,209177.0,4,50.0
0.847,0.801,-3.838,1,0.0565,0.0876,0.766,0.841,93.19,3.611783333,4,49.0
0.656,0.396,-13.577,1,0.0329,0.817,0.127,0.798,132.088,170000.0,4,33.0
0.788,0.846,-6.005,1,0.0411,0.0364,0.0963,0.794,121.928,130612.0,4,48.0
0.373,0.755,-7.574,1,0.103,0.00411,0.0635,0.57,111.813,340187.0,4,53.0
0.559,0.66,-4.143,1,0.0512,0.222,0.193,0.574,163.957,2.631783333,4,65.0
0.575,0.959,-2.469,0,0.108,0.000192,0.0515,0.642,110.973,170074.0,4,70.0
0.711,0.167,-13.319,0,0.0331,0.836,0.1,0.476,82.842,1.76068333,4,42.0
0.477,0.973,-4.106,0,0.0541,0.00188,0.379,0.403,107.618,362088.0,4,48.0
0.68,0.84,-3.823,1,0.0414,0.0457,0.143,0.468,104.975,213213.0,4,67.0
0.727,0.632,-5.399,1,0.223,0.0966,0.0913,0.193,144.22,153484.0,4,44.0
0.661,0.737,-6.645,0,0.315,0.39,0.22,0.558,160.142,221625.0,4,38.0
0.691,0.814,-3.788,0,0.117,0.0164,0.366,0.509,132.012,145611.0,4,79.0
0.525,0.89,-4.222,1,0.0557,0.00135,0.0822,0.604,160.083,193067.0,4,45.0
0.523,0.959,-3.434,0,0.598,0.563,0.44,0.545,185.865,209677.0,4,22.0
0.471,0.816,-9.446,1,0.0375,0.000232,0.0828,0.246,140.032,284000.0,4,35.0
0.613,0.797,-6.744,1,0.0328,8.86e-05,0.418,0.397,132.024,335586.0,4,44.0
0.529,0.491,-6.249,0,0.193,0.154,0.136,0.54,113.996,276893.0,1,61.0
0.642,0.706,-7.712,1,0.103,0.259,0.375,0.669,106.241,298777.0,4,33.0
0.499,0.82,-6.163,0,0.0301,0.0495,0.345,0.593,144.949,265400.0,4,50.0
0.313,0.0516,-17.754,0,0.0443,0.986,0.0938,0.0846,86.103,241555.0,3,56.0
0.158,0.572,-6.293,0,0.0346,0.000926,0.144,0.347,79.176,223933.0,3,58.0
0.588,0.625,-9.502,1,0.212,0.69,0.0799,0.116,121.809,189013.0,4,54.0
0.558,0.596,-9.943,0,0.0607,0.0573,0.0776,0.244,169.925,4.276616667,3,20.0
0.874,0.649,-6.352,0,0.0331,0.326,0.0884,0.968,108.009,321080.0,4,15.0
0.731,0.84,-5.224,1,0.0282,0.047,0.0532,0.775,93.987,201711.0,4,48.0
0.335,0.459,-11.137,1,0.0288,0.276,0.106,0.37,185.161,215859.0,4,20.0
0.507,0.96,-6.224,1,0.0354,9.36e-05,0.208,0.967,135.024,195018.0,4,60.0
0.552,0.26,-12.774,1,0.0277,0.868,0.247,0.198,95.01,194751.0,4,6.0
0.285,0.973,-5.123,0,0.0965,4.7e-06,0.228,0.0769,159.75,323200.0,4,33.0
0.402,0.914,-5.215,1,0.142,0.000579,0.065,0.626,196.505,178267.0,4,73.0
0.15,0.25,-13.268,1,0.0424,0.0836,0.276,0.0355,135.451,476689.0,3,37.0
0.316,0.535,-12.924,1,0.0402,0.00143,0.872,0.577,162.264,477257.0,4,35.0
0.78,0.733,-5.958,1,0.0781,0.033,0.231,0.746,129.938,140445.0,4,46.0
0.786,0.689,-6.765,1,0.236,0.266,0.109,0.53,86.974,209655.0,4,57.0
0.775,0.518,-5.857,0,0.311,0.455,0.121,0.646,161.011,2.06645,4,79.0
0.506,0.489,-6.589,1,0.039,0.789,0.111,0.62,143.866,210454.0,4,55.0
0.761,0.514,-9.271,1,0.143,0.0492,0.217,0.258,110.042,182000.0,4,46.0
0.568,0.558,-8.553,1,0.0278,0.724,0.116,0.287,104.991,3.99933333,4,60.0
0.673,0.923,-3.628,0,0.0521,0.0107,0.12,0.946,139.969,181547.0,4,48.0
0.282,0.813,-3.261,0,0.0503,5.31e-06,0.499,0.387,70.994,197563.0,3,31.0
0.482,0.333,-9.78,1,0.0636,0.705,0.106,0.414,73.271,295547.0,4,55.0
0.647,0.62,-10.46,1,0.0432,0.151,0.132,0.873,119.4,228800.0,4,38.0
0.231,0.0768,-25.658,1,0.0508,0.944,0.0983,0.1,113.69,4.276666667,4,28.0
0.53,0.793,-7.662,1,0.0382,0.0132,0.236,0.603,101.258,206351.0,4,32.0
0.492,0.678,-5.121,1,0.0467,0.000295,0.364,0.349,104.428,196293.0,4,37.0
0.296,0.975,-3.676,0,0.225,0.000217,0.269,0.0724,119.491,311080.0,4,61.0
0.379,0.714,-6.341,0,0.132,0.0399,0.543,0.475,170.038,268335.0,4,30.0
0.723,0.863,-7.89,1,0.0338,0.0383,0.128,0.931,136.302,3.71355,4,76.0
0.595,0.91,-4.138,1,0.0535,0.000317,0.583,0.635,109.041,220144.0,3,38.0
0.819,0.705,-6.087,0,0.0278,0.138,0.0884,0.979,105.154,231147.0,4,35.0
0.374,0.118,-16.48,1,0.0365,0.97,0.083,0.0954,145.312,9.513116667,5,44.0
0.57,0.0532,-17.396,1,0.0517,0.992,0.1,0.108,118.767,2.772833333,3,46.0
0.503,0.825,-11.117,1,0.0383,0.000298,0.298,0.691,133.206,204107.0,4,15.0
0.716,0.693,-6.291,1,0.0335,0.327,0.0864,0.724,102.129,231667.0,4,29.0
0.45,0.894,-6.033,1,0.0519,9.45e-06,0.421,0.339,128.04,208863.0,4,34.0
0.604,0.605,-8.516,1,0.0352,0.115,0.305,0.647,147.925,4.754666667,4,58.0
0.603,0.827,-5.222,1,0.0282,0.138,0.123,0.664,107.009,236867.0,4,27.0
0.695,0.654,-10.254,0,0.0523,0.379,0.177,0.946,86.016,212093.0,4,36.0
0.54,0.522,-10.235,0,0.0295,0.421,0.079,0.469,82.006,464000.0,4,23.0
0.64,0.486,-10.322,1,0.0268,0.568,0.7,0.895,112.313,231131.0,4,49.0
0.66,0.522,-7.754,1,0.0323,0.196,0.356,0.524,135.825,161982.0,4,60.0
0.575,0.844,-1.772,0,0.0633,0.226,0.0538,0.542,87.007,3.222216667,4,65.0
0.336,0.909,-11.019,1,0.039,0.204,0.333,0.956,172.162,143227.0,4,53.0
0.907,0.734,-3.112,1,0.317,0.0741,0.105,0.351,133.964,152749.0,4,33.0
0.276,0.715,-5.356,1,0.0432,0.00552,0.201,0.173,137.028,230760.0,4,77.0
0.659,0.663,-6.353,1,0.0292,0.31,0.0745,0.961,133.849,2.90555,4,54.0
0.554,0.918,-6.172,0,0.107,2.86e-05,0.551,0.27,120.05,356160.0,4,31.0
0.592,0.752,-7.309,0,0.0269,0.33,0.0545,0.379,100.038,332693.0,4,26.0
0.562,0.991,-2.654,1,0.0745,0.0373,0.425,0.266,118.004,263560.0,4,54.0
0.93,0.467,-8.449,1,0.116,0.00906,0.131,0.169,139.972,164633.0,4,73.0
0.697,0.667,-6.354,1,0.0395,0.0038,0.236,0.698,136.051,187059.0,3,40.0
0.385,0.243,-18.084,0,0.461,0.631,0.672,0.372,76.484,21.59266667,3,10.0
0.806,0.741,-7.535,1,0.209,0.278,0.0985,0.286,105.022,148793.0,4,41.0
0.386,0.94,-5.235,0,0.0871,6.8e-05,0.329,0.378,150.112,188780.0,4,41.0
0.451,0.547,-8.522,0,0.0435,0.504,0.326,0.126,87.721,390600.0,4,29.0
0.904,0.498,-7.86,1,0.324,0.00919,0.0791,0.145,132.992,202411.0,4,69.0
0.603,0.675,-11.04,0,0.0439,0.428,0.0893,0.533,104.946,4.7,4,32.0
0.6,0.624,-10.727,1,0.0387,0.468,0.166,0.756,98.586,252493.0,4,17.0
0.908,0.517,-11.018,1,0.165,0.00834,0.142,0.539,125.055,217427.0,4,49.0
0.488,0.0527,-27.331,1,0.0478,0.971,0.0882,0.193,49.689,5.103783333,4,59.0
0.543,0.922,-5.521,1,0.112,0.0598,0.109,0.73,121.984,270145.0,4,49.0
0.465,0.865,-9.573,0,0.098,0.018,0.0769,0.677,117.528,237893.0,4,67.0
0.592,0.901,-4.004,1,0.0349,0.00151,0.351,0.836,105.065,225318.0,4,40.0
0.398,0.838,-6.679,1,0.102,0.00127,0.576,0.747,116.913,191293.0,4,2.0
0.282,0.843,-6.002,0,0.114,0.000839,0.0699,0.418,175.798,161054.0,4,55.0
0.492,0.264,-13.1,1,0.0308,0.941,0.241,0.515,109.057,4.750366667,4,30.0
0.367,0.856,-11.546,1,0.065,6.98e-05,0.0492,0.322,167.849,220000.0,4,36.0
0.684,0.659,-5.713,1,0.0234,0.027,0.15,0.319,110.159,274480.0,4,48.0
0.546,0.389,-14.135,0,0.0918,0.777,0.0994,0.682,164.443,178959.0,4,37.0
0.883,0.674,-8.043,0,0.357,0.21,0.0678,0.73,141.02,278085.0,4,90.0
0.613,0.548,-6.534,0,0.0282,0.439,0.116,0.479,139.963,208666.0,4,31.0
0.455,0.858,-5.659,0,0.0391,0.000616,0.226,0.597,163.118,207467.0,4,69.0
0.409,0.717,-7.75,1,0.0395,0.000578,0.0827,0.311,169.212,188693.0,4,56.0
0.707,0.275,-14.026,0,0.163,0.91,0.112,0.619,108.657,163944.0,4,34.0
0.812,0.6,-9.414,1,0.254,0.00308,0.173,0.555,97.338,226440.0,4,64.0
0.781,0.407,-9.695,1,0.143,0.325,0.153,0.314,91.046,123280.0,4,7.0
0.316,0.426,-9.745,1,0.0329,0.631,0.103,0.252,130.013,4.587533333,1,15.0
0.375,0.744,-6.666,0,0.0481,0.00107,0.329,0.687,102.718,162039.0,4,11.0
0.503,0.548,-7.564,0,0.164,0.0751,0.145,0.441,94.036,228920.0,4,85.0
0.341,0.721,-6.614,0,0.034,0.00593,0.79,0.623,115.014,220404.0,4,34.0
0.693,0.562,-7.323,1,0.0379,0.195,0.123,0.183,123.979,197947.0,4,58.0
0.882,0.839,-3.193,1,0.082,0.156,0.132,0.71,117.032,170653.0,4,72.0
0.736,0.811,-4.17,0,0.081,0.00132,0.107,0.609,103.502,216733.0,4,72.0
0.537,0.355,-11.241,1,0.0363,0.357,0.132,0.39,113.994,214573.0,4,37.0
0.473,0.963,-1.558,1,0.0571,0.00104,0.191,0.739,157.929,219493.0,4,30.0
0.435,0.774,-5.052,1,0.0631,0.014,0.127,0.448,147.466,228707.0,4,52.0
0.898,0.529,-5.428,1,0.2,0.0699,0.536,0.8,110.032,188963.0,4,70.0
0.615,0.893,-6.139,1,0.102,0.00291,0.199,0.555,127.834,208533.0,4,43.0
0.393,0.517,-6.446,1,0.246,0.0379,0.0738,0.535,70.59,202148.0,4,54.0
0.494,0.756,-8.492,1,0.0499,0.733,0.76,0.949,86.895,2.26711667,4,67.0
0.546,0.744,-4.042,0,0.173,0.217,0.0826,0.668,81.669,202683.0,4,28.0
0.301,0.932,-6.21,1,0.141,1.93e-05,0.33,0.373,136.057,174253.0,4,44.0
0.591,0.42,-6.986,1,0.0317,0.0146,0.101,0.52,129.918,197783.0,4,50.0
0.452,0.916,-3.17,1,0.0478,0.000308,0.118,0.592,90.995,205091.0,4,57.0
0.705,0.842,-6.093,0,0.0483,0.0605,0.141,0.62,130.019,218120.0,4,53.0
0.291,0.8,-8.02,1,0.0422,0.0772,0.0953,0.499,174.713,126771.0,3,32.0
0.287,0.991,-0.645,0,0.123,0.00657,0.368,0.108,159.831,199747.0,4,42.0
0.41,0.529,-9.662,0,0.039,0.406,0.11,0.828,160.06,178860.0,3,54.0
0.262,0.969,-4.675,1,0.0894,3.69e-06,0.133,0.263,158.433,184040.0,4,60.0
0.581,0.809,-9.67,1,0.0397,0.00304,0.3,0.19,127.991,274000.0,4,37.0
0.619,0.629,-4.109,0,0.33,0.0473,0.314,0.262,123.003,258133.0,4,40.0
0.5,0.673,-10.292,1,0.0367,0.0729,0.493,0.56,149.326,3.822666667,4,29.0
0.596,0.901,-7.373,1,0.0482,0.0362,0.0698,0.621,137.359,219467.0,4,64.0
0.602,0.477,-8.425,1,0.032,0.268,0.173,0.552,183.89,213493.0,4,76.0
0.274,0.567,-5.98,1,0.0276,0.0861,0.398,0.29,144.713,249320.0,4,43.0
0.352,0.911,-5.23,1,0.0747,0.00121,0.0995,0.236,148.033,222973.0,4,82.0
0.552,0.669,-4.462,1,0.0329,0.00697,0.0781,0.561,126.092,200200.0,4,52.0
0.622,0.41,-14.002,1,0.409,0.451,0.191,0.472,77.426,183901.0,4,43.0
0.62,0.446,-14.451,0,0.0347,0.589,0.0727,0.868,88.591,2.598,4,74.0
0.562,0.47,-8.876,0,0.087,0.174,0.213,0.215,169.925,270973.0,4,54.0
0.289,0.841,-4.33,1,0.146,0.00582,0.267,0.399,183.17,208134.0,3,55.0
0.509,0.405,-8.779,0,0.036,0.319,0.123,0.274,141.509,215947.0,3,31.0
0.574,0.691,-7.805,0,0.0336,0.0142,0.169,0.767,95.009,136632.0,4,54.0
0.666,0.936,-9.919,1,0.0476,0.00244,0.153,0.776,91.577,282907.0,4,73.0
0.54,0.631,-4.569,1,0.0336,0.00316,0.104,0.194,84.903,151989.0,4,68.0
0.778,0.6,-9.764,1,0.031,0.297,0.12,0.848,100.189,290013.0,4,11.0
0.716,0.552,-6.927,0,0.0863,0.202,0.0942,0.181,103.002,248977.0,4,44.0
0.568,0.971,-3.478,1,0.0543,0.0518,0.265,0.778,139.27,241333.0,4,49.0
0.627,0.438,-11.578,0,0.0396,0.161,0.306,0.273,124.208,286000.0,4,34.0
0.357,0.658,-8.197,1,0.0621,0.0078,0.132,0.227,164.221,215912.0,4,40.0
0.365,0.893,-3.983,0,0.0841,0.00331,0.142,0.612,163.39,168891.0,4,31.0
0.277,0.848,-7.714,1,0.0789,0.00421,0.0896,0.126,128.194,208493.0,4,28.0
0.707,0.52,-8.495,1,0.0419,0.137,0.131,0.597,92.969,224267.0,4,42.0
0.515,0.584,-4.285,1,0.0248,0.363,0.137,0.298,90.009,277750.0,4,33.0
0.275,0.376,-5.798,1,0.029,0.35,0.114,0.325,137.545,267173.0,4,44.0
0.466,0.441,-6.096,0,0.127,0.655,0.101,0.345,74.097,207568.0,4,40.0
0.664,0.828,-6.053,1,0.0404,0.00839,0.294,0.82,103.985,190718.0,4,71.0
0.42,0.876,-5.35,0,0.098,0.0235,0.157,0.117,119.091,353806.0,4,52.0
0.585,0.907,-4.787,1,0.102,7.21e-05,0.0682,0.573,92.634,178667.0,4,54.0
0.797,0.713,-4.384,1,0.279,0.0696,0.0694,0.464,130.059,154462.0,4,64.0
0.537,0.425,-9.499,0,0.0392,0.391,0.115,0.0728,109.02,295890.0,4,47.0
0.517,0.583,-6.792,1,0.0299,0.188,0.234,0.43,78.027,4.302966667,4,14.0
0.598,0.171,-18.199,1,0.0302,0.937,0.102,0.288,137.757,253000.0,4,24.0
0.442,0.765,-5.63,0,0.255,0.000146,0.313,0.671,162.74,186933.0,5,21.0
0.476,0.971,-3.797,0,0.0964,5.25e-05,0.316,0.207,140.02,249468.0,3,54.0
0.488,0.78,-4.971,1,0.0412,0.0162,0.0968,0.355,87.937,207614.0,4,34.0
0.389,0.314,-8.559,1,0.0345,0.772,0.109,0.107,95.641,228080.0,4,53.0
0.671,0.873,-4.83,0,0.0401,0.00153,0.0411,0.922,110.021,398400.0,4,31.0
0.495,0.844,-4.448,1,0.0433,9.75e-05,0.447,0.46,119.958,185916.0,4,23.0
0.633,0.846,-6.347,1,0.0337,0.000819,0.0762,0.448,89.23,323933.0,4,69.0
0.496,0.863,-4.153,1,0.0381,0.0046,0.639,0.243,110.018,185587.0,4,82.0
0.621,0.921,-6.847,1,0.0418,0.087,0.232,0.781,120.012,153398.0,4,27.0
0.495,0.71,-8.533,1,0.0486,0.275,0.195,0.495,153.617,183187.0,4,19.0
0.417,0.569,-7.56,1,0.0303,0.000302,0.104,0.0352,140.02,366957.0,4,35.0
0.563,0.614,-6.695,0,0.0394,0.845,0.167,0.962,154.797,3.543783333,3,14.0
0.548,0.682,-7.105,1,0.0356,0.323,0.105,0.458,107.939,381428.0,4,37.0
0.673,0.657,-5.859,0,0.0332,0.0314,0.35,0.949,78.977,185760.0,4,21.0
0.593,0.702,-12.668,1,0.0409,0.002,0.19,0.901,142.006,238133.0,4,51.0
0.266,0.0128,-24.109,1,0.052,0.909,0.131,0.0637,65.694,0.987116667,3,43.0
0.116,0.963,-4.829,1,0.133,1.02e-06,0.0765,0.224,91.439,245461.0,4,38.0
0.701,0.518,-8.892,0,0.0415,0.406,0.122,0.551,100.018,7.08,4,25.0
0.525,0.902,-8.662,1,0.0368,0.000989,0.137,0.907,146.83,204621.0,4,60.0
0.151,0.992,-4.451,1,0.191,2.94e-05,0.183,0.068,143.467,202147.0,4,35.0
0.548,0.161,-14.991,1,0.0326,0.861,0.102,0.309,80.069,190900.0,4,36.0
0.803,0.545,-8.822,1,0.279,0.0336,0.112,0.0993,144.01,183230.0,4,50.0
0.674,0.537,-10.971,0,0.0363,0.566,0.131,0.809,110.578,2.692216667,4,72.0
0.33,0.507,-8.515,0,0.0404,0.557,0.12,0.232,79.96,194374.0,4,30.0
0.479,0.115,-20.306,0,0.0343,0.936,0.152,0.115,116.047,5.174166667,4,52.0
0.783,0.82,-6.102,1,0.0489,0.00054,0.0628,0.235,129.015,339213.0,4,18.0
0.533,0.704,-9.97,1,0.0485,0.164,0.0739,0.696,118.935,206893.0,4,28.0
0.875,0.661,-6.71,0,0.259,0.41,0.0889,0.739,141.894,174557.0,4,59.0
0.559,0.552,-8.414,1,0.0335,0.00888,0.0725,0.342,130.04,256187.0,4,47.0
0.46,0.949,-5.59,1,0.084,0.00141,0.234,0.214,146.051,113752.0,4,32.0
0.552,0.618,-8.155,0,0.0317,0.486,0.313,0.442,157.956,275661.0,4,37.0
0.657,0.716,-7.76,0,0.0264,0.2,0.173,0.513,112.045,271107.0,4,50.0
0.291,0.974,-2.997,0,0.171,0.0177,0.886,0.348,134.724,278600.0,4,75.0
0.533,0.924,-11.679,0,0.0721,0.00185,0.373,0.371,128.548,253960.0,4,51.0
0.534,0.623,-7.144,1,0.0247,0.668,0.121,0.395,82.487,275013.0,4,53.0
0.606,0.457,-14.035,0,0.0497,0.713,0.0747,0.813,92.033,4.06711667,4,75.0
0.635,0.875,-8.536,0,0.0421,0.000722,0.483,0.934,149.98,324667.0,4,28.0
0.409,0.377,-13.552,1,0.0346,0.622,0.107,0.513,156.291,257802.0,4,41.0
0.504,0.607,-8.561,1,0.033,0.0288,0.112,0.0366,101.031,318694.0,4,43.0
0.378,0.986,-2.769,1,0.0832,0.000248,0.0833,0.492,94.458,216133.0,4,56.0
0.699,0.886,-4.394,0,0.0555,0.0322,0.134,0.67,101.952,224365.0,4,28.0
0.315,0.961,-2.722,0,0.094,3.09e-05,0.321,0.501,99.024,192413.0,4,17.0
0.454,0.957,-5.458,1,0.105,0.000104,0.372,0.592,155.028,170323.0,4,29.0
0.197,0.28,-8.395,1,0.0332,0.672,0.0905,0.0718,90.639,213180.0,4,40.0
0.478,0.344,-11.238,1,0.0363,0.854,0.818,0.27,128.286,4.161116667,4,37.0
0.491,0.89,-7.115,0,0.0433,7.36e-06,0.25,0.555,137.989,243520.0,1,10.0
0.613,0.441,-11.999,1,0.0309,0.546,0.0869,0.525,87.573,360667.0,4,71.0
0.847,0.654,-5.431,0,0.0378,0.0748,0.128,0.875,119.955,138043.0,4,34.0
0.725,0.747,-5.545,1,0.0876,0.0272,0.104,0.38,132.921,191956.0,4,67.0
0.743,0.347,-11.174,1,0.121,0.167,0.103,0.572,160.143,326933.0,4,83.0
0.439,0.971,-5.855,0,0.177,0.0148,0.255,0.24,118.369,163880.0,4,53.0
0.534,0.471,-8.485,0,0.128,0.315,0.241,0.367,75.01,163159.0,4,43.0
0.461,0.168,-16.225,0,0.042,0.449,0.265,0.309,169.675,422464.0,4,52.0
0.357,0.981,-3.452,0,0.231,0.000279,0.0986,0.202,112.493,231798.0,3,37.0
0.55,0.648,-6.5,0,0.0557,0.276,0.069,0.352,80.03,6.280916667,4,37.0
0.408,0.532,-7.933,1,0.0325,0.134,0.0966,0.241,99.672,247545.0,4,49.0
0.577,0.464,-10.061,0,0.0585,0.558,0.259,0.548,110.959,299067.0,4,20.0
0.472,0.653,-7.267,0,0.0522,0.733,0.206,0.624,168.922,231926.0,4,30.0
0.611,0.834,-4.528,0,0.0299,0.0544,0.232,0.643,109.997,219440.0,4,61.0
0.777,0.482,-8.411,1,0.109,0.00734,0.237,0.532,76.487,170107.0,4,62.0
0.473,0.437,-10.944,1,0.0353,0.654,0.0684,0.587,95.523,7.267116667,4,38.0
0.427,0.843,-4.54,1,0.0364,0.00216,0.179,0.304,147.387,200480.0,3,63.0
0.44,0.345,-9.796,1,0.0272,0.614,0.0992,0.126,80.865,240500.0,4,35.0
0.493,0.937,-3.555,0,0.0884,0.0198,0.103,0.435,155.179,290417.0,4,32.0
0.531,0.826,-5.13,1,0.0391,0.00386,0.48,0.455,90.035,201847.0,4,36.0
0.484,0.475,-9.647,0,0.0287,0.00632,0.14,0.33,100.042,207853.0,4,40.0
0.399,0.854,-4.97,0,0.0294,0.00107,0.0893,0.872,172.478,240387.0,4,61.0
0.669,0.8,-4.857,0,0.0456,0.0221,0.26,0.425,113.027,248513.0,4,32.0
0.495,0.931,-5.336,0,0.0469,0.0025,0.246,0.617,104.05,244293.0,4,66.0
0.44,0.568,-8.54,1,0.0293,0.00442,0.119,0.248,118.389,535800.0,3,59.0
0.4,0.906,-4.761,1,0.058,5.12e-05,0.278,0.227,100.052,315150.0,4,47.0
0.605,0.822,-4.833,1,0.0438,0.00671,0.147,0.288,167.997,187147.0,4,83.0
0.481,0.895,-3.073,1,0.0703,0.0707,0.953,0.43,119.932,7.226883333,4,25.0
0.404,0.662,-8.606,0,0.059,0.547,0.346,0.507,100.195,5.794666667,4,49.0
0.187,0.163,-17.649,0,0.042,0.715,0.107,0.0347,54.114,4.267333333,4,28.0
0.34,0.708,-4.494,1,0.0426,0.0058,0.0778,0.475,117.092,192582.0,4,11.0
0.662,0.73,-5.385,1,0.0259,0.0131,0.0328,0.843,98.975,172590.0,4,38.0
0.315,0.973,-3.882,1,0.257,0.000742,0.482,0.448,184.993,216267.0,4,13.0
0.567,0.793,-7.004,1,0.0368,0.324,0.0742,0.441,114.972,193008.0,4,25.0
0.663,0.767,-4.149,1,0.215,0.133,0.0777,0.619,137.569,253913.0,4,29.0
0.507,0.763,-12.732,1,0.0945,0.172,0.324,0.708,176.193,186853.0,4,64.0
0.314,0.863,-7.2,1,0.0477,1.27e-06,0.0886,0.256,134.815,372640.0,4,34.0
0.631,0.883,-6.683,1,0.0567,0.242,0.11,0.38,108.005,317507.0,4,37.0
0.436,0.95,-7.182,1,0.0589,0.000521,0.1,0.561,180.087,186987.0,4,55.0
0.59,0.214,-12.023,0,0.0412,0.895,0.105,0.167,134.804,3.05348333,4,48.0
0.523,0.537,-4.958,1,0.0274,0.0499,0.222,0.167,91.728,162867.0,4,61.0
0.677,0.743,-5.876,1,0.0611,0.0135,0.0581,0.469,127.971,248200.0,4,55.0
0.448,0.649,-5.925,1,0.0434,0.418,0.0976,0.575,195.925,3.327333333,4,65.0
0.586,0.816,-8.036,1,0.0886,0.293,0.0726,0.701,97.538,298933.0,4,29.0
0.449,0.246,-14.743,0,0.0392,0.944,0.417,0.226,110.614,269000.0,3,26.0
0.391,0.684,-11.35,1,0.0302,0.000724,0.0913,0.283,107.074,364048.0,4,40.0
0.457,0.93,-4.544,0,0.0673,0.0309,0.135,0.294,139.819,309307.0,4,60.0
0.629,0.741,-1.521,0,0.146,0.532,0.119,0.816,103.715,168013.0,4,59.0
0.422,0.396,-9.048,1,0.0306,0.579,0.12,0.319,141.098,4.22445,4,43.0
0.426,0.92,-5.503,1,0.0447,0.000114,0.335,0.688,127.532,227120.0,4,31.0
0.42,0.398,-13.626,1,0.025,0.219,0.258,0.267,77.689,298280.0,4,48.0
0.338,0.723,-5.889,1,0.0439,0.29,0.169,0.163,107.225,250680.0,4,25.0
0.526,0.761,-6.151,1,0.0258,7.54e-05,0.109,0.282,100.057,216107.0,4,42.0
0.438,0.778,-7.452,1,0.0683,0.00269,0.0893,0.457,95.775,195987.0,4,41.0
0.565,0.764,-9.43,1,0.0351,0.0139,0.079,0.686,100.891,277480.0,4,59.0
0.508,0.826,-4.088,0,0.0405,0.018,0.28,0.404,120.854,205067.0,4,65.0
0.527,0.523,-11.451,0,0.0871,0.11,0.162,0.456,159.878,5.206666667,4,48.0
0.441,0.994,-2.934,1,0.239,7.25e-05,0.382,0.0478,139.931,213125.0,4,45.0
0.665,0.861,-6.808,1,0.209,0.00392,0.117,0.698,123.058,160976.0,4,37.0
0.562,0.565,-5.111,1,0.044,0.438,0.138,0.208,89.862,176566.0,4,58.0
0.582,0.465,-11.032,0,0.0555,0.0591,0.267,0.33,147.959,298213.0,4,48.0
0.877,0.534,-6.178,1,0.15,0.0339,0.0441,0.89,108.17,197560.0,4,71.0
0.417,0.538,-6.085,1,0.0285,0.358,0.107,0.338,137.443,4.658,4,36.0
0.514,0.926,-6.579,0,0.0349,2.3e-06,0.126,0.173,129.027,194453.0,4,40.0
0.39,0.215,-11.473,0,0.0328,0.0849,0.0958,0.119,117.513,258707.0,4,40.0
0.403,0.422,-13.964,0,0.0373,0.134,0.0861,0.378,122.728,241293.0,4,74.0
0.696,0.451,-9.591,1,0.435,0.33,0.0955,0.539,74.518,161091.0,4,25.0
0.525,0.335,-15.751,0,0.0335,0.566,0.0931,0.285,106.444,4.052133333,4,44.0
0.354,0.276,-14.999,1,0.0295,0.745,0.11,0.427,82.787,2.431116667,3,50.0
0.356,0.899,-6.211,1,0.243,0.00755,0.28,0.456,140.82,177547.0,4,38.0
0.758,0.867,-5.087,1,0.0475,0.152,0.308,0.964,102.018,2.776216667,4,66.0
0.498,0.685,-5.732,0,0.0949,0.0113,0.0875,0.628,163.171,166995.0,4,32.0
0.542,0.521,-12.566,0,0.104,0.884,0.124,0.176,194.049,376082.0,4,45.0
0.4,0.52,-12.225,1,0.0323,0.0646,0.223,0.51,103.225,238200.0,3,20.0
0.215,0.263,-14.416,1,0.0378,0.947,0.0919,0.307,172.332,232373.0,4,64.0
0.435,0.811,-5.594,1,0.0357,0.00047,0.163,0.174,152.041,3.288883333,4,71.0
0.86,0.71,-5.705,1,0.285,0.177,0.0865,0.764,122.993,316053.0,4,52.0
0.352,0.204,-15.414,1,0.0311,0.76,0.327,0.524,83.342,3.79645,4,47.0
0.689,0.72,-6.85,1,0.0365,0.00244,0.111,0.399,120.0,185492.0,4,34.0
0.602,0.633,-9.756,1,0.0314,0.502,0.0614,0.931,98.995,138547.0,4,57.0
0.383,0.475,-11.842,0,0.0278,0.00706,0.108,0.339,141.423,383101.0,4,41.0
0.593,0.849,-5.265,0,0.0392,0.0369,0.104,0.636,121.797,402800.0,4,15.0
0.533,0.9,-4.973,0,0.0495,0.00143,0.129,0.0795,99.983,220617.0,4,62.0
0.679,0.769,-7.289,1,0.0415,0.158,0.07,0.83,134.933,284936.0,4,40.0
0.426,0.92,-5.503,1,0.0447,0.000114,0.335,0.688,127.532,227120.0,4,31.0
0.601,0.657,-8.673,0,0.0274,0.362,0.156,0.288,125.0,293026.0,4,34.0
0.405,0.91,-5.441,1,0.0428,5.61e-05,0.0652,0.575,151.915,311907.0,4,53.0
0.659,0.683,-5.623,1,0.0312,0.513,0.133,0.397,139.931,203373.0,4,73.0
0.541,0.775,-8.041,1,0.0297,0.00151,0.178,0.271,98.992,363800.0,4,63.0
0.366,0.84,-4.319,1,0.217,0.891,0.088,0.853,99.542,5.76955,4,9.0
0.763,0.524,-7.725,1,0.0759,0.0249,0.117,0.411,93.998,253330.0,4,39.0
0.485,0.9,-4.89,1,0.0361,0.000691,0.112,0.351,131.36,242693.0,4,36.0
0.43,0.954,-4.541,1,0.105,0.261,0.155,0.79,135.96,153160.0,4,50.0
0.607,0.878,-10.327,1,0.0973,0.000264,0.365,0.225,105.025,167293.0,4,22.0
0.405,0.963,-2.115,0,0.133,0.000911,0.188,0.403,175.068,243000.0,4,40.0
0.325,0.137,-22.227,0,0.0376,0.99,0.105,0.0549,125.973,4.884716667,4,33.0
0.584,0.931,-6.158,1,0.0344,0.00315,0.133,0.694,131.275,211707.0,4,68.0
0.57,0.0742,-22.896,0,0.0634,0.939,0.332,0.117,129.869,5.44155,3,24.0
0.527,0.303,-18.496,1,0.0365,0.763,0.0609,0.582,96.469,5.5,4,43.0
0.608,0.738,-2.923,1,0.0332,0.361,0.7,0.657,90.971,218901.0,4,22.0
0.577,0.482,-11.352,1,0.0352,0.833,0.0944,0.813,104.237,329867.0,4,19.0
0.328,0.0699,-19.37,1,0.0425,0.908,0.0897,0.106,91.372,238627.0,4,14.0
0.914,0.752,-8.085,0,0.0866,0.000507,0.3,0.614,135.053,142498.0,4,42.0
0.498,0.496,-7.494,1,0.0291,0.00676,0.623,0.153,140.019,241302.0,3,30.0
0.471,0.849,-5.563,1,0.0713,0.015,0.109,0.196,116.404,240573.0,4,38.0
0.598,0.526,-8.659,0,0.0415,0.129,0.14,0.529,123.935,168387.0,4,83.0
0.381,0.897,-5.784,1,0.0924,0.000328,0.0592,0.554,146.056,187053.0,3,37.0
0.474,0.498,-10.146,1,0.0302,0.725,0.0852,0.759,100.93,5.414883333,4,50.0
0.443,0.959,-7.182,0,0.0586,5.08e-06,0.105,0.514,100.017,238200.0,4,32.0
0.183,0.0288,-30.479,1,0.0452,0.945,0.0863,0.0386,117.017,3.45,4,20.0
0.47,0.974,-6.334,1,0.0617,0.00029,0.106,0.431,95.014,367707.0,4,43.0
0.524,0.955,-6.309,1,0.0986,1.9e-05,0.109,0.334,117.997,197288.0,4,29.0
0.734,0.415,-8.593,0,0.0305,0.559,0.0918,0.364,97.954,137195.0,4,61.0
0.514,0.664,-7.482,1,0.12,0.811,0.348,0.511,86.096,85957.0,4,51.0
0.599,0.121,-18.501,1,0.0583,0.992,0.0933,0.568,102.598,189187.0,4,26.0
0.812,0.516,-6.963,1,0.224,0.000369,0.0991,0.633,127.498,284280.0,4,58.0
0.479,0.865,-8.281,0,0.0339,3.1e-05,0.182,0.77,137.902,215203.0,4,64.0
0.866,0.48,-11.812,0,0.155,0.206,0.0993,0.566,144.905,236280.0,4,43.0
0.2,0.86,-6.103,0,0.043,1.16e-05,0.0794,0.524,89.774,240320.0,4,36.0
0.549,0.418,-13.172,1,0.0423,0.788,0.112,0.692,171.98,3.506283333,4,59.0
0.636,0.774,-5.219,1,0.0449,0.00335,0.076,0.906,109.999,206662.0,4,52.0
0.282,0.963,-5.558,1,0.0584,0.000651,0.338,0.643,96.155,266124.0,4,42.0
0.88,0.814,-6.307,0,0.14,0.168,0.0584,0.942,138.083,283067.0,4,68.0
0.83,0.817,-6.539,0,0.077,0.00096,0.112,0.622,107.908,288053.0,4,44.0
0.677,0.72,-10.376,1,0.0957,0.224,0.961,0.85,95.808,303933.0,4,5.0
0.482,0.834,-4.262,1,0.256,0.0888,0.167,0.454,117.334,160627.0,5,53.0
0.324,0.136,-10.33,1,0.0318,0.931,0.176,0.0831,97.256,413827.0,3,72.0
0.269,0.289,-15.028,1,0.0335,0.264,0.117,0.104,96.774,361453.0,4,37.0
0.566,0.577,-5.868,0,0.0292,0.00449,0.386,0.217,109.938,452080.0,4,42.0
0.572,0.859,-6.785,1,0.0352,2.94e-05,0.201,0.106,110.034,253293.0,4,52.0
0.724,0.806,-3.993,1,0.175,0.054,0.053,0.449,102.924,152824.0,4,68.0
0.532,0.473,-7.179,1,0.0295,0.647,0.0753,0.345,145.072,290483.0,3,51.0
0.335,0.996,-6.017,0,0.0808,1.98e-05,0.384,0.167,100.718,194533.0,4,30.0
0.52,0.274,-10.661,0,0.0363,0.843,0.0724,0.222,64.21,209246.0,4,57.0
0.638,0.642,-4.422,1,0.0639,0.00153,0.0826,0.676,165.984,194323.0,4,53.0
0.753,0.715,-7.437,1,0.0494,0.00839,0.105,0.315,123.979,177842.0,4,58.0
0.66,0.696,-7.096,1,0.0367,0.448,0.0621,0.598,110.016,258400.0,4,34.0
0.338,0.447,-11.091,1,0.0411,0.408,0.402,0.326,79.005,4.08671667,4,51.0
0.552,0.827,-11.81,1,0.0363,0.0212,0.353,0.764,127.848,291040.0,4,41.0
0.394,0.846,-6.006,1,0.0409,0.000156,0.145,0.347,144.094,226613.0,4,27.0
0.703,0.691,-6.121,1,0.0417,0.00544,0.23,0.715,164.101,190648.0,4,53.0
0.591,0.941,-3.519,1,0.136,0.0407,0.113,0.421,107.923,222277.0,4,39.0
0.336,0.416,-12.956,1,0.0252,0.0443,0.163,0.166,99.716,434000.0,4,42.0
0.471,0.649,-9.742,0,0.0436,0.636,0.333,0.707,111.535,5.368666667,4,23.0
0.695,0.687,-9.075,1,0.0728,0.0024,0.174,0.786,159.03,225027.0,4,55.0
0.345,0.811,-11.948,0,0.0654,0.0606,0.357,0.625,142.834,183824.0,4,45.0
0.393,0.777,-6.206,1,0.0395,0.000969,0.0823,0.291,154.008,281733.0,4,14.0
0.709,0.797,-10.454,1,0.0311,0.0034,0.0828,0.802,126.011,239827.0,4,28.0
0.477,0.615,-14.173,0,0.0549,0.00369,0.519,0.393,130.716,342573.0,4,6.0
0.627,0.719,-3.201,0,0.0287,0.128,0.109,0.628,113.146,219733.0,4,31.0
0.621,0.689,-6.473,1,0.0826,0.509,0.165,0.3,79.128,145362.0,4,33.0
0.635,0.184,-10.785,1,0.0456,0.665,0.146,0.177,128.424,240200.0,4,74.0
0.545,0.717,-6.869,1,0.036,0.00417,0.136,0.589,118.515,239621.0,4,54.0
0.655,0.757,-2.979,0,0.113,0.264,0.224,0.848,163.963,213659.0,4,30.0
0.211,0.973,-3.292,1,0.154,0.0015,0.0597,0.309,154.295,184640.0,4,47.0
0.517,0.881,-6.079,1,0.0541,0.00709,0.118,0.832,166.985,292235.0,4,41.0
0.793,0.838,-5.699,0,0.0306,0.0383,0.349,0.657,116.026,143744.0,4,47.0
0.261,0.922,-6.305,1,0.118,6.23e-05,0.378,0.31,148.677,205507.0,4,36.0
0.824,0.3,-6.678,0,0.0565,0.854,0.174,0.227,112.867,175980.0,4,60.0
0.725,0.804,-10.193,0,0.46,0.0796,0.224,0.531,107.965,241111.0,4,26.0
0.623,0.709,-9.818,0,0.0636,0.102,0.0967,0.948,122.394,165381.0,4,66.0
0.371,0.866,-7.426,1,0.039,5.91e-06,0.196,0.447,87.254,298253.0,4,60.0
0.311,0.882,-3.26,1,0.215,0.00895,0.253,0.435,162.189,317987.0,4,56.0
0.705,0.373,-9.066,1,0.0384,0.723,0.289,0.551,120.046,208026.0,4,76.0
0.786,0.712,-5.349,0,0.0678,0.0706,0.236,0.795,130.144,180231.0,4,65.0
0.691,0.748,-9.94,1,0.05,0.0791,0.115,0.548,103.012,248932.0,4,22.0
0.419,0.857,-11.931,1,0.0322,0.000508,0.3,0.63,96.296,3.86155,4,42.0
0.117,0.061,-25.826,1,0.0344,0.839,0.0928,0.0384,71.661,1.473966667,4,38.0
0.735,0.853,-6.921,0,0.321,0.00515,0.089,0.482,88.371,223960.0,4,41.0
0.701,0.257,-10.407,1,0.0319,0.897,0.0963,0.405,111.003,3.31531667,4,46.0
0.699,0.532,-9.765,1,0.0361,0.844,0.118,0.682,126.091,167173.0,4,31.0
0.633,0.885,-2.626,0,0.144,0.0294,0.339,0.394,92.075,142640.0,4,44.0
0.409,0.51,-10.333,0,0.0307,0.205,0.0813,0.138,137.19,415746.0,4,34.0
0.54,0.584,-9.579,1,0.0254,0.0108,0.253,0.244,139.261,386493.0,4,73.0
0.813,0.706,-9.482,1,0.0642,0.0696,0.117,0.557,115.001,4.31305,4,53.0
0.466,0.938,-5.176,0,0.0703,0.0023,0.232,0.287,85.539,221855.0,4,41.0
0.751,0.88,-3.079,0,0.109,0.0599,0.327,0.928,100.047,148013.0,4,35.0
0.806,0.462,-12.778,1,0.0298,0.78,0.15,0.736,92.726,191227.0,4,71.0
0.647,0.608,-6.831,1,0.42,0.13,0.0584,0.474,125.994,175238.0,4,85.0
0.391,0.808,-6.209,0,0.0892,0.0759,0.149,0.737,100.304,203507.0,4,74.0
0.808,0.97,-6.098,0,0.0506,0.0569,0.154,0.868,114.328,242293.0,4,82.0
0.633,0.766,-6.696,1,0.0445,0.00791,0.253,0.394,133.017,220528.0,4,56.0
0.46,0.586,-6.32,1,0.0281,0.446,0.0831,0.489,122.014,3.78266667,4,60.0
0.827,0.519,-9.547,1,0.0337,0.768,0.11,0.812,119.003,3.09395,4,37.0
0.279,0.969,-4.005,1,0.334,0.000418,0.389,0.34,159.794,172500.0,4,37.0
0.833,0.766,-4.309,1,0.406,0.0796,0.158,0.63,144.916,211834.0,4,61.0
0.403,0.394,-8.368,1,0.0257,0.426,0.135,0.471,81.675,348707.0,4,53.0
0.47,0.654,-5.282,1,0.0283,0.0172,0.198,0.33,87.997,143589.0,4,19.0
0.831,0.444,-5.787,0,0.0433,0.000351,0.0724,0.924,121.994,192120.0,4,19.0
0.392,0.951,-5.992,1,0.116,6.47e-05,0.247,0.438,160.005,201453.0,4,37.0
0.677,0.696,-6.181,1,0.119,0.321,0.42,0.464,90.03,3.301366667,4,95.0
0.326,0.897,-6.622,0,0.0793,0.0093,0.115,0.401,164.741,191493.0,4,25.0
0.548,0.543,-7.309,1,0.0315,0.234,0.107,0.584,80.979,134780.0,4,42.0
0.606,0.457,-16.129,1,0.0358,0.0987,0.146,0.213,81.941,213333.0,4,46.0
0.724,0.314,-10.887,0,0.0718,0.813,0.146,0.877,114.668,191667.0,4,38.0
0.545,0.356,-15.239,1,0.0937,0.829,0.297,0.427,144.235,4.388883333,4,31.0
0.645,0.867,-2.326,1,0.182,0.119,0.413,0.337,113.988,191459.0,4,47.0
0.234,0.865,-5.131,1,0.0516,3.62e-05,0.289,0.194,137.107,255960.0,4,69.0
0.65,0.825,-4.645,1,0.0325,0.0215,0.0936,0.593,118.091,191014.0,4,94.0
0.248,0.924,-5.561,0,0.192,2e-05,0.0964,0.268,124.875,259003.0,4,47.0
0.393,0.964,-8.838,1,0.144,0.000735,0.34,0.352,151.898,239280.0,4,54.0
0.261,0.916,-6.726,0,0.147,0.00063,0.104,0.295,146.328,297173.0,4,34.0
0.83,0.77,-3.364,0,0.1,0.444,0.23,0.739,82.001,237627.0,4,68.0
0.438,0.72,-8.68,1,0.0614,0.579,0.301,0.94,102.259,3.87355,4,27.0
0.836,0.823,-3.513,0,0.0583,0.00343,0.0665,0.896,139.968,260650.0,4,10.0
0.521,0.714,-7.658,1,0.103,0.479,0.225,0.96,134.991,4.9321,4,23.0
0.512,0.151,-17.262,1,0.0437,0.808,0.137,0.805,168.77,2.433333333,1,36.0
0.0755,0.0167,-11.802,1,0.0477,0.162,0.118,0.0334,75.151,656934.0,3,31.0
0.631,0.883,-6.683,1,0.0567,0.242,0.11,0.38,108.005,317507.0,4,37.0
0.437,0.104,-22.533,1,0.0307,0.893,0.11,0.544,101.718,3.27445,4,56.0
0.535,0.948,-4.19,0,0.0356,0.00225,0.376,0.778,103.183,173680.0,4,72.0
0.62,0.688,-9.09,1,0.0539,0.044,0.112,0.832,122.986,289133.0,4,44.0
0.582,0.867,-10.729,0,0.0311,0.0584,0.209,0.873,157.953,103497.0,4,24.0
0.829,0.693,-6.682,0,0.0768,0.0584,0.0643,0.854,98.007,233227.0,4,22.0
0.407,0.858,-3.973,0,0.11,0.0476,0.206,0.293,141.882,260960.0,4,47.0
0.406,0.811,-7.019,1,0.0877,0.00598,0.0603,0.497,162.749,266753.0,4,41.0
0.724,0.447,-9.72,0,0.0508,0.697,0.0971,0.417,123.01,219429.0,4,36.0
0.634,0.665,-5.224,0,0.0862,0.442,0.139,0.414,104.928,191286.0,4,43.0
0.491,0.817,-9.656,1,0.0644,0.129,0.275,0.895,156.248,177893.0,3,25.0
0.298,0.546,-5.283,0,0.033,0.121,0.122,0.235,183.307,293506.0,3,35.0
0.882,0.839,-3.193,1,0.082,0.156,0.132,0.71,117.032,170653.0,4,72.0
0.507,0.336,-9.976,0,0.0311,0.811,0.0791,0.129,123.985,212000.0,4,32.0
0.777,0.693,-10.473,1,0.439,0.246,0.249,0.485,126.005,447000.0,4,16.0
0.278,0.975,-3.406,1,0.0745,1.04e-05,0.0613,0.505,172.335,229120.0,4,35.0
0.536,0.954,-2.616,1,0.0765,0.0302,0.0764,0.808,155.837,239667.0,4,25.0
0.65,0.518,-9.069,1,0.301,0.00721,0.0969,0.603,138.822,210867.0,4,38.0
0.699,0.579,-6.504,1,0.0416,0.267,0.452,0.128,109.948,247613.0,4,66.0
0.66,0.485,-8.101,1,0.0258,0.244,0.0585,0.828,99.828,302520.0,4,3.0
0.607,0.418,-6.997,1,0.0363,0.394,0.182,0.386,95.002,2.85333333,4,79.0
0.677,0.716,-6.312,1,0.272,0.0367,0.148,0.828,164.022,232813.0,4,56.0
0.353,0.392,-13.039,1,0.0339,0.931,0.337,0.168,84.586,260025.0,4,49.0
0.78,0.601,-7.858,0,0.119,0.478,0.278,0.765,108.039,211250.0,4,43.0
0.58,0.843,-5.575,0,0.094,0.00321,0.222,0.666,138.034,231761.0,4,37.0
0.727,0.0991,-22.487,1,0.252,0.895,0.0989,0.663,109.727,190665.0,4,33.0
0.728,0.054,-22.557,0,0.038,0.91,0.12,0.425,78.033,338333.0,4,44.0
0.398,0.862,-5.456,1,0.0468,0.0353,0.333,0.845,172.555,223259.0,4,19.0
0.604,0.932,-3.955,0,0.058,0.0169,0.154,0.307,90.017,188340.0,4,36.0
0.292,0.372,-13.595,1,0.0404,0.355,0.286,0.384,75.98,271200.0,3,37.0
0.887,0.485,-9.358,0,0.2,0.0392,0.141,0.328,125.987,215693.0,4,86.0
0.468,0.86,-7.361,1,0.135,0.000706,0.323,0.665,137.211,323493.0,4,23.0
0.592,0.805,-7.995,1,0.0371,0.000128,0.0916,0.505,116.072,216787.0,4,58.0
0.456,0.943,-3.819,1,0.0553,0.00753,0.078,0.666,148.017,268400.0,4,58.0
0.499,0.642,-5.425,1,0.0631,0.0164,0.254,0.107,161.945,177655.0,4,33.0
0.882,0.553,-5.319,1,0.075,0.149,0.292,0.632,110.971,190558.0,4,39.0
0.377,0.133,-15.975,0,0.0424,0.987,0.109,0.123,144.425,3.09265,4,46.0
0.587,0.252,-10.071,1,0.0358,0.842,0.0946,0.332,117.296,177400.0,4,52.0
0.872,0.501,-8.909,1,0.0468,0.371,0.0939,0.848,119.964,196000.0,4,69.0
0.73,0.585,-11.02,1,0.0418,0.187,0.0962,0.783,110.031,233958.0,4,30.0
0.787,0.255,-14.733,1,0.0399,0.777,0.101,0.6,105.97,251493.0,4,55.0
0.547,0.647,-8.53,0,0.0728,0.00431,0.1,0.404,166.214,220217.0,4,53.0
0.734,0.855,-4.578,0,0.135,0.0821,0.0901,0.54,121.955,139563.0,4,87.0
0.502,0.472,-13.662,1,0.161,0.59,0.087,0.754,104.404,272373.0,4,32.0
0.547,0.445,-11.068,0,0.0292,0.83,0.546,0.351,74.215,263173.0,3,35.0
0.73,0.631,-6.808,0,0.107,0.00576,0.259,0.652,94.976,203905.0,4,44.0
0.325,0.865,-4.592,1,0.0507,0.000111,0.196,0.254,177.887,208974.0,4,50.0
0.618,0.895,-6.222,1,0.0442,0.0107,0.0909,0.688,133.016,256000.0,4,24.0
0.439,0.61,-7.236,1,0.116,0.593,0.341,0.172,181.088,215508.0,4,95.0
0.0951,0.155,-20.447,0,0.0342,0.865,0.0922,0.138,163.072,159747.0,3,49.0
0.349,0.672,-8.193,0,0.0366,0.00184,0.245,0.236,77.375,237893.0,4,27.0
0.461,0.825,-3.583,1,0.115,0.0246,0.224,0.412,198.045,159394.0,4,60.0
0.514,0.948,-3.888,1,0.0599,7.36e-05,0.113,0.343,160.009,233827.0,4,37.0
0.36,0.895,-3.795,1,0.117,0.0329,0.06,0.424,168.214,182680.0,4,56.0
0.4,0.906,-4.761,1,0.058,5.12e-05,0.278,0.227,100.052,315150.0,4,47.0
0.751,0.501,-12.151,1,0.0551,0.234,0.0467,0.902,167.057,190627.0,4,78.0
0.906,0.45,-8.003,1,0.0627,0.149,0.168,0.969,103.476,172600.0,4,64.0
0.414,0.484,-13.059,1,0.0464,0.982,0.116,0.305,113.26,337067.0,1,39.0
0.616,0.753,-5.912,1,0.0485,0.106,0.267,0.553,85.002,178932.0,4,49.0
0.559,0.542,-6.523,1,0.0362,0.404,0.208,0.359,129.241,383947.0,3,29.0
0.865,0.226,-14.259,0,0.0925,0.749,0.0656,0.675,113.979,105487.0,4,56.0
0.655,0.723,-5.017,1,0.0457,5.77e-05,0.125,0.591,139.933,411895.0,4,12.0
0.51,0.957,-3.968,1,0.149,0.00268,0.267,0.389,97.642,217493.0,4,50.0
0.737,0.678,-6.309,1,0.0436,0.0774,0.152,0.38,108.981,292294.0,4,43.0
0.693,0.88,-3.228,0,0.0661,0.0901,0.211,0.397,88.088,278800.0,4,49.0
0.29,0.728,-9.929,1,0.115,0.000495,0.128,0.0487,162.744,510587.0,4,53.0
0.499,0.0705,-15.036,1,0.0387,0.934,0.0992,0.268,106.566,252040.0,4,46.0
0.547,0.955,-6.288,1,0.122,7.57e-06,0.395,0.303,119.998,230625.0,4,34.0
0.704,0.667,-5.299,1,0.19,0.262,0.106,0.592,148.205,217708.0,4,46.0
0.62,0.597,-5.835,1,0.0402,0.372,0.114,0.43,123.955,213307.0,4,45.0
0.156,0.901,-8.03,1,0.0562,1.99e-05,0.035,0.171,145.627,349969.0,3,45.0
0.654,0.949,-3.489,1,0.326,0.423,0.0947,0.649,92.878,307596.0,4,50.0
0.69,0.47,-8.293,1,0.0392,0.662,0.0905,0.628,147.942,231997.0,4,38.0
0.735,0.798,-3.829,0,0.0578,0.00697,0.194,0.501,115.98,197750.0,4,46.0
0.558,0.508,-8.398,1,0.0308,0.498,0.154,0.512,155.782,253983.0,4,46.0
0.448,0.78,-7.635,1,0.0606,0.000558,0.152,0.611,136.732,195840.0,4,38.0
0.679,0.228,-14.992,1,0.0421,0.993,0.164,0.491,82.516,191582.0,4,33.0
0.469,0.361,-7.381,1,0.0769,0.516,0.128,0.384,174.742,221420.0,3,37.0
0.406,0.833,-8.578,0,0.0513,0.00227,0.154,0.263,159.944,248392.0,4,42.0
0.534,0.649,-5.526,1,0.041,0.0438,0.0946,0.528,159.88,255118.0,4,41.0
0.509,0.141,-10.331,0,0.0393,0.98,0.0825,0.341,142.93,252200.0,4,26.0
0.58,0.843,-5.575,0,0.094,0.00321,0.222,0.666,138.034,231761.0,4,37.0
0.51,0.723,-6.72,1,0.0331,0.0367,0.161,0.499,89.964,376619.0,4,41.0
0.497,0.159,-18.554,0,0.0414,0.00204,0.113,0.036,110.079,110480.0,4,39.0
0.748,0.297,-10.613,1,0.132,0.485,0.138,0.114,123.983,131587.0,4,73.0
0.482,0.471,-13.873,0,0.0334,0.181,0.112,0.342,88.557,316053.0,4,53.0
0.346,0.911,-5.348,1,0.0432,4.09e-06,0.28,0.396,137.934,196253.0,4,39.0
0.711,0.689,-2.919,0,0.0524,0.114,0.0696,0.443,115.01,190320.0,4,38.0
0.734,0.729,-6.381,0,0.283,0.147,0.0672,0.805,76.03,118439.0,4,23.0
0.385,0.927,-4.57,1,0.0535,1.67e-05,0.377,0.487,180.08,335347.0,4,50.0
0.436,0.304,-9.016,0,0.0318,0.364,0.101,0.283,114.008,220400.0,4,32.0
0.546,0.853,-5.361,0,0.064,0.000198,0.069,0.771,128.056,147293.0,4,32.0
0.362,0.142,-14.888,1,0.0378,0.891,0.0983,0.19,79.722,3.528216667,4,44.0
0.167,0.499,-8.553,0,0.0392,0.27,0.108,0.0394,111.945,428803.0,4,23.0
0.374,0.849,-6.812,0,0.0437,0.0231,0.335,0.644,177.768,292354.0,4,41.0
0.586,0.559,-6.725,1,0.05,0.639,0.0872,0.437,177.945,2.791333333,4,75.0
0.526,0.978,-5.436,1,0.108,0.00122,0.0744,0.451,141.167,210227.0,4,74.0
0.778,0.145,-11.95,0,0.0503,0.892,0.126,0.24,109.071,207936.0,4,55.0
0.789,0.757,-7.714,0,0.442,0.445,0.19,0.848,139.613,69857.0,4,55.0
0.54,0.773,-3.627,1,0.0288,0.0315,0.176,0.381,130.952,228387.0,4,57.0
0.5,0.981,-3.463,1,0.0808,0.000791,0.468,0.501,129.904,295493.0,4,41.0
0.519,0.695,-7.582,1,0.14,0.00075,0.0678,0.329,160.152,170501.0,4,48.0
0.751,0.834,-5.444,0,0.0437,0.3,0.355,0.894,95.053,3.519333333,4,78.0
0.346,0.594,-7.44,1,0.0662,0.228,0.0964,0.362,176.051,203728.0,4,37.0
0.518,0.94,-3.199,0,0.0616,0.00881,0.26,0.514,85.018,202640.0,4,43.0
0.649,0.429,-7.43,1,0.0239,0.231,0.164,0.243,92.011,4.358883333,4,45.0
0.641,0.324,-5.851,1,0.0299,0.698,0.328,0.273,110.184,185487.0,4,85.0
0.585,0.556,-5.075,1,0.0274,0.000686,0.151,0.414,142.144,231722.0,4,55.0
0.575,0.942,-7.493,0,0.0571,0.000231,0.0696,0.401,130.056,259800.0,4,46.0
0.41,0.568,-11.673,1,0.0346,0.387,0.389,0.644,103.026,2.978883333,4,53.0
0.742,0.403,-12.167,1,0.257,0.0103,0.136,0.485,177.072,187636.0,4,32.0
0.581,0.752,-9.183,1,0.065,0.081,0.93,0.627,111.91,410520.0,4,30.0
0.529,0.0609,-23.48,1,0.156,0.937,0.102,0.13,99.469,300132.0,4,18.0
0.555,0.588,-8.555,0,0.0384,0.443,0.129,0.41,91.972,4.716666667,4,60.0
0.824,0.929,-2.343,0,0.0707,0.116,0.404,0.854,104.048,244493.0,4,38.0
0.459,0.835,-7.653,0,0.149,0.000538,0.0779,0.224,121.026,262160.0,4,37.0
0.691,0.753,-6.098,0,0.0634,0.000266,0.107,0.886,157.903,125689.0,4,18.0
0.622,0.946,-2.989,0,0.0407,0.0511,0.32,0.961,123.996,218320.0,4,14.0
0.516,0.824,-10.027,0,0.0363,0.0695,0.236,0.882,102.044,311519.0,4,47.0
0.464,0.943,-4.777,0,0.0338,0.00247,0.191,0.36,145.004,219056.0,4,42.0
0.526,0.927,-3.616,1,0.0578,0.265,0.095,0.559,133.997,248560.0,4,56.0
0.439,0.61,-7.236,1,0.116,0.593,0.341,0.172,181.088,3.5918,4,78.0
0.32,0.869,-7.341,1,0.0665,0.000113,0.0961,0.457,121.949,272093.0,4,43.0
0.598,0.295,-10.894,1,0.0251,0.448,0.112,0.3,100.905,176268.0,4,32.0
0.565,0.505,-8.708,1,0.0505,0.896,0.206,0.878,148.943,110675.0,4,45.0
0.888,0.54,-6.071,0,0.134,0.348,0.0821,0.806,99.992,193165.0,4,60.0
0.378,0.925,-3.781,1,0.185,0.0234,0.18,0.584,108.525,234240.0,4,65.0
0.402,0.198,-15.9,1,0.036,0.916,0.101,0.144,134.079,3.0878,3,45.0
0.872,0.391,-9.144,0,0.242,0.469,0.297,0.437,134.021,119133.0,4,86.0
0.526,0.862,-6.003,1,0.0905,0.0144,0.229,0.528,90.052,195200.0,4,77.0
0.487,0.582,-8.938,1,0.0268,0.715,0.0971,0.271,104.003,278213.0,4,50.0
0.641,0.679,-6.358,0,0.03,0.00152,0.0775,0.232,110.015,296727.0,4,42.0
0.686,0.729,-4.848,1,0.0298,0.175,0.137,0.79,123.546,192933.0,4,51.0
0.58,0.981,-2.603,0,0.06,0.0171,0.386,0.861,134.007,195667.0,4,64.0
0.883,0.896,-3.695,1,0.208,0.268,0.0564,0.748,93.928,259547.0,4,46.0
0.702,0.722,-7.971,0,0.0417,0.0909,0.134,0.315,145.959,200500.0,4,50.0
0.348,0.923,-3.543,1,0.0623,3.26e-05,0.183,0.391,106.152,208600.0,4,44.0
0.705,0.0613,-17.998,1,0.0728,0.994,0.0948,0.165,61.45,3.7336,4,47.0
0.374,0.971,-4.284,0,0.0697,7.69e-05,0.322,0.701,97.625,227864.0,4,57.0
0.47,0.907,-4.486,0,0.0484,0.000616,0.0908,0.544,81.993,264493.0,4,34.0
0.869,0.68,-6.233,1,0.318,0.0416,0.0914,0.815,85.519,268400.0,4,73.0
0.603,0.503,-14.862,1,0.0379,0.29,0.135,0.647,168.512,335840.0,4,61.0
0.684,0.801,-6.975,1,0.0428,0.642,0.375,0.807,111.078,269669.0,4,26.0
0.602,0.631,-7.236,1,0.0443,0.335,0.369,0.0752,123.018,188781.0,4,26.0
0.593,0.723,-11.71,1,0.0302,0.0323,0.141,0.879,91.596,371944.0,4,25.0
0.366,0.617,-9.011,1,0.0317,0.055,0.0759,0.127,177.908,240600.0,4,51.0
0.653,0.576,-6.825,1,0.0281,0.000384,0.0894,0.646,100.002,160551.0,4,40.0
0.516,0.651,-7.76,1,0.0386,0.0537,0.256,0.483,88.628,186067.0,4,58.0
0.425,0.951,-7.324,0,0.088,2.44e-05,0.413,0.394,105.106,209902.0,3,51.0
0.519,0.771,-4.874,1,0.0344,0.00048,0.079,0.597,150.938,258120.0,4,43.0
0.686,0.286,-10.216,0,0.0261,0.791,0.104,0.229,96.994,184253.0,4,42.0
0.552,0.564,-5.941,1,0.0415,0.0686,0.34,0.321,164.952,182000.0,4,66.0
0.286,0.245,-11.113,1,0.0311,0.0932,0.166,0.223,83.81,445293.0,4,35.0
0.7,0.542,-4.986,1,0.0294,0.0283,0.246,0.945,93.981,129139.0,4,31.0
0.601,0.305,-11.208,1,0.0486,0.922,0.0899,0.443,120.021,4.1157,4,29.0
0.278,0.993,-4.054,0,0.289,0.000878,0.172,0.116,95.655,292200.0,4,27.0
0.204,0.912,-11.849,0,0.0588,1.31e-05,0.293,0.198,89.338,373013.0,4,37.0
0.267,0.738,-5.541,1,0.0464,0.0419,0.0812,0.488,161.09,193067.0,4,34.0
0.621,0.296,-9.801,1,0.0291,0.805,0.103,0.257,121.918,4.90831667,4,48.0
0.215,0.932,-5.555,0,0.107,0.000112,0.0893,0.449,182.337,203720.0,4,5.0
0.552,0.689,-6.444,0,0.0425,0.0915,0.27,0.349,99.961,169773.0,4,62.0
0.724,0.892,-3.785,1,0.0476,0.00624,0.0706,0.964,128.076,243623.0,4,37.0
0.671,0.256,-10.743,1,0.0387,0.608,0.0737,0.694,115.871,233560.0,4,71.0
0.49,0.977,-4.501,0,0.167,6.38e-06,0.174,0.203,110.027,228981.0,4,37.0
0.302,0.854,-6.619,1,0.0757,0.102,0.0835,0.589,156.278,244827.0,4,60.0
0.403,0.395,-13.661,1,0.049,0.616,0.513,0.637,139.247,1.741116667,4,2.0
0.754,0.92,-4.484,0,0.05,0.183,0.187,0.966,147.998,266133.0,4,19.0
0.469,0.669,-9.473,1,0.0494,0.0385,0.0981,0.245,132.005,358282.0,4,39.0
0.227,0.962,-4.963,1,0.0991,0.103,0.24,0.518,161.112,173560.0,4,51.0
0.635,0.567,-6.131,1,0.0353,0.00814,0.081,0.865,165.184,167017.0,4,17.0
0.606,0.259,-15.484,1,0.0591,0.832,0.124,0.457,116.28,5.336216667,4,36.0
0.855,0.463,-7.454,1,0.0367,0.217,0.347,0.866,102.931,2.04621667,4,90.0
0.598,0.791,-8.524,0,0.315,0.867,0.127,0.508,78.666,146752.0,4,51.0
0.614,0.806,-9.142,1,0.0679,0.267,0.109,0.746,164.074,193000.0,4,38.0
0.586,0.917,-6.264,1,0.0649,9.01e-05,0.18,0.51,121.079,246880.0,4,34.0
0.631,0.48,-12.429,0,0.037,0.873,0.122,0.868,96.439,427000.0,4,30.0
0.525,0.801,-5.294,0,0.0516,0.0155,0.132,0.111,183.961,292174.0,4,42.0
0.771,0.459,-13.681,1,0.234,0.396,0.105,0.621,90.068,269419.0,4,55.0
0.833,0.651,-4.399,1,0.12,0.379,0.112,0.352,136.984,145467.0,4,36.0
0.636,0.822,-4.321,0,0.0507,0.0534,0.121,0.338,127.225,147402.0,4,79.0
0.548,0.865,-5.325,1,0.0302,0.00171,0.457,0.61,116.046,303013.0,4,64.0
0.608,0.749,-5.763,1,0.0548,0.425,0.0969,0.537,117.081,3.125333333,4,36.0
0.603,0.439,-6.408,1,0.0322,0.644,0.0912,0.415,113.765,181469.0,4,61.0
0.5,0.322,-11.539,0,0.0309,0.979,0.11,0.535,93.446,1.02955,4,23.0
0.559,0.46,-9.585,0,0.048,0.856,0.119,0.435,127.489,216252.0,3,22.0
0.813,0.706,-9.482,1,0.0642,0.0696,0.117,0.557,115.001,258783.0,4,57.0
0.539,0.332,-8.049,0,0.0284,0.342,0.177,0.0342,119.866,178972.0,4,39.0
0.546,0.857,-4.748,1,0.0445,0.00031,0.384,0.373,110.293,248517.0,3,49.0
0.326,0.932,-4.909,1,0.0506,0.0733,0.293,0.397,143.927,338869.0,4,52.0
0.286,0.914,-3.929,1,0.0905,4.94e-05,0.0838,0.485,140.042,197853.0,4,63.0
0.603,0.686,-6.754,1,0.0267,0.17,0.17,0.9,89.34,294200.0,4,57.0
0.645,0.355,-8.699,1,0.0287,0.665,0.088,0.383,80.407,3.728566667,4,42.0
0.62,0.826,-3.985,0,0.0381,6.78e-05,0.114,0.535,126.996,205467.0,4,41.0
0.601,0.576,-6.389,1,0.0273,0.635,0.0903,0.562,94.025,282920.0,4,29.0
0.899,0.691,-7.554,1,0.0497,0.18,0.135,0.865,107.951,2.088366667,4,75.0
0.75,0.593,-12.074,1,0.0331,0.0792,0.283,0.846,119.985,157523.0,4,54.0
0.63,0.788,-6.7,1,0.0298,0.00322,0.0883,0.63,120.059,241080.0,4,70.0
0.273,0.485,-12.133,1,0.0755,0.0803,0.29,0.44,191.577,150880.0,4,3.0
0.358,0.671,-7.294,1,0.0331,0.178,0.368,0.409,176.726,235000.0,4,44.0
0.826,0.833,-5.334,1,0.044,0.0268,0.119,0.618,128.008,148081.0,4,24.0
0.552,0.816,-5.968,0,0.0254,0.129,0.056,0.677,85.976,206413.0,4,37.0
0.49,0.86,-5.284,0,0.0573,0.132,0.215,0.795,132.673,241893.0,4,58.0
0.522,0.801,-3.641,1,0.0301,8.2e-06,0.174,0.197,112.445,305707.0,4,60.0
0.541,0.944,-3.578,0,0.0436,0.184,0.0759,0.829,165.015,229147.0,4,26.0
0.541,0.668,-8.449,0,0.0434,3.57e-05,0.485,0.679,130.952,161750.0,4,23.0
0.836,0.701,-10.905,1,0.082,0.109,0.103,0.821,121.836,7.804883333,4,47.0
0.509,0.733,-5.909,1,0.126,0.0165,0.404,0.676,109.736,75760.0,4,47.0
0.289,0.922,-4.919,0,0.0619,0.000488,0.105,0.232,75.02,229170.0,4,43.0
0.539,0.915,-3.484,1,0.262,0.102,0.0993,0.689,142.04,180254.0,4,37.0
0.398,0.804,-5.559,1,0.0451,0.175,0.181,0.709,186.752,3.23845,4,64.0
0.537,0.823,-5.874,1,0.0322,0.00784,0.122,0.759,132.241,151827.0,4,43.0
0.374,0.963,-4.991,0,0.0637,1.44e-05,0.357,0.382,84.458,195947.0,4,15.0
0.342,0.587,-7.273,0,0.0537,0.00648,0.207,0.484,168.847,236867.0,4,55.0
0.47,0.308,-18.663,1,0.0369,0.82,0.115,0.857,115.459,203467.0,4,50.0
0.487,0.885,-3.989,0,0.0563,0.00487,0.166,0.454,143.093,180111.0,4,42.0
0.953,0.466,-6.297,1,0.0572,0.0381,0.0916,0.584,123.044,156113.0,4,67.0
0.65,0.612,-9.145,0,0.104,0.026,0.176,0.657,170.003,185647.0,4,28.0
0.779,0.733,-8.137,0,0.0734,0.0177,0.591,0.515,115.009,178714.0,4,58.0
0.56,0.705,-6.761,1,0.0498,0.772,0.264,0.501,122.456,243547.0,4,65.0
0.231,0.904,-5.506,1,0.0895,0.0304,0.15,0.598,176.073,310377.0,4,54.0
0.277,0.762,-5.959,1,0.0407,0.233,0.376,0.559,89.845,319431.0,4,26.0
0.728,0.362,-9.055,1,0.409,0.329,0.174,0.702,84.599,183125.0,4,55.0
0.31,0.23,-28.322,0,0.203,0.799,0.349,0.115,77.047,430577.0,5,6.0
0.789,0.526,-12.742,1,0.052,0.0551,0.283,0.764,142.727,261920.0,4,40.0
0.474,0.885,-7.999,1,0.0769,0.0174,0.128,0.438,160.06,253840.0,4,44.0
0.252,0.184,-19.926,1,0.0342,0.716,0.0822,0.104,74.526,290769.0,3,35.0
0.523,0.847,-5.888,1,0.028,0.00309,0.146,0.475,155.032,340320.0,4,63.0
0.406,0.961,-3.382,0,0.157,0.000177,0.325,0.508,186.025,181935.0,4,40.0
0.807,0.859,-5.526,1,0.0633,0.0593,0.0277,0.707,124.011,3.407333333,4,38.0
0.592,0.583,-7.397,1,0.111,0.189,0.132,0.475,148.401,271054.0,4,40.0
0.558,0.902,-4.018,1,0.0464,0.197,0.0852,0.572,100.027,259893.0,4,66.0
0.802,0.865,-7.231,0,0.0342,0.275,0.123,0.942,131.99,252281.0,4,42.0
0.446,0.972,-5.689,1,0.1,1.26e-06,0.356,0.199,108.027,226840.0,4,46.0
0.53,0.37,-9.989,1,0.0279,0.806,0.112,0.701,140.061,206734.0,4,76.0
0.752,0.602,-6.98,1,0.0371,0.349,0.0792,0.743,100.016,167213.0,4,50.0
0.469,0.867,-5.311,1,0.0322,2.49e-06,0.451,0.211,125.436,186253.0,4,20.0
0.513,0.775,-7.744,0,0.189,0.38,0.0901,0.496,85.057,212847.0,1,31.0
0.404,0.961,-6.939,1,0.0601,6.75e-06,0.358,0.119,113.035,357547.0,4,38.0
0.639,0.245,-9.8,0,0.0377,0.873,0.107,0.164,80.118,193562.0,3,46.0
0.712,0.237,-13.898,1,0.0567,0.878,0.101,0.751,114.302,243600.0,4,38.0
0.485,0.737,-7.572,1,0.0943,0.00731,0.0757,0.143,155.718,172987.0,4,59.0
0.473,0.927,-2.348,0,0.187,0.00415,0.384,0.352,156.936,189773.0,4,45.0
0.609,0.617,-7.091,1,0.0307,0.0994,0.118,0.543,128.903,242893.0,4,75.0
0.409,0.831,-4.626,1,0.1,1.02e-05,0.0692,0.271,113.083,123745.0,4,16.0
0.499,0.548,-6.858,1,0.0296,0.118,0.125,0.281,87.854,198293.0,4,56.0
0.535,0.605,-9.144,0,0.287,0.51,0.188,0.662,202.06,210653.0,4,46.0
0.603,0.797,-4.914,1,0.029,0.0333,0.129,0.801,132.104,161120.0,4,52.0
0.544,0.271,-17.69,1,0.0672,0.767,0.0728,0.68,113.784,261093.0,4,36.0
0.585,0.871,-7.041,0,0.0529,0.00231,0.0291,0.235,110.023,368188.0,4,48.0
0.427,0.959,-4.375,1,0.0435,3.56e-05,0.171,0.564,109.95,185827.0,4,56.0
0.313,0.631,-7.734,0,0.0395,0.0525,0.184,0.184,119.972,461053.0,4,49.0
0.668,0.478,-9.753,1,0.0682,0.6,0.0723,0.475,79.971,194000.0,4,56.0
0.897,0.371,-5.019,1,0.368,0.0904,0.325,0.441,81.008,156005.0,4,79.0
0.448,0.81,-5.689,0,0.245,0.000245,0.781,0.748,110.595,229302.0,4,26.0
0.529,0.835,-6.128,1,0.0358,0.00225,0.151,0.694,134.791,249339.0,4,24.0
0.685,0.963,-2.675,1,0.0336,0.0254,0.33,0.916,110.025,3.492883333,4,43.0
0.877,0.486,-7.901,1,0.102,0.713,0.113,0.545,130.073,140801.0,4,35.0
0.666,0.64,-13.945,1,0.0387,0.548,0.177,0.954,107.751,3.058883333,4,45.0
0.493,0.839,-5.75,1,0.0431,0.000115,0.199,0.36,122.996,279817.0,4,44.0
0.441,0.0341,-26.466,0,0.0625,0.929,0.1,0.0666,97.45,2.843333333,3,23.0
0.947,0.672,-13.819,0,0.349,0.0662,0.0547,0.741,109.55,248267.0,4,35.0
0.627,0.861,-1.856,1,0.0509,0.000564,0.0312,0.623,122.133,153267.0,4,56.0
0.586,0.554,-7.706,1,0.0432,0.141,0.344,0.425,136.09,185750.0,4,16.0
0.852,0.874,-11.208,1,0.0427,0.0168,0.133,0.666,129.029,250627.0,4,63.0
0.403,0.709,-9.366,1,0.0885,0.0746,0.132,0.654,97.161,254133.0,4,64.0
0.266,0.294,-11.938,0,0.0291,0.771,0.107,0.0397,137.941,811077.0,3,66.0
0.128,0.991,-3.289,1,0.0582,1.11e-05,0.219,0.53,186.124,189347.0,4,62.0
0.709,0.902,-3.392,0,0.188,0.0364,0.0219,0.878,204.317,237267.0,4,46.0
0.508,0.862,-7.315,1,0.0949,0.0118,0.741,0.519,106.632,617858.0,4,26.0
0.461,0.872,-5.858,1,0.0567,0.000315,0.136,0.493,111.088,189480.0,3,43.0
0.384,0.696,-6.768,1,0.0335,0.00385,0.163,0.0779,172.059,5.169116667,4,37.0
0.645,0.442,-12.997,1,0.0256,0.397,0.121,0.554,88.491,3.116666667,4,58.0
0.59,0.6,-7.251,1,0.0307,0.00943,0.123,0.389,91.964,151632.0,4,54.0
0.59,0.853,-7.546,0,0.044,0.0581,0.334,0.188,160.003,254453.0,4,30.0
0.531,0.976,-7.339,1,0.0448,0.000175,0.392,0.527,115.029,244800.0,4,37.0
0.795,0.564,-10.482,1,0.0392,0.0934,0.0631,0.961,124.166,3.39821667,4,69.0
0.452,0.158,-14.317,1,0.0358,0.874,0.0846,0.134,129.822,3.092883333,3,49.0
0.374,0.951,-4.4,0,0.113,0.0189,0.0933,0.48,132.835,180587.0,4,36.0
0.372,0.968,-8.058,1,0.0966,0.0176,0.841,0.521,130.934,290671.0,4,29.0
0.245,0.323,-9.289,1,0.0302,0.178,0.115,0.0388,80.12,300030.0,4,54.0
0.551,0.825,-6.24,0,0.044,0.152,0.0999,0.933,164.857,4.347116667,4,68.0
0.511,0.868,-5.749,1,0.0362,0.288,0.344,0.868,106.841,188000.0,4,45.0
0.662,0.792,-7.664,1,0.0805,0.249,0.149,0.398,130.049,267692.0,4,30.0
0.811,0.662,-7.197,0,0.143,0.0695,0.235,0.97,125.002,293631.0,4,24.0
0.368,0.471,-10.843,1,0.059,0.992,0.133,0.579,66.252,3.431616667,4,5.0
0.304,0.769,-6.672,1,0.0334,0.0576,0.373,0.285,148.736,384467.0,3,50.0
0.636,0.72,-6.195,1,0.0432,0.0893,0.0868,0.425,124.944,235813.0,4,70.0
0.754,0.583,-7.34,0,0.0432,0.32,0.144,0.77,122.012,220051.0,4,75.0
0.64,0.637,-8.546,0,0.0449,0.106,0.16,0.428,125.029,209700.0,4,28.0
0.405,0.128,-13.329,0,0.0344,0.837,0.233,0.0951,80.291,4.858333333,3,42.0
0.745,0.436,-9.617,0,0.043,0.597,0.61,0.771,114.216,188200.0,4,55.0
0.72,0.48,-13.25,0,0.0298,0.151,0.0391,0.963,92.018,235000.0,4,9.0
0.556,0.649,-5.314,0,0.0286,0.00766,0.0989,0.512,92.062,251498.0,4,50.0
0.145,0.65,-7.853,1,0.0373,1.55e-05,0.0739,0.174,91.648,404987.0,4,25.0
0.861,0.551,-7.78,1,0.11,0.000442,0.0816,0.921,139.963,288862.0,4,9.0
0.332,0.967,-3.859,1,0.0679,0.177,0.308,0.389,100.497,229293.0,4,51.0
0.563,0.944,-7.634,1,0.0923,0.00112,0.293,0.35,106.483,212714.0,4,46.0
0.462,0.408,-9.036,0,0.0337,0.105,0.106,0.112,108.745,246893.0,4,28.0
0.733,0.684,-4.748,1,0.177,0.142,0.179,0.437,142.04,165640.0,4,72.0
0.246,0.0924,-21.197,1,0.0325,0.944,0.0555,0.0384,75.372,3.489833333,1,40.0
0.46,0.858,-4.495,1,0.0392,0.000233,0.0741,0.502,131.54,224773.0,4,36.0
0.51,0.987,-2.375,0,0.139,0.000172,0.27,0.147,114.999,212693.0,4,50.0
0.575,0.786,-4.353,1,0.0296,0.252,0.159,0.518,96.102,3.834883333,4,71.0
0.278,0.0659,-20.254,1,0.038,0.93,0.108,0.26,47.387,1.901766667,4,37.0
0.739,0.384,-8.704,1,0.0377,0.233,0.159,0.711,74.997,186287.0,3,28.0
0.621,0.79,-4.464,1,0.0884,0.115,0.321,0.947,172.102,138312.0,4,40.0
0.474,0.794,-6.352,0,0.0546,5.32e-05,0.559,0.338,140.086,166800.0,4,49.0
0.813,0.649,-7.615,1,0.0818,0.108,0.357,0.972,142.738,260070.0,4,41.0
0.636,0.254,-13.669,0,0.0311,0.635,0.129,0.392,80.487,260800.0,3,8.0
0.669,0.31,-11.795,0,0.0339,0.918,0.122,0.279,143.904,442854.0,4,15.0
0.711,0.434,-8.146,0,0.0304,0.251,0.24,0.515,119.881,241500.0,4,45.0
0.673,0.899,-3.528,1,0.0434,0.0911,0.0481,0.793,129.885,224933.0,4,69.0
0.779,0.56,-8.245,1,0.1,0.0526,0.428,0.554,101.465,131084.0,4,55.0
0.585,0.903,-6.311,1,0.0445,0.094,0.366,0.431,95.003,314583.0,4,24.0
0.558,0.658,-7.661,1,0.0535,0.0298,0.135,0.519,122.031,226669.0,4,42.0
0.614,0.755,-5.829,1,0.0276,0.0162,0.0831,0.645,92.622,144787.0,4,48.0
0.493,0.338,-10.068,1,0.18,0.425,0.0823,0.332,72.619,5.31755,4,43.0
0.478,0.953,-7.294,1,0.0892,0.0328,0.597,0.407,96.622,204200.0,4,49.0
0.628,0.786,-6.965,1,0.0442,0.58,0.289,0.924,82.056,135360.0,4,28.0
0.474,0.0964,-15.87,0,0.0406,0.961,0.134,0.272,97.595,265440.0,4,52.0
0.395,0.98,-3.573,0,0.117,0.000349,0.151,0.255,159.974,279227.0,4,48.0
0.54,0.959,-3.775,1,0.0452,0.000817,0.376,0.499,131.83,192213.0,4,50.0
0.867,0.646,-4.674,0,0.288,0.303,0.279,0.67,88.634,304600.0,4,76.0
0.458,0.937,-6.622,1,0.272,0.00111,0.394,0.366,160.231,238800.0,4,47.0
0.365,0.924,-7.066,1,0.0488,0.0144,0.423,0.632,135.811,296467.0,4,65.0
0.638,0.523,-6.664,1,0.357,0.00454,0.0842,0.422,139.913,185947.0,4,78.0
0.658,0.717,-4.257,0,0.0633,0.0846,0.12,0.595,133.074,193373.0,4,62.0
0.82,0.62,-9.755,0,0.364,0.0384,0.114,0.898,120.009,193000.0,4,44.0
0.754,0.555,-6.185,0,0.0426,0.388,0.0747,0.66,89.983,195361.0,4,19.0
0.152,0.0625,-23.396,1,0.0358,0.619,0.0802,0.0355,85.971,286962.0,3,40.0
0.588,0.708,-7.823,1,0.0351,0.445,0.293,0.579,131.197,178376.0,4,52.0
0.558,0.475,-8.623,1,0.0282,0.516,0.107,0.344,116.924,4.15016667,4,48.0
0.839,0.749,-10.259,0,0.17,0.522,0.502,0.475,90.05,157373.0,4,36.0
0.838,0.757,-5.399,1,0.0927,0.059,0.0271,0.602,124.65,251333.0,4,61.0
0.466,0.983,-4.572,0,0.124,0.000907,0.127,0.252,101.544,231724.0,4,43.0
0.424,0.892,-5.65,0,0.0546,0.00895,0.344,0.444,75.996,295406.0,4,42.0
0.73,0.803,-7.56,1,0.0416,0.0059,0.131,0.773,111.954,237321.0,4,38.0
0.821,0.857,-3.501,1,0.124,0.0799,0.168,0.335,100.015,130229.0,4,37.0
0.459,0.953,-5.578,1,0.0724,0.000121,0.135,0.512,142.003,189248.0,4,25.0
0.529,0.905,-4.432,0,0.0457,0.00398,0.322,0.321,76.058,175306.0,4,22.0
0.0731,0.251,-16.576,0,0.0372,0.906,0.123,0.0366,79.841,354227.0,4,33.0
0.178,0.352,-15.445,0,0.0399,0.824,0.107,0.0446,126.397,501941.0,4,26.0
0.253,0.847,-5.84,0,0.0439,0.00195,0.442,0.423,121.341,299553.0,4,40.0
0.613,0.654,-7.683,1,0.032,0.00732,0.0679,0.313,112.985,300483.0,4,36.0
0.559,0.598,-6.826,0,0.028,0.355,0.109,0.228,101.482,333680.0,3,30.0
0.588,0.775,-5.664,1,0.0585,0.0747,0.36,0.797,173.968,184619.0,4,47.0
0.833,0.673,-6.981,0,0.315,0.329,0.136,0.753,148.019,149080.0,4,54.0
0.44,0.466,-8.741,0,0.0379,0.553,0.158,0.332,169.769,232724.0,3,40.0
0.633,0.12,-20.066,0,0.0428,0.971,0.121,0.456,115.51,2.484533333,3,48.0
0.44,0.904,-4.409,0,0.177,0.275,0.106,0.546,138.104,167840.0,4,51.0
0.451,0.441,-11.323,0,0.0373,0.95,0.104,0.811,80.229,4.429066667,4,33.0
0.946,0.723,-3.692,1,0.114,0.0778,0.0608,0.349,102.956,160877.0,4,62.0
0.738,0.885,-4.159,0,0.126,0.213,0.098,0.49,100.508,186283.0,3,74.0
0.74,0.517,-6.233,0,0.0506,0.0183,0.0558,0.698,139.917,170858.0,4,65.0
0.267,0.996,-3.385,1,0.0819,1.24e-05,0.0503,0.0648,104.916,244965.0,3,48.0
0.695,0.62,-11.45,0,0.343,0.55,0.498,0.826,90.441,210757.0,4,31.0
0.445,0.765,-4.186,1,0.0317,0.454,0.186,0.332,126.018,345520.0,3,49.0
0.505,0.762,-7.15,1,0.0454,0.0415,0.117,0.477,81.454,232480.0,4,54.0
0.547,0.769,-7.953,1,0.0297,0.014,0.123,0.407,93.154,286147.0,4,44.0
0.42,0.967,-3.963,0,0.101,1.68e-05,0.2,0.452,149.973,317309.0,3,52.0
0.463,0.749,-8.118,0,0.0891,0.00796,0.0558,0.888,183.048,179653.0,4,64.0
0.645,0.867,-2.326,1,0.182,0.119,0.413,0.337,113.988,191459.0,4,43.0
0.628,0.601,-7.036,1,0.0368,0.0114,0.32,0.396,86.006,345120.0,4,62.0
0.445,0.859,-11.34,1,0.0481,0.00111,0.182,0.617,168.044,367957.0,4,17.0
0.466,0.155,-17.188,1,0.0601,0.991,0.0921,0.47,110.762,5.754,4,18.0
0.419,0.819,-6.62,0,0.0819,0.000639,0.158,0.186,135.115,237782.0,4,35.0
0.36,0.909,-6.827,1,0.0663,0.000347,0.282,0.647,155.293,217387.0,4,58.0
0.375,0.407,-9.446,1,0.0299,0.0377,0.111,0.124,151.213,2.87615,3,36.0
0.392,0.642,-5.267,1,0.0326,0.0048,0.296,0.129,92.698,293293.0,4,68.0
0.513,0.807,-5.498,1,0.0308,0.0549,0.0948,0.765,173.367,220311.0,4,49.0
0.689,0.393,-12.088,1,0.0453,0.828,0.167,0.523,91.017,230987.0,4,38.0
0.576,0.864,-4.028,1,0.0411,0.00121,0.108,0.669,119.068,181707.0,4,57.0
0.289,0.932,-4.792,1,0.0574,2.31e-05,0.088,0.512,101.731,285773.0,4,22.0
0.299,0.936,-5.416,1,0.246,0.21,0.251,0.384,199.101,205267.0,4,20.0
0.452,0.862,-4.293,0,0.0616,0.000153,0.178,0.164,83.093,211696.0,4,40.0
0.414,0.944,-4.215,1,0.0739,4.61e-05,0.201,0.131,165.047,190840.0,4,48.0
0.631,0.591,-5.785,1,0.0277,0.657,0.11,0.489,97.074,3.424216667,4,76.0
0.586,0.103,-18.551,1,0.042,0.994,0.16,0.302,114.512,3.55,3,23.0
0.48,0.536,-11.166,1,0.0427,0.488,0.155,0.581,80.617,508200.0,3,70.0
0.34,0.81,-6.379,1,0.0358,0.00293,0.165,0.651,191.835,205009.0,4,38.0
0.636,0.701,-12.801,0,0.0577,0.0274,0.299,0.859,96.449,286693.0,4,15.0
0.586,0.7,-9.558,1,0.0363,0.0589,0.0318,0.897,147.245,4.92333333,4,73.0
0.548,0.847,-3.237,1,0.186,0.0622,0.0816,0.1,171.447,297787.0,4,84.0
0.815,0.848,-4.704,0,0.115,0.023,0.0265,0.684,106.032,2.22845,4,74.0
0.626,0.562,-10.812,0,0.333,0.614,0.316,0.618,78.21,239392.0,4,14.0
0.644,0.53,-8.296,0,0.0884,0.787,0.259,0.678,99.733,221214.0,4,51.0
0.374,0.701,-6.683,1,0.0657,0.0261,0.139,0.253,157.528,351093.0,4,27.0
0.613,0.64,-7.346,1,0.177,0.00906,0.11,0.496,160.105,193360.0,4,68.0
0.576,0.327,-15.424,1,0.0461,0.255,0.409,0.543,83.367,306000.0,3,31.0
0.545,0.783,-6.265,0,0.0567,0.0261,0.143,0.402,82.437,254053.0,4,40.0
0.504,0.878,-5.558,1,0.0373,0.00373,0.0991,0.512,156.083,203187.0,4,51.0
0.58,0.877,-7.782,0,0.0519,0.00165,0.111,0.902,140.003,261707.0,4,28.0
0.5,0.499,-8.069,0,0.0485,0.285,0.105,0.292,126.059,239830.0,3,29.0
0.573,0.463,-7.025,0,0.0657,0.56,0.0979,0.469,139.882,218786.0,4,43.0
0.2,0.869,-7.049,0,0.0886,0.00322,0.134,0.179,86.479,300013.0,4,58.0
0.739,0.668,-7.253,1,0.318,0.0539,0.0981,0.56,80.025,228505.0,4,42.0
0.652,0.652,-9.351,1,0.0531,0.124,0.0882,0.632,130.045,299192.0,4,48.0
0.314,0.962,-4.81,0,0.191,0.000174,0.093,0.298,144.125,241033.0,4,50.0
0.681,0.795,-6.652,1,0.049,0.305,0.109,0.64,135.939,3.652666667,4,64.0
0.657,0.677,-12.043,1,0.0382,0.131,0.127,0.735,105.143,241200.0,4,16.0
0.543,0.458,-9.312,1,0.182,0.798,0.114,0.264,81.511,169756.0,1,32.0
0.355,0.379,-8.172,1,0.0361,0.396,0.15,0.329,164.989,321267.0,4,53.0
0.467,0.648,-5.393,1,0.0336,0.519,0.186,0.503,79.779,176026.0,4,33.0
0.676,0.662,-4.061,1,0.0324,0.0148,0.104,0.154,104.001,255840.0,4,12.0
0.343,0.862,-5.083,1,0.0572,0.00307,0.109,0.189,125.069,282998.0,4,7.0
0.63,0.678,-6.412,1,0.0526,0.052,0.265,0.533,109.966,159412.0,4,40.0
0.687,0.541,-4.18,0,0.236,0.091,0.313,0.376,130.181,219789.0,4,46.0
0.641,0.862,-4.653,0,0.0429,0.0228,0.11,0.38,132.023,238360.0,4,19.0
0.725,0.315,-8.48,0,0.0369,0.72,0.0869,0.298,126.39,425787.0,3,45.0
0.407,0.311,-14.493,1,0.0347,0.277,0.335,0.312,172.017,364115.0,4,31.0
0.374,0.304,-14.52,1,0.0302,0.943,0.126,0.147,147.969,336613.0,4,69.0
0.449,0.971,-3.66,1,0.0476,0.00273,0.141,0.414,144.031,210707.0,4,60.0
0.838,0.893,-10.005,1,0.123,0.0496,0.105,0.962,106.843,342093.0,4,29.0
0.611,0.638,-6.669,0,0.18,0.434,0.129,0.617,83.4,194643.0,4,36.0
0.878,0.84,-13.105,0,0.064,0.0421,0.053,0.882,116.222,260000.0,4,65.0
0.565,0.248,-17.369,0,0.862,0.977,0.306,0.61,80.755,222760.0,4,5.0
0.588,0.809,-6.327,0,0.412,0.0235,0.324,0.696,103.0,230533.0,4,49.0
0.571,0.858,-7.066,1,0.0326,0.0551,0.0943,0.716,92.523,191267.0,3,55.0
0.205,0.979,-5.119,1,0.155,0.000137,0.363,0.414,86.507,253853.0,4,29.0
0.696,0.79,-4.633,0,0.0438,0.00279,0.172,0.555,115.015,176413.0,4,46.0
0.667,0.757,-5.88,1,0.0465,0.174,0.0831,0.528,114.78,287640.0,4,33.0
0.773,0.505,-10.357,0,0.0329,0.103,0.0729,0.891,124.131,238773.0,4,67.0
0.112,0.978,-2.64,1,0.117,0.000108,0.117,0.371,173.097,250222.0,3,57.0
0.855,0.463,-7.454,1,0.0367,0.217,0.347,0.866,102.931,122773.0,4,84.0
0.624,0.84,-5.768,1,0.0337,0.108,0.144,0.656,111.02,5.384,4,66.0
0.371,0.601,-3.113,0,0.0337,0.277,0.0893,0.402,137.643,375560.0,4,47.0
0.653,0.819,-5.726,1,0.0408,0.00076,0.111,0.409,119.962,291503.0,4,50.0
0.37,0.403,-14.227,1,0.0302,0.111,0.0727,0.2,112.795,342787.0,4,36.0
0.613,0.555,-9.801,1,0.072,0.58,0.119,0.556,127.267,166680.0,4,55.0
0.699,0.703,-7.651,0,0.273,0.517,0.112,0.478,195.864,171429.0,4,64.0
0.328,0.738,-6.356,1,0.0343,9.02e-05,0.283,0.264,132.121,317600.0,4,44.0
0.653,0.504,-12.924,1,0.0348,0.608,0.074,0.402,115.007,252733.0,4,34.0
0.514,0.784,-6.217,1,0.0413,0.413,0.164,0.567,150.326,247920.0,4,51.0
0.638,0.634,-6.474,1,0.0468,0.214,0.0866,0.473,92.097,3.2737,4,67.0
0.752,0.472,-7.757,1,0.0945,0.624,0.349,0.557,130.983,5.599316667,4,28.0
0.463,0.89,-6.099,0,0.0391,0.000138,0.394,0.501,125.156,162766.0,4,26.0
0.527,0.695,-4.99,1,0.0346,0.0331,0.31,0.271,142.922,193080.0,4,60.0
0.798,0.741,-6.802,1,0.0284,0.0432,0.252,0.708,104.945,4.842666667,4,67.0
0.476,0.971,-6.648,0,0.177,0.0001,0.622,0.217,92.431,233908.0,4,30.0
0.413,0.994,-3.621,1,0.171,0.00116,0.286,0.0424,124.993,215253.0,4,9.0
0.597,0.554,-14.144,0,0.0425,0.029,0.0766,0.963,117.835,133200.0,4,62.0
0.852,0.803,-6.929,0,0.264,0.00204,0.121,0.752,96.2,261400.0,4,59.0
0.562,0.235,-13.89,1,0.0265,0.568,0.085,0.398,76.991,154933.0,4,45.0
0.476,0.788,-4.821,0,0.0446,0.237,0.106,0.746,90.066,4.822216667,4,64.0
0.0828,0.0598,-20.795,1,0.041,0.982,0.0973,0.038,65.84,2.921,3,44.0
0.443,0.841,-9.72,0,0.0433,0.212,0.134,0.281,155.827,385400.0,4,49.0
0.383,0.828,-6.322,1,0.0359,0.033,0.35,0.845,135.067,221907.0,4,36.0
0.329,0.974,-8.77,0,0.135,0.000852,0.0904,0.234,140.862,166920.0,4,74.0
0.551,0.831,-5.922,1,0.141,0.064,0.323,0.619,176.091,184428.0,4,33.0
0.569,0.789,-8.559,1,0.0309,5.62e-06,0.0811,0.911,115.152,235093.0,4,60.0
0.507,0.609,-7.99,0,0.124,0.698,0.107,0.497,78.857,3.2,5,16.0
0.581,0.354,-8.996,0,0.0505,0.738,0.136,0.167,82.861,387867.0,3,11.0
0.788,0.487,-8.637,0,0.177,0.0259,0.0568,0.602,104.939,201143.0,4,34.0
0.294,0.695,-5.876,1,0.0543,0.0028,0.26,0.363,83.37,212972.0,4,51.0
0.621,0.359,-9.991,1,0.0253,0.0921,0.113,0.228,100.002,218000.0,4,46.0
0.627,0.575,-7.38,1,0.232,0.78,0.336,0.494,78.546,183451.0,4,45.0
0.352,0.534,-5.904,1,0.0365,0.221,0.116,0.379,82.371,325638.0,3,35.0
0.497,0.213,-13.199,0,0.0317,0.102,0.21,0.0412,135.03,286225.0,4,49.0
0.837,0.661,-7.052,1,0.0402,0.446,0.227,0.891,105.002,177498.0,4,49.0
0.619,0.855,-4.164,1,0.0376,0.000247,0.0318,0.935,127.671,216160.0,4,60.0
0.492,0.75,-5.014,1,0.0526,0.000307,0.0996,0.25,172.116,181241.0,4,49.0
0.46,0.978,-5.25,0,0.0982,0.000289,0.329,0.302,92.51,212950.0,4,41.0
0.55,0.941,-5.721,0,0.0413,0.000872,0.101,0.746,95.409,406987.0,4,53.0
0.296,0.432,-8.677,1,0.0316,0.00059,0.237,0.216,88.13,200667.0,4,51.0
0.583,0.433,-8.309,0,0.0501,0.746,0.133,0.22,127.513,215625.0,4,54.0
0.613,0.696,-9.486,0,0.0504,0.136,0.053,0.874,122.056,7.910883333,4,50.0
0.62,0.0931,-17.075,1,0.146,0.994,0.111,0.293,73.495,2.547033333,4,43.0
0.699,0.566,-6.347,1,0.205,0.258,0.222,0.557,84.989,242748.0,4,38.0
0.5,0.802,-10.233,1,0.0351,0.407,0.165,0.744,97.752,301373.0,4,26.0
0.467,0.835,-7.084,1,0.0642,0.0745,0.26,0.639,91.603,311640.0,4,49.0
0.715,0.738,-10.139,1,0.157,0.00826,0.26,0.573,97.877,252307.0,4,63.0
0.758,0.715,-4.682,0,0.0864,0.074,0.144,0.599,104.95,183719.0,4,15.0
0.813,0.693,-8.0,0,0.266,0.0341,0.121,0.618,103.508,391693.0,4,65.0
0.876,0.679,-6.455,0,0.115,0.175,0.116,0.116,106.97,273053.0,4,42.0
0.315,0.618,-6.71,0,0.053,0.0353,0.113,0.226,79.175,203027.0,4,56.0
0.18,0.915,-6.855,1,0.0946,0.0224,0.0929,0.101,94.578,215360.0,1,54.0
0.621,0.519,-13.328,0,0.102,0.837,0.162,0.775,117.005,167267.0,4,47.0
0.67,0.554,-9.047,1,0.0344,0.0156,0.208,0.482,110.025,319253.0,4,41.0
0.432,0.989,-3.356,0,0.173,0.000168,0.319,0.104,120.015,228000.0,4,32.0
0.486,0.582,-9.304,1,0.0453,0.913,0.0711,0.664,123.222,6.471333333,1,36.0
0.368,0.981,-4.084,0,0.12,2.02e-05,0.129,0.277,165.018,260787.0,4,56.0
0.651,0.409,-10.864,0,0.0879,0.00428,0.176,0.363,173.76,222093.0,4,49.0
0.431,0.969,-4.193,0,0.0728,0.000182,0.21,0.526,175.043,234358.0,4,45.0
0.566,0.245,-14.907,1,0.0407,0.911,0.107,0.492,75.062,3.633283333,4,30.0
0.522,0.256,-11.216,1,0.0258,0.86,0.142,0.13,76.349,296387.0,4,67.0
0.644,0.514,-5.08,0,0.0315,0.343,0.144,0.589,123.709,185019.0,4,56.0
0.596,0.487,-13.433,1,0.0765,0.376,0.0931,0.125,108.925,216867.0,4,37.0
0.631,0.525,-4.999,1,0.0281,0.477,0.101,0.157,113.314,196667.0,4,40.0
0.732,0.71,-10.429,1,0.0473,0.121,0.457,0.825,123.098,352839.0,4,5.0
0.419,0.761,-4.284,0,0.314,0.0125,0.109,0.942,203.558,174360.0,3,39.0
0.699,0.67,-6.219,1,0.0347,0.0147,0.356,0.556,111.988,281407.0,4,65.0
0.641,0.18,-14.498,1,0.0446,0.923,0.0739,0.764,93.232,3.375116667,4,37.0
0.613,0.809,-4.972,1,0.0616,0.0109,0.103,0.671,119.062,167274.0,4,41.0
0.562,0.383,-15.474,1,0.0304,0.143,0.138,0.599,93.764,206760.0,3,71.0
0.638,0.538,-8.445,1,0.0315,0.452,0.0695,0.318,89.124,240413.0,4,73.0
0.43,0.892,-5.706,1,0.037,0.00374,0.601,0.288,94.994,350169.0,4,46.0
0.478,0.915,-4.176,0,0.103,2.77e-05,0.0882,0.817,166.05,184813.0,4,44.0
0.426,0.954,-6.121,1,0.0474,0.00144,0.149,0.721,135.302,218666.0,4,54.0
0.619,0.624,-7.887,1,0.028,0.0113,0.098,0.891,95.853,193080.0,4,14.0
0.805,0.558,-5.226,1,0.041,0.164,0.0546,0.965,114.95,147600.0,4,73.0
0.677,0.744,-6.806,0,0.0295,0.0404,0.074,0.631,124.08,152913.0,4,81.0
0.381,0.539,-6.761,1,0.0375,2.5e-05,0.125,0.499,127.424,282160.0,4,42.0
0.591,0.804,-7.299,1,0.0454,0.327,0.0818,0.658,111.457,5.49021667,4,62.0
0.794,0.766,-3.894,0,0.0377,0.0135,0.0785,0.55,127.007,195873.0,4,80.0
0.435,0.788,-9.185,1,0.0384,6.05e-05,0.19,0.736,165.047,193566.0,4,46.0
0.416,0.466,-8.718,1,0.0363,0.00406,0.12,0.357,119.085,329627.0,4,49.0
0.767,0.706,-7.437,0,0.262,0.193,0.0956,0.529,97.205,174588.0,4,58.0
0.584,0.913,-3.83,1,0.041,0.0663,0.144,0.613,100.019,263889.0,4,33.0
0.761,0.546,-6.571,0,0.143,0.368,0.0731,0.625,132.324,180315.0,4,35.0
0.809,0.701,-12.484,1,0.0574,0.176,0.184,0.563,105.696,149013.0,4,54.0
0.364,0.964,-3.151,0,0.0595,0.000363,0.183,0.0585,97.46,200680.0,4,41.0
0.686,0.598,-10.062,0,0.0266,0.118,0.0705,0.869,110.961,222703.0,4,29.0
0.561,0.604,-6.821,1,0.0598,0.441,0.177,0.769,174.074,151978.0,4,30.0
0.382,0.881,-13.122,0,0.081,1.28e-05,0.827,0.0864,134.946,266000.0,4,16.0
0.452,0.805,-4.368,0,0.0299,0.00551,0.221,0.708,114.431,246120.0,4,59.0
0.392,0.499,-6.997,1,0.0425,0.0166,0.234,0.232,135.551,159080.0,4,64.0
0.346,0.948,-6.858,1,0.0687,0.00172,0.0675,0.282,96.15,204438.0,4,35.0
0.54,0.423,-8.799,1,0.0283,0.294,0.152,0.353,150.135,306040.0,4,69.0
0.391,0.902,-5.361,1,0.0569,4.99e-05,0.0884,0.611,174.967,210667.0,4,23.0
0.562,0.961,-7.338,1,0.0617,0.00486,0.149,0.96,125.036,450547.0,4,1.0
0.31,0.79,-7.745,1,0.0391,0.583,0.0833,0.889,198.698,192520.0,1,36.0
0.764,0.508,-13.165,0,0.515,0.000347,0.0917,0.862,179.257,327400.0,4,42.0
0.548,0.83,-5.424,1,0.0292,0.011,0.575,0.276,99.996,231467.0,4,16.0
0.117,0.976,-6.008,1,0.124,7.76e-06,0.0839,0.118,80.044,397707.0,1,26.0
0.477,0.994,-4.953,0,0.241,0.000115,0.0534,0.0397,125.058,253318.0,4,62.0
0.181,0.161,-27.538,1,0.0348,0.931,0.134,0.24,93.444,286986.0,4,50.0
0.484,0.862,-6.39,0,0.0278,0.0061,0.547,0.565,106.922,294800.0,3,55.0
0.473,0.856,-4.349,0,0.0321,0.124,0.121,0.567,160.004,212147.0,4,24.0
0.618,0.475,-11.244,1,0.105,0.881,0.481,0.918,94.485,152346.0,4,26.0
0.595,0.861,-3.907,0,0.0327,0.00222,0.227,0.892,131.995,237013.0,4,53.0
0.338,0.721,-5.735,0,0.0587,0.00182,0.349,0.381,80.774,220468.0,4,42.0
0.548,0.865,-5.325,1,0.0302,0.00171,0.457,0.61,116.046,303013.0,4,64.0
0.386,0.94,-1.971,0,0.041,6.31e-05,0.197,0.204,174.032,256552.0,4,40.0
0.0892,0.0759,-22.61,1,0.0416,0.95,0.0994,0.0718,80.12,7.357333333,4,19.0
0.563,0.383,-8.81,1,0.0652,0.845,0.44,0.456,128.617,4.118666667,4,19.0
0.338,0.197,-16.06,1,0.0355,0.664,0.133,0.21,135.799,195000.0,1,2.0
0.593,0.357,-7.701,1,0.0271,0.624,0.117,0.262,131.884,235947.0,4,23.0
0.512,0.687,-11.717,1,0.0409,0.0431,0.12,0.681,101.352,213733.0,4,23.0
0.309,0.758,-7.7,1,0.0655,6.25e-05,0.173,0.152,145.439,159360.0,4,39.0
0.402,0.956,-3.795,0,0.0487,4.11e-05,0.13,0.231,135.021,206667.0,4,8.0
0.643,0.664,-6.177,0,0.0519,0.158,0.219,0.705,141.898,318338.0,4,40.0
0.733,0.477,-6.737,0,0.0687,0.302,0.0579,0.545,62.507,216133.0,4,75.0
0.365,0.851,-6.238,0,0.0645,0.0964,0.237,0.309,78.086,171040.0,4,71.0
0.73,0.679,-3.994,1,0.0273,0.00209,0.114,0.796,111.959,161676.0,4,37.0
0.578,0.799,-10.465,1,0.0268,0.108,0.33,0.669,95.503,272781.0,4,41.0
0.699,0.467,-8.578,0,0.0375,0.685,0.315,0.764,119.287,130173.0,4,70.0
0.345,0.852,-4.245,1,0.0499,0.00016,0.157,0.396,137.089,245213.0,4,35.0
0.654,0.873,-6.01,1,0.0329,0.219,0.0838,0.967,128.899,229627.0,4,47.0
0.82,0.432,-10.289,1,0.311,0.352,0.104,0.59,71.853,148499.0,4,47.0
0.568,0.904,-4.772,0,0.226,0.00167,0.11,0.487,169.935,258320.0,4,49.0
0.8,0.751,-3.604,0,0.0781,0.00969,0.0381,0.646,93.999,186783.0,4,54.0
0.408,0.953,-3.883,1,0.226,0.00532,0.338,0.291,177.94,272666.0,4,63.0
0.662,0.934,-4.545,0,0.141,0.0767,0.332,0.61,92.08,259493.0,4,48.0
0.673,0.814,-5.411,1,0.0367,0.0133,0.343,0.728,147.193,252200.0,4,70.0
0.55,0.239,-14.178,1,0.0355,0.948,0.113,0.184,75.086,3.629116667,4,46.0
0.665,0.636,-8.319,0,0.0371,0.0901,0.675,0.338,117.91,3.98445,4,24.0
0.306,0.722,-5.963,1,0.034,0.0519,0.117,0.41,174.732,200293.0,4,72.0
0.446,0.242,-14.152,1,0.0368,0.87,0.105,0.171,126.681,8.201333333,4,41.0
0.47,0.954,-3.631,0,0.134,0.000159,0.405,0.412,170.1,220173.0,4,59.0
0.65,0.613,-6.13,0,0.128,0.00336,0.267,0.0804,149.972,194621.0,4,85.0
0.453,0.892,-5.033,0,0.0381,5.61e-06,0.35,0.586,86.01,169573.0,4,43.0
0.765,0.806,-4.464,0,0.0276,0.0453,0.0914,0.964,116.017,208213.0,4,55.0
0.968,0.518,-6.674,0,0.424,0.000927,0.0653,0.397,119.948,187148.0,4,57.0
0.789,0.719,-9.045,0,0.154,0.273,0.732,0.173,102.96,285413.0,4,37.0
0.415,0.853,-11.098,1,0.038,0.0107,0.536,0.302,148.494,197013.0,4,58.0
0.822,0.702,-13.507,1,0.0898,0.015,0.115,0.792,115.777,336173.0,4,36.0
0.665,0.69,-7.275,1,0.0369,0.0325,0.116,0.454,120.032,219933.0,4,63.0
0.398,0.716,-5.254,1,0.0392,0.0764,0.0848,0.494,117.295,3.223816667,4,80.0
0.101,0.328,-8.677,1,0.0362,0.0909,0.0706,0.0345,79.452,313987.0,3,30.0
0.21,0.943,-7.656,1,0.0785,1.15e-05,0.0739,0.13,164.844,162116.0,4,59.0
0.565,0.336,-16.387,1,0.0319,0.307,0.0949,0.796,82.294,2.313333333,4,43.0
0.415,0.94,-4.874,1,0.0889,0.0049,0.144,0.439,134.392,225627.0,4,41.0
0.643,0.81,-4.786,1,0.0246,0.000626,0.0621,0.541,103.988,231360.0,4,30.0
0.461,0.961,-3.011,1,0.0479,6.39e-06,0.308,0.416,96.009,234880.0,4,60.0
0.754,0.497,-11.14,1,0.039,0.368,0.193,0.789,95.502,2.82245,4,45.0
0.541,0.96,-2.947,0,0.0505,0.0663,0.344,0.812,122.803,222707.0,4,80.0
0.472,0.965,-5.358,1,0.0409,0.044,0.476,0.793,162.027,342606.0,4,34.0
0.677,0.298,-11.676,0,0.0501,0.419,0.108,0.552,143.219,256907.0,4,44.0
0.666,0.646,-7.722,1,0.0268,0.124,0.095,0.664,100.05,214160.0,4,64.0
0.469,0.951,-4.222,1,0.111,0.0119,0.0976,0.283,149.976,254811.0,4,60.0
0.593,0.749,-5.67,1,0.0475,0.0113,0.314,0.649,164.959,309053.0,4,80.0
0.654,0.648,-8.086,0,0.405,0.105,0.162,0.459,80.013,246062.0,4,22.0
0.334,0.957,-2.189,1,0.0737,3.94e-05,0.212,0.418,90.071,188280.0,4,41.0
0.81,0.794,-5.061,1,0.3,0.572,0.126,0.829,141.008,190402.0,4,54.0
0.314,0.787,-4.838,1,0.0771,0.0712,0.16,0.294,189.901,209400.0,4,57.0
0.39,0.83,-5.201,0,0.0563,0.0021,0.156,0.191,90.021,168030.0,4,76.0
0.762,0.945,-0.965,1,0.0904,0.0503,0.232,0.77,104.929,196973.0,4,43.0
0.52,0.457,-7.877,0,0.0364,0.137,0.102,0.61,185.945,185955.0,4,53.0
0.516,0.243,-11.832,1,0.0319,0.872,0.0999,0.204,97.526,235773.0,4,57.0
0.523,0.716,-7.113,1,0.0431,0.134,0.988,0.222,98.619,6.55245,4,44.0
0.346,0.768,-5.695,1,0.0377,0.00603,0.0244,0.532,169.492,3.50266667,4,70.0
0.607,0.462,-8.383,1,0.0551,0.52,0.229,0.376,117.41,4.45688333,4,55.0
0.717,0.143,-11.386,1,0.315,0.941,0.0929,0.487,110.86,111493.0,5,28.0
0.338,0.932,-4.408,1,0.0548,1.44e-05,0.274,0.729,180.115,254909.0,4,37.0
0.792,0.551,-5.769,1,0.037,0.307,0.101,0.45,103.967,117692.0,4,46.0
0.47,0.954,-4.856,1,0.0638,6.85e-06,0.232,0.349,130.012,222160.0,4,33.0
0.534,0.976,-6.742,1,0.156,0.000582,0.0615,0.131,120.008,222989.0,4,29.0
0.547,0.523,-9.176,1,0.0572,0.724,0.103,0.89,169.598,2.38178333,4,60.0
0.51,0.759,-4.854,1,0.101,0.034,0.077,0.237,91.123,207142.0,4,64.0
0.586,0.7,-9.558,1,0.0363,0.0589,0.0318,0.897,147.245,295400.0,4,73.0
0.651,0.949,-6.566,0,0.0403,0.00737,0.286,0.61,113.257,285733.0,4,70.0
0.433,0.631,-9.381,1,0.0458,0.199,0.271,0.654,129.493,282600.0,4,46.0
0.668,0.976,-2.713,1,0.0883,0.0535,0.0782,0.765,95.886,252667.0,4,34.0
0.645,0.754,-3.706,0,0.146,0.294,0.698,0.823,180.057,203008.0,4,24.0
0.849,0.61,-10.822,1,0.154,0.0204,0.0454,0.566,99.01,223693.0,4,56.0
0.569,0.789,-8.559,1,0.0309,5.62e-06,0.0811,0.911,115.152,235093.0,4,60.0
0.677,0.74,-6.528,1,0.0243,0.242,0.105,0.679,110.193,237961.0,4,66.0
0.231,0.289,-11.092,1,0.0424,0.0418,0.254,0.105,77.59,354040.0,4,32.0
0.505,0.985,-4.401,1,0.119,6.04e-05,0.351,0.243,119.993,219763.0,4,48.0
0.37,0.866,-3.879,0,0.0384,0.0868,0.137,0.427,162.086,316693.0,3,74.0
0.41,0.212,-16.436,1,0.0328,0.708,0.0837,0.279,130.936,281080.0,4,19.0
0.467,0.324,-11.487,1,0.0309,0.761,0.122,0.445,100.89,4.08111667,4,44.0
0.412,0.883,-7.931,1,0.213,0.677,0.859,0.572,105.83,4.683116667,4,22.0
0.506,0.907,-4.011,1,0.0391,1.93e-05,0.573,0.547,156.05,188853.0,4,48.0
0.391,0.63,-5.685,1,0.0308,0.00326,0.0991,0.242,147.587,171400.0,4,41.0
0.443,0.868,-6.741,0,0.0453,0.135,0.111,0.544,106.113,250147.0,4,18.0
0.521,0.209,-10.921,0,0.0417,0.882,0.7,0.154,119.674,256267.0,4,18.0
0.206,0.965,-5.116,1,0.079,9.91e-06,0.367,0.168,92.615,299867.0,4,65.0
0.798,0.693,-7.454,0,0.289,0.565,0.104,0.771,100.99,216333.0,4,36.0
0.581,0.791,-7.262,1,0.0324,0.00835,0.142,0.619,123.887,256293.0,3,62.0
0.373,0.8,-6.892,1,0.0698,0.00162,0.353,0.89,106.205,230307.0,4,27.0
0.594,0.636,-6.306,1,0.0323,0.0363,0.0908,0.676,131.982,134672.0,4,52.0
0.394,0.659,-10.734,0,0.0456,0.572,0.124,0.292,82.953,185060.0,4,36.0
0.324,0.948,-4.609,1,0.0522,8.85e-06,0.165,0.342,90.542,160587.0,4,25.0
0.519,0.839,-2.531,0,0.184,0.0177,0.0718,0.543,89.825,282454.0,4,44.0
0.545,0.795,-7.746,0,0.0312,0.0107,0.222,0.233,91.039,152369.0,4,32.0
0.562,0.649,-5.4,1,0.0494,0.231,0.341,0.376,145.913,3.598883333,4,74.0
0.478,0.971,-4.845,1,0.0853,0.000987,0.0809,0.38,122.397,224104.0,4,56.0
0.328,0.553,-6.252,1,0.0267,0.156,0.0985,0.322,159.959,464280.0,4,56.0
0.683,0.457,-6.243,1,0.0385,0.83,0.133,0.643,154.12,164467.0,4,46.0
0.192,0.978,-6.359,1,0.095,6.03e-06,0.367,0.0388,94.885,159533.0,4,33.0
0.63,0.842,-5.379,1,0.0317,0.0327,0.152,0.115,100.014,223150.0,4,37.0
0.54,0.806,-5.9,0,0.0482,0.348,0.0879,0.927,148.731,245513.0,4,15.0
0.469,0.898,-7.88,1,0.0303,0.179,0.116,0.934,157.947,213307.0,4,2.0
0.309,0.919,-3.131,1,0.0609,0.00039,0.423,0.322,103.891,261813.0,4,71.0
0.639,0.724,-6.346,1,0.0664,0.452,0.159,0.522,129.712,209538.0,3,61.0
0.553,0.653,-4.668,1,0.0392,0.296,0.0596,0.538,166.355,150183.0,3,49.0
0.439,0.972,-4.622,0,0.104,0.00015,0.139,0.696,176.098,234293.0,4,47.0
0.792,0.511,-6.876,1,0.0409,0.124,0.14,0.111,113.983,168490.0,4,79.0
0.726,0.897,-3.534,1,0.0353,0.0257,0.126,0.715,120.494,165095.0,4,66.0
0.489,0.597,-7.296,1,0.0386,0.0553,0.112,0.438,140.764,212413.0,3,49.0
0.326,0.998,-3.095,1,0.0993,0.00205,0.364,0.471,101.862,123987.0,3,45.0
0.563,0.743,-12.166,1,0.0408,0.0321,0.148,0.741,115.422,3.50933333,4,30.0
0.478,0.534,-8.478,1,0.0387,0.795,0.109,0.552,100.027,203907.0,4,47.0
0.35,0.828,-5.373,1,0.041,0.000217,0.0774,0.147,105.435,318587.0,4,76.0
0.495,0.868,-5.122,1,0.0621,0.124,0.0916,0.668,81.024,254024.0,4,35.0
0.484,0.832,-7.348,0,0.0414,0.14,0.166,0.34,130.038,165213.0,4,45.0
0.519,0.862,-2.609,1,0.0424,0.0156,0.164,0.396,159.938,159329.0,4,58.0
0.778,0.899,-6.552,1,0.0451,0.0028,0.0263,0.881,119.995,204133.0,4,66.0
0.472,0.647,-12.903,1,0.035,0.0104,0.47,0.84,151.569,223973.0,4,34.0
0.537,0.882,-2.306,1,0.0403,0.000342,0.12,0.81,145.729,179813.0,4,66.0
0.367,0.452,-10.422,1,0.0307,0.0353,0.689,0.189,113.066,520787.0,4,75.0
0.429,0.953,-3.26,1,0.179,0.0361,0.56,0.766,174.646,206387.0,4,46.0
0.638,0.622,-5.927,1,0.0389,0.00993,0.147,0.753,80.016,145627.0,4,4.0
0.591,0.547,-8.596,0,0.0284,0.126,0.174,0.253,116.017,196008.0,4,51.0
0.471,0.365,-11.809,1,0.0311,0.778,0.108,0.103,88.011,4.173333333,4,42.0
0.435,0.77,-6.126,0,0.0561,0.00459,0.519,0.372,144.323,230499.0,4,42.0
0.542,0.82,-5.452,1,0.0659,0.000288,0.453,0.789,153.09,157326.0,4,41.0
0.335,0.953,-3.997,0,0.166,0.000184,0.347,0.584,171.106,198480.0,4,41.0
0.492,0.969,-4.419,1,0.0491,0.0014,0.0787,0.538,95.136,157333.0,4,76.0
0.67,0.817,-6.545,1,0.0751,0.0296,0.172,0.378,97.997,277092.0,4,9.0
0.684,0.914,-3.596,0,0.0333,0.00229,0.299,0.181,108.984,246733.0,4,56.0
0.482,0.721,-6.839,1,0.0321,0.731,0.189,0.557,95.263,369600.0,4,74.0
0.483,0.619,-7.571,1,0.031,0.0946,0.0878,0.0682,102.962,175066.0,4,34.0
0.456,0.513,-11.221,0,0.0277,0.00447,0.114,0.771,153.995,280603.0,3,23.0
0.637,0.69,-4.057,0,0.0405,0.00786,0.124,0.457,129.857,162399.0,4,84.0
0.758,0.913,-2.926,0,0.113,0.00364,0.193,0.658,128.04,186210.0,4,88.0
0.444,0.339,-16.936,1,0.0418,0.66,0.163,0.656,142.112,456360.0,4,46.0
0.659,0.846,-5.508,1,0.0274,0.0318,0.203,0.659,107.01,354636.0,4,57.0
0.335,0.849,-6.927,1,0.321,0.00193,0.0928,0.256,181.716,399267.0,3,62.0
0.591,0.758,-2.522,1,0.0317,0.0254,0.371,0.543,97.03,197938.0,4,32.0
0.675,0.598,-9.007,0,0.0298,0.501,0.0984,0.28,119.996,3.333333333,3,7.0
0.618,0.678,-5.199,1,0.0316,0.6,0.501,0.79,133.453,204573.0,4,44.0
0.565,0.632,-5.208,0,0.0473,0.703,0.125,0.484,149.953,196620.0,4,21.0
0.615,0.449,-5.151,1,0.0282,0.131,0.0859,0.493,82.548,251533.0,4,9.0
0.623,0.622,-12.255,1,0.0412,0.00168,0.343,0.319,125.166,194507.0,4,58.0
0.561,0.299,-11.392,1,0.0315,0.837,0.357,0.107,123.92,5.156,4,59.0
0.603,0.541,-10.853,0,0.067,0.124,0.0709,0.384,179.963,346750.0,4,32.0
0.442,0.78,-5.576,1,0.0479,0.007,0.167,0.666,154.001,236787.0,4,38.0
0.67,0.415,-6.855,1,0.0786,0.39,0.0617,0.445,114.212,176320.0,4,72.0
0.579,0.872,-5.294,1,0.0443,0.00594,0.192,0.557,115.043,230400.0,4,61.0
0.577,0.914,-8.905,1,0.0649,0.0323,0.104,0.654,96.339,297467.0,4,32.0
0.528,0.477,-10.454,1,0.0358,0.978,0.112,0.422,111.511,3.904,4,36.0
0.462,0.203,-16.313,1,0.0355,0.975,0.102,0.437,153.716,227651.0,4,52.0
0.736,0.736,-9.041,0,0.15,0.000124,0.557,0.76,115.996,153074.0,4,36.0
0.596,0.366,-8.57,1,0.0324,0.776,0.106,0.264,116.028,240613.0,3,29.0
0.489,0.389,-11.653,0,0.0284,0.877,0.105,0.254,131.366,257787.0,4,66.0
0.522,0.967,-5.218,1,0.142,0.000313,0.0633,0.284,130.019,271800.0,4,39.0
0.533,0.0492,-19.517,1,0.0319,0.912,0.119,0.166,96.842,2.78785,4,54.0
0.63,0.455,-13.667,1,0.0322,0.792,0.133,0.645,94.08,327707.0,4,62.0
0.887,0.48,-11.994,1,0.117,0.0094,0.0662,0.607,95.846,193200.0,4,74.0
0.72,0.742,-5.889,1,0.0559,0.0324,0.306,0.718,118.063,180561.0,4,36.0
0.767,0.667,-12.455,0,0.195,0.00647,0.622,0.872,134.913,200897.0,4,19.0
0.645,0.455,-8.484,0,0.0322,0.49,0.165,0.339,149.971,271733.0,5,35.0
0.462,0.99,-3.175,0,0.211,0.000103,0.374,0.204,137.061,220539.0,4,65.0
0.715,0.374,-6.665,1,0.0399,0.627,0.11,0.633,89.982,143531.0,4,67.0
0.485,0.884,-3.412,1,0.038,0.0664,0.215,0.446,138.096,256120.0,4,18.0
0.602,0.891,-3.722,0,0.102,0.00802,0.64,0.688,137.15,135160.0,4,47.0
0.514,0.421,-11.206,0,0.0268,0.803,0.154,0.63,76.996,263211.0,4,38.0
0.86,0.277,-10.328,0,0.0377,0.636,0.18,0.768,118.918,214792.0,4,41.0
0.45,0.347,-16.269,1,0.0349,0.177,0.102,0.394,157.47,358200.0,3,30.0
0.541,0.907,-4.512,1,0.0642,0.0158,0.34,0.434,80.029,187653.0,4,67.0
0.525,0.882,-4.479,1,0.0467,0.0252,0.101,0.623,101.674,164867.0,4,62.0
0.547,0.637,-5.433,1,0.025,0.00828,0.0702,0.469,149.979,303613.0,3,54.0
0.18,0.244,-17.797,0,0.0371,0.88,0.0978,0.0586,73.16,232040.0,5,50.0
0.287,0.95,-5.716,1,0.148,2.65e-05,0.0372,0.208,110.977,138840.0,4,21.0
0.421,0.677,-6.183,1,0.0343,0.000989,0.211,0.683,127.67,303587.0,4,69.0
0.755,0.722,-6.231,0,0.23,0.339,0.148,0.537,87.275,222787.0,4,49.0
0.842,0.59,-5.196,0,0.347,0.0677,0.0591,0.667,156.005,154259.0,4,63.0
0.843,0.223,-8.869,0,0.0466,0.563,0.084,0.446,89.069,207036.0,4,49.0
0.572,0.626,-9.453,1,0.0558,0.00481,0.113,0.17,97.026,190253.0,4,43.0
0.325,0.297,-7.669,1,0.0329,0.897,0.109,0.193,178.944,3.316433333,3,34.0
0.631,0.589,-9.099,1,0.0334,0.0414,0.107,0.77,98.061,190264.0,4,24.0
0.554,0.92,-4.599,1,0.0448,0.00152,0.474,0.697,98.033,177285.0,4,38.0
0.608,0.354,-13.115,1,0.33,0.338,0.351,0.22,94.9,135248.0,4,27.0
0.395,0.824,-5.659,0,0.0317,0.0516,0.206,0.514,83.422,232049.0,4,56.0
0.734,0.518,-9.514,0,0.0813,0.556,0.111,0.555,101.083,166000.0,4,69.0
0.528,0.961,-4.621,0,0.107,0.000149,0.102,0.441,130.038,176695.0,4,61.0
0.333,0.877,-1.894,0,0.0603,0.00332,0.769,0.285,175.095,188187.0,4,59.0
0.3,0.915,-5.691,1,0.049,0.00194,0.147,0.51,147.116,233573.0,4,50.0
0.31,0.7,-5.678,1,0.047,0.011,0.0828,0.763,188.386,255493.0,4,84.0
0.564,0.192,-12.945,1,0.0486,0.874,0.311,0.539,87.399,255933.0,4,23.0
0.563,0.265,-10.563,1,0.0321,0.972,0.12,0.26,132.207,3.630283333,4,36.0
0.329,0.806,-11.925,1,0.0596,0.0565,0.355,0.619,142.625,181760.0,4,39.0
0.549,0.133,-16.793,1,0.0785,0.814,0.694,0.198,76.632,222107.0,4,22.0
0.449,0.686,-4.939,1,0.0313,0.511,0.131,0.365,131.192,4.660666667,4,3.0
0.441,0.463,-11.476,0,0.074,0.984,0.0993,0.515,79.579,3.922216667,3,29.0
0.651,0.516,-13.628,1,0.0277,0.00244,0.0973,0.453,115.154,6.48,4,60.0
0.871,0.714,-6.413,1,0.0307,0.237,0.072,0.962,106.797,2.994216667,4,59.0
0.453,0.978,-5.468,0,0.0752,2.69e-05,0.0698,0.308,141.979,233239.0,4,41.0
0.501,0.818,-4.631,1,0.0317,0.00203,0.0877,0.338,92.01,221880.0,4,25.0
0.342,0.755,-6.104,0,0.0839,0.604,0.474,0.358,186.964,215720.0,4,33.0
0.312,0.994,-4.38,0,0.0932,0.00966,0.126,0.409,150.387,172653.0,4,48.0
0.454,0.142,-24.853,0,0.0576,0.967,0.0881,0.749,156.214,3.85045,3,32.0
0.712,0.908,-7.414,1,0.221,0.128,0.383,0.408,98.946,288027.0,4,36.0
0.7,0.402,-9.93,0,0.278,0.0498,0.16,0.499,77.871,300600.0,4,63.0
0.452,0.915,-3.836,1,0.0355,9.51e-06,0.0709,0.522,104.995,230653.0,3,38.0
0.507,0.973,-2.905,1,0.176,2.1e-05,0.346,0.706,143.075,231963.0,4,61.0
0.819,0.566,-6.598,0,0.304,0.0611,0.107,0.82,91.986,190400.0,4,43.0
0.636,0.887,-4.354,1,0.0475,0.00257,0.293,0.35,107.984,232520.0,4,39.0
0.578,0.826,-7.537,1,0.0405,2.16e-05,0.188,0.376,110.049,209498.0,4,45.0
0.603,0.443,-7.73,1,0.0288,0.533,0.097,0.421,134.891,246227.0,4,51.0
0.359,0.949,-7.649,1,0.101,0.0556,0.236,0.212,134.118,212480.0,4,61.0
0.481,0.97,-6.463,1,0.304,0.00822,0.716,0.648,148.059,208840.0,4,35.0
0.593,0.873,-7.459,1,0.127,0.0693,0.0954,0.719,94.853,146443.0,4,35.0
0.37,0.476,-12.73,0,0.0535,0.101,0.0779,0.294,119.337,344400.0,5,42.0
0.399,0.975,-5.237,1,0.0991,0.000114,0.152,0.319,171.971,140907.0,4,55.0
0.791,0.738,-8.768,0,0.355,0.0123,0.351,0.891,95.3,206213.0,4,48.0
0.449,0.749,-8.585,0,0.0775,0.01,0.391,0.448,106.861,140067.0,4,35.0
0.456,0.857,-5.854,1,0.0833,0.00157,0.333,0.559,167.709,197427.0,4,47.0
0.421,0.791,-4.998,1,0.0496,0.0117,0.146,0.499,130.075,257200.0,4,71.0
0.371,0.973,-5.303,0,0.135,0.000641,0.0423,0.444,127.721,164333.0,4,58.0
0.502,0.959,-4.549,0,0.0843,0.0445,0.344,0.67,112.463,281240.0,4,23.0
0.52,0.653,-5.77,1,0.0623,0.00742,0.162,0.601,169.948,217267.0,4,41.0
0.409,0.92,-5.439,0,0.12,0.00719,0.0823,0.37,145.085,290960.0,4,71.0
0.4,0.986,-3.248,1,0.145,6.17e-05,0.105,0.238,108.352,164133.0,4,40.0
0.586,0.84,-5.341,1,0.0487,0.0122,0.0842,0.0784,132.36,348600.0,4,56.0
0.529,0.726,-4.603,1,0.0908,0.0426,0.0649,0.36,130.034,285074.0,4,25.0
0.454,0.882,-4.251,1,0.06,0.00122,0.138,0.497,95.999,212310.0,4,60.0
0.75,0.451,-13.355,1,0.048,0.512,0.272,0.743,95.483,2.911116667,4,53.0
0.602,0.846,-7.781,0,0.0401,0.0103,0.252,0.644,141.393,222548.0,4,26.0
0.7,0.449,-8.428,1,0.0922,0.761,0.111,0.556,88.737,249373.0,4,43.0
0.81,0.511,-6.454,1,0.0409,0.0778,0.0714,0.858,113.153,265678.0,4,61.0
0.746,0.634,-6.617,0,0.0363,0.0851,0.12,0.757,92.008,207578.0,4,38.0
0.477,0.941,-4.152,1,0.0623,0.00287,0.123,0.466,74.959,212743.0,4,40.0
0.509,0.856,-5.091,0,0.0553,0.00895,0.424,0.427,91.02,257320.0,4,59.0
0.359,0.643,-4.59,0,0.0517,0.831,0.222,0.485,98.497,262720.0,4,27.0
0.75,0.775,-4.267,0,0.0582,0.0993,0.568,0.526,112.961,204920.0,4,39.0
0.572,0.704,-7.891,1,0.0979,0.601,0.0891,0.604,80.482,186067.0,4,33.0
0.777,0.497,-6.846,0,0.056,0.256,0.295,0.465,96.994,231093.0,4,73.0
0.733,0.726,-6.207,1,0.039,0.0862,0.149,0.793,145.984,233836.0,4,27.0
0.814,0.575,-7.234,1,0.268,0.173,0.105,0.778,118.041,142373.0,4,39.0
0.491,0.797,-10.239,0,0.0383,0.0125,0.111,0.61,152.268,265573.0,4,32.0
0.39,0.939,-2.278,1,0.121,0.677,0.0767,0.766,174.914,152712.0,4,34.0
0.566,0.48,-12.349,0,0.0331,0.554,0.0729,0.0736,140.009,5.516916667,4,21.0
0.412,0.92,-4.852,0,0.0575,0.000456,0.11,0.455,93.162,227440.0,4,70.0
0.399,0.975,-5.237,1,0.0991,0.000114,0.152,0.319,171.971,140907.0,4,55.0
0.39,0.893,-5.153,1,0.0862,0.0028,0.191,0.219,178.08,332852.0,4,56.0
0.48,0.93,-4.501,1,0.112,0.0011,0.239,0.543,143.011,196960.0,4,44.0
0.88,0.448,-9.483,0,0.37,0.0711,0.096,0.667,150.03,183200.0,4,50.0
0.707,0.615,-5.75,1,0.0324,0.00134,0.561,0.113,89.994,421332.0,4,49.0
0.793,0.789,-6.695,0,0.103,0.00969,0.141,0.807,129.979,348000.0,4,42.0
0.201,0.989,-5.715,1,0.132,4.91e-06,0.0697,0.382,128.774,368373.0,4,4.0
0.597,0.617,-7.482,0,0.282,0.463,0.66,0.889,97.923,275520.0,4,77.0
0.327,0.214,-13.048,0,0.0786,0.913,0.067,0.27,171.683,156735.0,4,28.0
0.615,0.812,-8.568,0,0.225,0.0137,0.105,0.767,59.516,230165.0,4,32.0
0.441,0.936,-6.823,1,0.0839,8.98e-06,0.0791,0.4,75.988,225987.0,4,34.0
0.705,0.447,-11.327,1,0.0501,0.934,0.102,0.547,140.446,170107.0,4,29.0
0.87,0.731,-3.28,1,0.213,0.211,0.11,0.566,99.987,184003.0,4,45.0
0.455,0.912,-9.305,1,0.12,0.0257,0.43,0.241,139.937,354653.0,4,50.0
0.397,0.81,-5.495,1,0.0433,0.0147,0.168,0.459,110.876,181029.0,4,42.0
0.48,0.706,-5.967,1,0.0637,0.0292,0.179,0.276,174.808,187333.0,4,51.0
0.55,0.637,-5.212,1,0.163,0.597,0.129,0.535,84.448,160078.0,4,75.0
0.419,0.41,-8.898,1,0.0334,0.873,0.136,0.205,79.291,198027.0,4,32.0
0.616,0.706,-6.846,1,0.0233,0.00969,0.111,0.655,89.998,349267.0,4,52.0
0.765,0.533,-13.167,1,0.029,0.496,0.114,0.756,104.873,211000.0,4,42.0
0.841,0.31,-10.792,1,0.0655,0.00423,0.0858,0.203,140.009,166766.0,4,21.0
0.592,0.729,-4.156,1,0.0448,0.022,0.0653,0.709,116.03,236267.0,4,70.0
0.358,0.546,-8.927,0,0.0296,0.795,0.111,0.264,106.489,252960.0,3,65.0
0.731,0.664,-5.474,1,0.0302,0.00307,0.133,0.661,118.018,239267.0,4,71.0
0.506,0.93,-3.499,1,0.0675,0.129,0.0931,0.305,146.994,297427.0,4,69.0
0.566,0.886,-3.63,1,0.0902,0.000348,0.494,0.619,130.066,222461.0,4,63.0
0.578,0.794,-7.881,1,0.0288,0.128,0.34,0.351,143.996,205000.0,4,37.0
0.548,0.784,-6.969,1,0.106,0.000245,0.0576,0.578,184.914,215187.0,4,47.0
0.437,0.995,-4.997,1,0.142,7.83e-06,0.316,0.038,118.049,392067.0,4,49.0
0.693,0.38,-8.496,1,0.0337,0.706,0.0777,0.377,127.545,188653.0,4,37.0
0.606,0.679,-7.445,1,0.0321,0.0151,0.0962,0.707,122.016,177768.0,4,66.0
0.617,0.383,-10.679,1,0.0417,0.521,0.0708,0.174,130.013,293553.0,4,17.0
0.671,0.454,-6.306,1,0.257,0.916,0.167,0.817,173.672,3.402883333,4,2.0
0.346,0.241,-15.556,0,0.0304,0.264,0.0814,0.0391,99.949,196800.0,4,16.0
0.489,0.757,-6.781,0,0.0341,0.188,0.19,0.123,132.002,213606.0,4,42.0
0.747,0.932,-4.671,0,0.157,0.0225,0.176,0.937,147.04,148112.0,4,49.0
0.68,0.611,-6.47,1,0.0439,0.374,0.119,0.423,116.952,182667.0,4,58.0
0.243,0.981,-4.092,0,0.114,3.42e-05,0.146,0.272,100.189,271933.0,4,45.0
0.697,0.494,-5.206,1,0.0317,0.274,0.0936,0.357,90.842,161071.0,4,59.0
0.352,0.927,-8.144,1,0.11,6.9e-05,0.0409,0.355,98.336,183338.0,4,40.0
0.279,0.852,-7.838,1,0.0511,0.0119,0.0624,0.438,117.418,9.31555,4,13.0
0.493,0.907,-4.058,1,0.0716,0.000133,0.131,0.258,120.047,292501.0,4,42.0
0.942,0.737,-7.21,0,0.0971,0.0166,0.0443,0.689,106.923,215467.0,4,43.0
0.669,0.687,-5.782,0,0.12,0.009,0.508,0.335,91.969,306194.0,4,76.0
0.572,0.583,-7.407,1,0.0412,0.153,0.0977,0.181,84.017,221388.0,4,58.0
0.783,0.828,-5.369,1,0.0703,0.047,0.0317,0.802,112.075,156982.0,4,23.0
0.713,0.772,-6.69,1,0.0372,0.208,0.211,0.88,125.202,3.83555,4,67.0
0.578,0.696,-6.866,1,0.0307,4.85e-05,0.142,0.219,119.999,206118.0,4,58.0
0.532,0.145,-18.508,1,0.0357,0.875,0.225,0.383,128.316,8.787116667,3,36.0
0.517,0.381,-13.961,1,0.0671,0.717,0.161,0.558,178.044,405987.0,3,1.0
0.77,0.637,-5.53,1,0.345,0.103,0.171,0.431,94.966,383037.0,4,81.0
0.498,0.515,-11.985,0,0.0395,0.0936,0.1,0.616,127.761,187893.0,4,61.0
0.707,0.897,-6.16,1,0.0574,0.107,0.215,0.507,122.999,229280.0,4,42.0
0.324,0.976,-5.231,1,0.12,0.000113,0.293,0.463,166.939,231938.0,4,56.0
0.605,0.49,-7.148,1,0.0465,0.128,0.38,0.355,140.172,305512.0,4,53.0
0.584,0.276,-12.256,0,0.0481,0.913,0.113,0.398,79.576,187544.0,4,42.0
0.383,0.892,-5.613,0,0.0758,0.000643,0.409,0.75,82.979,169781.0,4,38.0
0.661,0.3,-18.055,1,0.0294,0.688,0.0839,0.359,112.327,289067.0,4,66.0
0.698,0.214,-15.785,1,0.0378,0.803,0.112,0.172,121.769,4.70645,4,41.0
0.347,0.988,-2.979,1,0.127,0.000708,0.101,0.765,191.933,194133.0,4,57.0
0.564,0.722,-5.92,1,0.0291,0.153,0.108,0.379,135.034,174040.0,4,21.0
0.582,0.817,-6.475,1,0.0399,0.0017,0.575,0.622,155.124,198366.0,4,60.0
0.504,0.939,-1.786,0,0.0554,0.133,0.626,0.741,118.09,175773.0,4,38.0
0.541,0.976,-2.85,1,0.0401,0.00188,0.134,0.503,123.983,173708.0,4,37.0
0.863,0.449,-12.521,0,0.0622,0.00167,0.0585,0.399,112.043,298998.0,4,57.0
0.74,0.333,-11.64,0,0.0274,0.00253,0.282,0.266,110.046,188157.0,4,34.0
0.324,0.683,-9.914,0,0.0724,0.0174,0.206,0.497,132.284,211973.0,4,50.0
0.428,0.938,-5.434,0,0.148,0.0144,0.372,0.18,105.691,205266.0,4,27.0
0.595,0.696,-4.551,1,0.0311,0.0492,0.12,0.725,131.561,216880.0,4,48.0
0.435,0.743,-5.804,0,0.0792,0.107,0.115,0.28,141.877,292507.0,4,51.0
0.591,0.59,-8.274,1,0.0328,0.0152,0.282,0.129,114.994,208696.0,4,50.0
0.728,0.652,-5.158,0,0.0264,0.518,0.0699,0.627,96.518,193507.0,4,13.0
0.243,0.149,-17.712,1,0.0408,0.983,0.109,0.0338,91.044,3.656883333,4,31.0
0.52,0.948,-3.951,0,0.0515,4.36e-05,0.0525,0.471,92.091,226540.0,4,52.0
0.533,0.671,-9.165,1,0.0481,0.709,0.15,0.714,98.368,6.451116667,4,42.0
0.854,0.688,-7.354,1,0.0404,0.0182,0.104,0.729,122.987,229693.0,4,38.0
0.501,0.785,-6.205,1,0.0329,0.000273,0.36,0.21,94.109,334933.0,4,45.0
0.311,0.879,-5.078,1,0.0697,2.26e-05,0.392,0.354,179.049,197680.0,4,36.0
0.779,0.435,-7.473,1,0.0449,0.813,0.0787,0.588,91.002,152693.0,4,30.0
0.659,0.639,-8.138,1,0.388,0.416,0.116,0.688,99.517,206602.0,4,45.0
0.175,0.979,-5.339,1,0.0985,1.8e-05,0.324,0.076,101.456,294893.0,3,33.0
0.51,0.939,-4.534,0,0.0515,0.00306,0.457,0.355,106.988,226500.0,4,36.0
0.487,0.135,-11.211,0,0.0434,0.915,0.686,0.24,105.854,6.47245,5,51.0
0.744,0.872,-6.994,0,0.0416,0.00279,0.0623,0.601,129.996,334020.0,4,36.0
0.618,0.502,-10.131,1,0.0282,0.202,0.0858,0.695,146.22,180017.0,4,39.0
0.575,0.507,-8.391,0,0.0406,0.273,0.119,0.271,128.079,213750.0,4,28.0
0.57,0.271,-11.334,1,0.0304,0.82,0.108,0.273,125.862,186661.0,4,60.0
0.46,0.852,-5.11,1,0.0846,0.206,0.485,0.642,150.116,132957.0,4,30.0
0.415,0.969,-4.916,1,0.149,0.000117,0.156,0.0955,169.961,282013.0,4,44.0
0.581,0.441,-6.829,1,0.0268,0.77,0.111,0.337,82.125,3.973333333,4,73.0
0.473,0.953,-4.549,1,0.107,3.97e-05,0.0465,0.322,138.022,201160.0,4,39.0
0.664,0.503,-7.85,0,0.159,0.377,0.387,0.404,113.97,228773.0,4,59.0
0.599,0.675,-6.649,1,0.0313,0.013,0.098,0.366,119.966,228859.0,4,30.0
0.728,0.636,-5.824,1,0.0366,0.194,0.515,0.433,124.023,192848.0,4,60.0
0.76,0.796,-4.036,0,0.327,0.384,0.0789,0.891,95.166,187267.0,4,57.0
0.457,0.266,-14.465,1,0.0313,0.711,0.124,0.372,120.459,5.90666667,4,66.0
0.415,0.766,-9.739,1,0.142,7.62e-05,0.376,0.271,159.923,306000.0,4,27.0
0.429,0.873,-6.121,1,0.0539,0.00362,0.111,0.439,79.529,305345.0,4,44.0
0.567,0.826,-4.678,0,0.443,0.342,0.135,0.726,84.814,278720.0,4,45.0
0.657,0.971,-9.54,1,0.0863,0.364,0.544,0.422,98.983,237993.0,4,39.0
0.467,0.814,-4.917,0,0.0338,0.0362,0.147,0.321,126.014,298080.0,4,34.0
0.721,0.675,-5.438,0,0.207,0.131,0.134,0.383,96.822,262093.0,4,67.0
0.71,0.583,-7.309,1,0.321,0.154,0.723,0.476,79.938,256707.0,4,19.0
0.475,0.728,-10.709,1,0.054,0.00144,0.117,0.709,160.014,237617.0,4,29.0
0.736,0.778,-3.98,1,0.044,0.00125,0.0796,0.787,110.014,272507.0,4,46.0
0.65,0.825,-4.645,1,0.0325,0.0215,0.0936,0.593,118.091,3.18356667,4,94.0
0.7,0.807,-5.711,0,0.029,0.000576,0.0996,0.963,112.15,263093.0,4,47.0
0.783,0.809,-5.689,0,0.0668,0.0813,0.109,0.904,101.043,208758.0,4,57.0
0.836,0.846,-4.673,1,0.0392,0.0907,0.057,0.942,122.042,169945.0,4,20.0
0.458,0.951,-3.873,1,0.0677,0.000105,0.0477,0.282,140.028,193557.0,4,35.0
0.493,0.914,-5.894,1,0.0557,0.000136,0.964,0.74,91.045,318120.0,4,41.0
0.332,0.653,-9.367,0,0.0788,0.843,0.573,0.549,97.079,8.555333333,4,2.0
0.625,0.459,-10.762,1,0.028,0.241,0.134,0.424,111.079,6.77355,4,43.0
0.719,0.292,-8.47,0,0.0364,0.774,0.327,0.452,85.986,208736.0,4,39.0
0.742,0.536,-6.961,0,0.316,0.257,0.098,0.705,154.889,123625.0,4,29.0
0.423,0.328,-10.182,1,0.0362,0.734,0.158,0.469,73.603,233333.0,4,30.0
0.49,0.392,-11.264,1,0.0324,0.328,0.0773,0.0501,135.773,289547.0,4,43.0
0.208,0.0302,-26.742,1,0.0407,0.983,0.117,0.063,105.975,6.46045,4,22.0
0.677,0.766,-7.98,0,0.0419,0.00625,0.141,0.589,131.999,161869.0,4,33.0
0.705,0.718,-6.625,0,0.0463,0.0094,0.0695,0.454,112.001,465333.0,4,52.0
0.524,0.752,-2.879,1,0.0401,0.1,0.103,0.448,77.002,238799.0,4,31.0
0.568,0.741,-5.64,1,0.0395,0.0122,0.371,0.771,104.056,189466.0,4,35.0
0.677,0.582,-8.943,1,0.0269,0.155,0.157,0.169,107.001,192900.0,4,27.0
0.498,0.721,-5.232,1,0.0282,0.136,0.0933,0.589,140.022,226440.0,4,65.0
0.432,0.497,-10.732,0,0.0345,0.983,0.101,0.783,97.491,3.971116667,4,39.0
0.626,0.821,-5.281,0,0.0418,0.0026,0.121,0.25,104.004,297040.0,4,18.0
0.587,0.624,-5.6,1,0.0344,0.197,0.266,0.175,99.964,236627.0,4,33.0
0.751,0.22,-10.926,1,0.0395,0.736,0.0965,0.325,113.92,156316.0,4,48.0
0.611,0.95,-3.509,1,0.0518,0.00141,0.0543,0.607,132.078,193893.0,4,75.0
0.391,0.958,-5.494,1,0.0832,0.000181,0.122,0.326,89.88,210933.0,4,53.0
0.5,0.199,-10.65,1,0.034,0.855,0.113,0.419,143.432,3.12548333,4,44.0
0.37,0.924,-2.283,1,0.0846,0.0077,0.183,0.282,159.723,273899.0,4,55.0
0.756,0.211,-17.646,1,0.409,0.784,0.11,0.307,81.253,87707.0,4,73.0
0.743,0.58,-8.787,1,0.0367,0.024,0.0911,0.774,129.984,252347.0,4,41.0
0.682,0.9,-5.028,1,0.0873,0.0891,0.0685,0.937,100.721,179499.0,4,80.0
0.636,0.676,-3.442,1,0.0263,0.0807,0.0831,0.273,113.98,208760.0,4,78.0
0.508,0.929,-3.018,1,0.142,0.00099,0.0876,0.227,149.844,251200.0,4,34.0
0.795,0.644,-7.521,0,0.0319,0.28,0.201,0.804,119.01,197145.0,4,38.0
0.424,0.873,-6.13,0,0.0434,0.00451,0.109,0.82,157.403,208041.0,4,37.0
0.497,0.879,-3.676,0,0.0453,8.92e-05,0.124,0.827,79.996,195106.0,4,34.0
0.618,0.271,-13.695,1,0.026,0.723,0.129,0.264,78.334,4.192666667,4,53.0
0.272,0.832,-6.896,0,0.0632,0.0026,0.0547,0.625,85.399,635272.0,4,34.0
0.527,0.971,-4.153,0,0.0486,2.74e-05,0.0866,0.325,123.993,246587.0,4,28.0
0.494,0.878,-8.676,1,0.0429,8.76e-06,0.112,0.256,119.995,219243.0,4,30.0
0.159,0.978,-3.937,1,0.09,0.00267,0.118,0.294,158.146,301973.0,4,34.0
0.441,0.831,-7.611,0,0.0288,0.000928,0.123,0.585,179.994,219400.0,4,46.0
0.596,0.791,-8.88,1,0.0446,0.425,0.0886,0.98,129.237,2.71666667,4,62.0
0.45,0.941,-5.657,0,0.062,0.000458,0.0679,0.154,90.03,347347.0,4,35.0
0.847,0.629,-5.81,1,0.102,0.0318,0.152,0.109,135.976,255532.0,4,79.0
0.689,0.614,-6.137,0,0.0306,0.252,0.178,0.411,141.97,3.650883333,4,68.0
0.775,0.499,-7.181,1,0.0415,0.496,0.114,0.862,121.056,232707.0,4,53.0
0.402,0.835,-6.367,1,0.043,0.0558,0.103,0.69,157.066,275933.0,4,56.0
0.351,0.129,-18.496,0,0.0318,0.819,0.115,0.0379,107.649,191222.0,4,47.0
0.514,0.755,-8.455,1,0.03,0.354,0.144,0.599,77.415,4.069783333,4,63.0
0.704,0.667,-5.299,1,0.19,0.262,0.106,0.592,148.205,217708.0,4,46.0
0.277,0.848,-7.714,1,0.0789,0.00421,0.0896,0.126,128.194,208493.0,4,28.0
0.539,0.264,-14.354,1,0.0383,0.969,0.361,0.677,162.935,197427.0,4,33.0
0.758,0.723,-3.618,0,0.0764,0.0723,0.0747,0.589,116.016,202662.0,4,58.0
0.657,0.679,-6.862,1,0.0311,0.0409,0.237,0.468,126.95,212010.0,4,34.0
0.297,0.585,-10.446,1,0.0432,0.0113,0.11,0.102,105.415,174804.0,4,37.0
0.543,0.961,-2.749,1,0.0373,0.000789,0.431,0.567,131.463,198933.0,4,56.0
0.703,0.695,-6.59,0,0.279,0.0509,0.0786,0.716,74.88,208552.0,4,49.0
0.419,0.812,-7.759,1,0.0411,0.000996,0.972,0.557,110.481,377487.0,4,18.0
0.579,0.89,-5.993,1,0.0572,7.17e-05,0.144,0.469,128.017,246450.0,4,48.0
0.798,0.636,-10.52,1,0.0431,0.327,0.128,0.799,139.98,6.283333333,4,53.0
0.824,0.862,-3.424,1,0.126,0.0076,0.303,0.801,122.98,169153.0,4,94.0
0.682,0.736,-5.004,1,0.0458,0.017,0.14,0.812,150.021,209748.0,4,61.0
0.477,0.699,-7.038,1,0.0431,0.182,0.0905,0.629,163.233,205027.0,4,34.0
0.548,0.716,-5.86,1,0.0445,0.471,0.264,0.559,119.997,243649.0,3,27.0
0.825,0.512,-7.679,1,0.139,0.0204,0.312,0.537,101.986,228000.0,4,64.0
0.831,0.508,-7.511,0,0.309,0.0634,0.0731,0.728,87.054,270733.0,4,51.0
0.587,0.624,-5.6,1,0.0344,0.197,0.266,0.175,99.964,236627.0,4,33.0
0.225,0.447,-17.151,1,0.0622,0.661,0.369,0.346,73.628,153867.0,4,35.0
0.263,0.534,-6.338,0,0.0345,0.174,0.15,0.52,178.576,391307.0,3,31.0
0.39,0.803,-5.86,0,0.053,0.237,0.254,0.392,172.132,211920.0,4,32.0
0.633,0.505,-6.748,1,0.0801,0.745,0.108,0.275,132.133,243025.0,4,31.0
0.873,0.886,-4.53,1,0.357,0.0241,0.0347,0.274,127.061,169134.0,4,40.0
0.528,0.598,-9.096,1,0.0464,0.000911,0.542,0.676,159.361,328800.0,4,32.0
0.213,0.979,-6.501,1,0.156,2.55e-06,0.338,0.145,94.963,297453.0,4,21.0
0.495,0.542,-9.693,0,0.038,0.761,0.0872,0.362,140.858,4.680833333,3,31.0
0.617,0.717,-7.858,0,0.153,0.00564,0.408,0.49,103.992,311867.0,4,81.0
0.48,0.303,-13.675,1,0.0384,0.812,0.0889,0.643,98.282,180453.0,3,45.0
0.621,0.274,-15.154,1,0.0631,0.695,0.0972,0.495,139.807,346600.0,4,20.0
0.651,0.536,-9.922,1,0.331,0.245,0.0939,0.589,79.982,216595.0,4,42.0
0.427,0.931,-4.202,1,0.0487,9.15e-06,0.169,0.383,150.102,236650.0,4,28.0
0.813,0.554,-6.631,1,0.0544,0.315,0.105,0.86,148.011,212869.0,4,13.0
0.428,0.839,-11.159,1,0.442,0.74,0.131,0.636,86.609,174731.0,4,38.0
0.47,0.966,-5.666,0,0.0948,6.44e-05,0.0793,0.372,165.075,213689.0,3,26.0
0.342,0.888,-11.883,1,0.0463,0.000175,0.139,0.195,126.69,330400.0,4,35.0
0.555,0.606,-5.806,1,0.0294,0.00882,0.118,0.147,93.016,242045.0,4,42.0
0.856,0.721,-9.686,1,0.0495,0.0845,0.3,0.943,100.036,172904.0,4,19.0
0.232,0.719,-6.255,1,0.0428,0.000118,0.119,0.323,165.906,366267.0,4,48.0
0.635,0.454,-9.457,0,0.0393,0.417,0.0816,0.531,79.097,280080.0,4,52.0
0.359,0.782,-3.218,1,0.0382,0.00283,0.103,0.174,164.97,262909.0,4,39.0
0.292,0.714,-4.919,1,0.0316,0.000658,0.102,0.462,151.412,266280.0,3,64.0
0.417,0.556,-11.311,1,0.0312,0.0504,0.197,0.481,110.622,324493.0,4,34.0
0.401,0.187,-16.796,1,0.0351,0.945,0.311,0.156,112.55,5.119116667,4,51.0
0.395,0.458,-12.527,1,0.0462,0.419,0.594,0.474,168.933,378493.0,3,32.0
0.558,0.719,-5.603,1,0.0419,0.101,0.212,0.483,158.031,4.061783333,4,67.0
0.63,0.986,-4.125,1,0.434,0.00708,0.887,0.376,112.066,164751.0,4,35.0
0.665,0.875,-4.272,1,0.0426,0.00939,0.0897,0.66,122.008,169027.0,4,60.0
0.58,0.556,-7.231,0,0.025,0.441,0.164,0.227,91.998,241810.0,4,18.0
0.415,0.0648,-21.435,0,0.0339,0.98,0.121,0.0761,100.738,2.845716667,4,49.0
0.422,0.918,-4.122,1,0.0518,0.00109,0.293,0.232,74.91,174892.0,4,23.0
0.502,0.504,-7.497,1,0.0275,0.102,0.282,0.866,170.438,170773.0,4,28.0
0.68,0.895,-7.144,1,0.0378,0.0156,0.145,0.824,93.037,3.15625,4,78.0
0.609,0.923,-3.908,1,0.0338,0.16,0.295,0.961,115.996,294987.0,4,69.0
0.402,0.443,-7.389,1,0.0269,0.409,0.116,0.163,82.944,3.76515,3,44.0
0.464,0.655,-9.058,0,0.0608,0.0272,0.328,0.531,169.515,273600.0,4,73.0
0.678,0.573,-9.115,0,0.0288,0.348,0.111,0.757,100.497,242800.0,4,26.0
0.777,0.793,-6.183,0,0.148,0.539,0.172,0.899,96.92,197938.0,4,37.0
0.553,0.924,-6.142,0,0.0649,0.000501,0.177,0.119,105.061,310857.0,4,36.0
0.344,0.861,-6.586,0,0.0874,0.246,0.0917,0.0559,150.026,4.61315,4,12.0
0.467,0.563,-6.199,0,0.0339,0.214,0.364,0.431,172.241,221996.0,4,35.0
0.372,0.94,-3.586,0,0.14,0.00178,0.154,0.49,163.099,201543.0,4,37.0
0.472,0.445,-8.208,1,0.039,0.929,0.093,0.0822,130.45,316006.0,4,17.0
0.594,0.817,-5.202,0,0.0543,0.056,0.158,0.461,112.068,215933.0,4,37.0
0.405,0.354,-14.391,1,0.0354,0.828,0.104,0.256,142.061,5.4116,4,2.0
0.615,0.527,-8.182,1,0.0308,0.16,0.142,0.503,144.937,159125.0,4,22.0
0.652,0.484,-10.389,1,0.0309,0.712,0.272,0.636,121.604,3.232666667,4,41.0
0.81,0.75,-8.225,1,0.363,0.0298,0.103,0.348,130.096,232615.0,4,51.0
0.531,0.656,-10.551,0,0.0317,0.718,0.0814,0.613,112.962,451326.0,4,33.0
0.66,0.429,-8.237,0,0.046,0.496,0.0622,0.354,130.155,190154.0,4,41.0
0.601,0.69,-8.339,0,0.201,0.162,0.409,0.0795,99.984,156600.0,4,40.0
0.203,0.833,-3.529,1,0.0339,2.7e-05,0.318,0.665,155.117,201213.0,4,37.0
0.559,0.486,-5.866,1,0.0367,0.0258,0.261,0.367,137.928,264566.0,3,37.0
0.729,0.617,-9.044,0,0.0483,0.125,0.115,0.693,108.387,136760.0,1,33.0
0.377,0.45,-10.028,1,0.0446,0.00839,0.0905,0.107,157.719,270002.0,4,49.0
0.48,0.929,-5.594,1,0.0561,0.000673,0.0715,0.351,163.01,219853.0,4,48.0
0.76,0.534,-5.032,0,0.0539,0.459,0.524,0.544,100.021,194400.0,4,61.0
0.574,0.96,-4.906,1,0.032,0.0457,0.121,0.978,117.486,4.24555,4,70.0
0.582,0.365,-8.033,0,0.0417,0.639,0.103,0.304,143.472,192000.0,4,41.0
0.309,0.499,-10.478,1,0.0303,0.0603,0.148,0.212,168.926,281573.0,4,38.0
0.653,0.459,-12.18,1,0.0369,0.603,0.0536,0.986,146.296,176693.0,4,49.0
0.682,0.655,-5.074,1,0.0539,0.0126,0.0514,0.45,107.064,175038.0,4,51.0
0.622,0.516,-6.904,0,0.0317,0.017,0.175,0.443,114.06,154665.0,4,46.0
0.383,0.703,-5.65,0,0.0763,0.00116,0.112,0.42,135.968,212360.0,1,56.0
0.705,0.528,-5.582,1,0.0416,0.00761,0.129,0.272,119.816,239744.0,4,54.0
0.672,0.129,-12.984,1,0.0336,0.888,0.0891,0.17,114.935,262600.0,4,51.0
0.612,0.913,-4.636,0,0.0723,0.327,0.187,0.856,93.929,157427.0,4,29.0
0.751,0.624,-3.366,1,0.0519,0.000117,0.305,0.71,125.854,279360.0,4,19.0
0.508,0.887,-12.377,0,0.0661,0.0099,0.345,0.724,122.655,190840.0,4,63.0
0.583,0.867,-4.17,1,0.0637,0.143,0.0863,0.962,160.096,2.744633333,4,72.0
0.285,0.297,-9.259,0,0.0339,0.743,0.138,0.156,103.653,283529.0,3,60.0
0.564,0.708,-10.496,1,0.059,0.0486,0.367,0.398,80.04,163019.0,4,38.0
0.551,0.233,-18.251,0,0.0312,0.71,0.11,0.659,89.574,165187.0,4,52.0
0.506,0.251,-20.968,0,0.0429,0.706,0.166,0.0752,109.967,257580.0,4,52.0
0.451,0.99,-3.059,0,0.0874,1.36e-05,0.546,0.191,110.067,213413.0,4,44.0
0.682,0.655,-5.074,1,0.0539,0.0126,0.0514,0.45,107.064,175038.0,4,51.0
0.505,0.971,-5.516,1,0.0636,1.23e-06,0.0636,0.209,102.015,249347.0,4,33.0
0.432,0.389,-6.517,1,0.0255,0.687,0.0788,0.158,139.506,341773.0,4,71.0
0.725,0.576,-2.236,1,0.0431,0.638,0.39,0.419,130.072,134797.0,4,24.0
0.479,0.888,-9.278,1,0.0621,0.00181,0.14,0.303,129.091,369200.0,4,43.0
0.601,0.475,-16.199,1,0.0409,0.49,0.0918,0.383,148.965,294133.0,4,22.0
0.587,0.968,-9.393,1,0.0527,0.000869,0.329,0.845,99.231,143293.0,4,52.0
0.532,0.663,-5.886,0,0.0292,0.425,0.0734,0.756,75.14,159347.0,4,71.0
0.532,0.892,-4.698,0,0.0711,0.00261,0.228,0.808,85.99,178795.0,4,52.0
0.807,0.719,-6.84,1,0.099,0.576,0.118,0.665,109.99,192000.0,4,46.0
0.755,0.945,-4.422,1,0.181,0.000179,0.26,0.78,125.018,207360.0,4,10.0
0.596,0.873,-7.263,1,0.157,0.0656,0.0892,0.801,95.32,343920.0,4,38.0
0.21,0.898,-4.238,1,0.109,0.0354,0.222,0.421,217.416,193027.0,4,42.0
0.815,0.705,-7.913,0,0.289,0.569,0.347,0.964,144.064,136787.0,4,26.0
0.649,0.791,-4.556,0,0.0515,0.136,0.181,0.877,149.862,180938.0,4,30.0
0.755,0.699,-5.929,1,0.065,0.00864,0.0803,0.611,99.937,232074.0,4,48.0
0.767,0.71,-5.154,0,0.0694,0.218,0.193,0.691,140.066,195429.0,4,48.0
0.202,0.665,-9.097,1,0.0342,2.8e-06,0.0723,0.36,88.925,246413.0,4,44.0
0.491,0.891,-7.509,1,0.0409,0.00656,0.0324,0.744,91.774,257960.0,4,25.0
0.433,0.854,-3.868,1,0.0483,0.000336,0.162,0.368,89.4,277840.0,4,71.0
0.563,0.603,-8.06,0,0.0299,0.0208,0.169,0.365,94.582,209440.0,4,45.0
0.887,0.823,-7.57,0,0.0462,0.0237,0.593,0.641,121.993,367363.0,4,58.0
0.502,0.383,-7.441,1,0.0334,0.573,0.472,0.254,104.78,269050.0,3,28.0
0.543,0.938,-5.821,1,0.0842,0.00103,0.0903,0.703,110.079,275960.0,4,1.0
0.271,0.31,-7.967,1,0.0309,0.725,0.119,0.16,169.614,214733.0,3,54.0
0.621,0.557,-11.106,1,0.0379,0.105,0.274,0.959,139.963,219587.0,4,24.0
0.935,0.71,-5.085,0,0.158,0.0769,0.173,0.635,100.009,168507.0,4,71.0
0.619,0.847,-7.957,0,0.0776,0.00137,0.234,0.638,124.965,218017.0,4,28.0
0.625,0.838,-5.827,0,0.0335,0.624,0.117,0.263,115.952,174875.0,4,29.0
0.403,0.307,-13.426,1,0.0357,0.799,0.143,0.371,119.845,6.4575,4,42.0
0.352,0.758,-2.491,0,0.0434,0.536,0.161,0.653,84.281,338637.0,4,70.0
0.56,0.953,-2.372,0,0.0851,0.005,0.226,0.519,111.911,208000.0,4,59.0
0.558,0.447,-14.651,0,0.496,0.982,0.214,0.897,87.093,3.424,3,1.0
0.834,0.759,-6.191,1,0.157,0.178,0.0971,0.559,112.025,197143.0,4,66.0
0.458,0.895,-3.972,1,0.0681,0.000219,0.106,0.357,130.327,243200.0,4,62.0
0.483,0.995,-5.176,1,0.0426,0.0235,0.954,0.446,139.123,4.186083333,4,29.0
0.605,0.722,-5.852,1,0.0517,0.47,0.104,0.961,124.711,175053.0,4,30.0
0.533,0.653,-7.558,0,0.162,0.0463,0.327,0.39,65.872,245447.0,4,38.0
0.583,0.881,-4.099,0,0.0904,0.00134,0.341,0.813,140.09,190487.0,4,49.0
0.409,0.849,-7.711,1,0.0531,0.102,0.141,0.904,137.018,298667.0,4,41.0
0.443,0.934,-3.398,0,0.0501,0.00604,0.0779,0.401,93.43,202800.0,4,62.0
0.515,0.827,-3.878,1,0.0888,0.0315,0.0936,0.44,92.336,346920.0,4,22.0
0.327,0.982,-3.038,1,0.0937,0.0665,0.491,0.1,136.96,303320.0,4,52.0
0.57,0.863,-10.82,1,0.0526,0.581,0.313,0.909,163.837,2.144,4,48.0
0.634,0.285,-14.007,0,0.0807,0.937,0.232,0.203,129.65,245897.0,4,93.0
0.626,0.731,-8.0,1,0.0455,0.0211,0.249,0.545,79.971,329867.0,4,52.0
0.432,0.823,-9.216,1,0.116,0.249,0.0953,0.381,132.21,145960.0,4,44.0
0.396,0.905,-4.612,0,0.0604,2.92e-05,0.318,0.254,140.052,207453.0,4,49.0
0.586,0.718,-7.834,1,0.0281,0.128,0.197,0.763,90.972,248675.0,4,37.0
0.557,0.442,-7.224,1,0.0243,0.731,0.11,0.213,146.277,309600.0,4,83.0
0.628,0.432,-10.047,1,0.0303,0.126,0.0592,0.171,119.953,4.09735,4,36.0
0.641,0.497,-12.228,0,0.029,0.254,0.158,0.743,102.274,236733.0,4,60.0
0.288,0.887,-6.447,1,0.0985,0.0299,0.873,0.688,108.083,246632.0,4,36.0
0.451,0.973,-2.611,1,0.0514,0.00428,0.0924,0.628,151.885,225880.0,4,59.0
0.382,0.996,-4.119,1,0.104,0.00208,0.417,0.327,93.345,147840.0,4,70.0
0.516,0.157,-19.213,1,0.0354,0.876,0.142,0.783,93.719,192000.0,4,52.0
0.564,0.949,-5.184,1,0.0506,0.000543,0.17,0.258,105.017,216213.0,4,41.0
0.566,0.447,-11.403,1,0.0349,0.769,0.208,0.553,108.268,5.055783333,4,39.0
0.555,0.185,-10.879,1,0.0333,0.932,0.106,0.19,116.347,209000.0,4,26.0
0.754,0.732,-5.42,1,0.0392,0.00475,0.102,0.866,147.969,211893.0,4,48.0
0.314,0.724,-3.169,0,0.0334,0.0225,0.108,0.449,149.681,171038.0,4,42.0
0.575,0.558,-10.254,1,0.0321,0.0518,0.118,0.826,155.894,273854.0,1,52.0
0.216,0.385,-10.383,0,0.0316,0.214,0.164,0.562,186.91,269625.0,3,31.0
0.559,0.848,-4.957,0,0.0388,0.0174,0.399,0.349,97.948,159167.0,4,46.0
0.435,0.783,-5.517,0,0.301,0.00951,0.0999,0.316,166.054,163077.0,4,39.0
0.599,0.444,-8.648,0,0.044,0.82,0.122,0.508,142.81,369387.0,4,49.0
0.46,0.889,-4.281,0,0.0294,3.21e-06,0.121,0.639,140.038,219707.0,4,57.0
0.49,0.872,-7.247,1,0.0424,0.000247,0.0622,0.173,126.725,334400.0,4,47.0
0.698,0.901,-6.664,1,0.0392,0.00954,0.11,0.834,124.973,253053.0,4,45.0
0.95,0.592,-4.758,0,0.231,0.00266,0.116,0.858,142.005,157397.0,4,61.0
0.727,0.729,-2.99,1,0.326,0.171,0.07,0.512,117.932,284733.0,4,79.0
0.488,0.813,-5.946,1,0.0809,0.446,0.289,0.903,104.087,4.238216667,4,3.0
0.454,0.381,-13.133,0,0.0499,0.302,0.289,0.315,75.058,4.533333333,4,26.0
0.433,0.343,-10.915,1,0.0261,0.643,0.11,0.106,74.474,272025.0,4,31.0
0.508,0.924,-5.016,1,0.0427,0.00165,0.264,0.18,135.129,242733.0,4,45.0
0.527,0.942,-5.64,0,0.0366,0.0115,0.188,0.495,148.723,4.02178333,4,77.0
0.338,0.794,-7.015,0,0.0432,0.0181,0.192,0.879,168.48,137145.0,4,34.0
0.452,0.885,-3.409,1,0.0653,0.00301,0.42,0.464,80.036,155360.0,4,35.0
0.762,0.748,-4.95,0,0.0507,0.323,0.294,0.275,90.024,160000.0,4,50.0
0.518,0.744,-8.248,1,0.0374,0.00383,0.078,0.211,144.019,219640.0,3,63.0
0.258,0.892,-7.835,1,0.244,5.62e-05,0.117,0.0711,108.028,426500.0,4,23.0
0.716,0.531,-7.355,1,0.122,0.0703,0.224,0.344,71.994,386907.0,4,71.0
0.459,0.931,-5.024,1,0.0612,0.00126,0.412,0.419,135.826,200693.0,4,68.0
0.82,0.529,-10.08,0,0.0385,0.366,0.09,0.853,112.114,2.441116667,4,44.0
0.187,0.913,-8.185,1,0.0558,0.224,0.102,0.344,156.715,232980.0,4,46.0
0.416,0.546,-7.728,1,0.0297,0.492,0.0845,0.418,159.929,5.00555,4,67.0
0.493,0.527,-10.798,1,0.153,0.258,0.577,0.188,80.024,665080.0,4,31.0
0.501,0.82,-4.545,0,0.0764,0.078,0.25,0.703,92.089,241472.0,4,39.0
0.671,0.44,-11.15,1,0.0235,0.401,0.111,0.489,88.115,3.601116667,4,46.0
0.691,0.381,-7.103,0,0.0341,0.573,0.21,0.479,78.02,186500.0,4,42.0
0.604,0.366,-7.881,1,0.0267,0.719,0.162,0.181,105.177,4.14021667,3,67.0
0.812,0.472,-9.649,1,0.0388,0.468,0.103,0.603,119.97,215844.0,4,57.0
0.745,0.471,-6.455,1,0.0399,0.0848,0.153,0.846,85.507,195864.0,4,32.0
0.55,0.722,-11.729,0,0.0283,0.25,0.11,0.716,103.886,7.24533333,4,73.0
0.53,0.967,-2.108,1,0.0657,0.000507,0.0786,0.642,99.962,170177.0,4,60.0
0.398,0.866,-7.862,1,0.0438,0.0171,0.0517,0.715,140.086,217293.0,4,48.0
0.561,0.519,-8.467,1,0.0395,0.223,0.156,0.2,119.882,171000.0,4,65.0
0.53,0.99,-4.676,1,0.084,0.000968,0.0626,0.582,148.524,221640.0,4,42.0
0.294,0.613,-10.527,1,0.0384,0.235,0.139,0.228,112.385,390800.0,3,53.0
0.324,0.798,-8.417,1,0.031,0.0518,0.256,0.534,168.132,172217.0,4,29.0
0.404,0.612,-11.239,1,0.0449,0.00733,0.641,0.663,93.851,338720.0,4,35.0
0.401,0.295,-10.624,0,0.0305,0.873,0.0978,0.166,99.622,186827.0,4,32.0
0.684,0.481,-12.59,1,0.0384,0.475,0.118,0.784,115.078,250000.0,4,68.0
0.516,0.948,-3.994,1,0.0644,0.0279,0.15,0.957,170.087,130329.0,4,29.0
0.758,0.636,-7.044,0,0.0839,0.576,0.096,0.631,91.942,226957.0,4,33.0
0.662,0.491,-7.505,1,0.0637,0.759,0.101,0.627,122.324,405653.0,4,37.0
0.515,0.984,-3.175,0,0.161,1.84e-06,0.103,0.246,133.625,237838.0,4,37.0
0.471,0.195,-16.353,1,0.0277,0.56,0.102,0.47,91.817,2.38955,4,37.0
0.553,0.707,-6.087,0,0.0374,0.0242,0.0735,0.325,140.098,222969.0,4,43.0
0.395,0.607,-9.105,0,0.0412,0.591,0.222,0.331,83.6,265560.0,4,9.0
0.622,0.768,-8.479,0,0.0439,0.000287,0.164,0.039,120.007,314000.0,4,42.0
0.626,0.615,-6.142,1,0.346,0.265,0.0812,0.611,52.145,166841.0,3,70.0
0.501,0.926,-2.276,1,0.0696,0.605,0.226,0.909,186.18,125840.0,4,33.0
0.692,0.335,-8.179,1,0.0356,0.304,0.342,0.25,126.912,208674.0,4,53.0
0.543,0.458,-6.641,0,0.0306,0.306,0.105,0.241,126.804,214942.0,4,28.0
0.745,0.851,-7.578,0,0.108,0.0267,0.0866,0.463,118.986,217600.0,4,16.0
0.513,0.956,-5.407,0,0.159,0.00381,0.391,0.458,150.181,195147.0,4,40.0
0.522,0.901,-8.559,1,0.0479,0.535,0.176,0.916,166.885,131200.0,4,52.0
0.716,0.537,-7.648,0,0.0514,0.233,0.157,0.28,129.979,165978.0,4,82.0
0.523,0.931,-3.855,1,0.0389,0.000681,0.121,0.722,150.103,200002.0,4,34.0
0.718,0.67,-8.721,1,0.0494,0.535,0.675,0.509,139.938,242973.0,4,54.0
0.468,0.971,-5.928,0,0.0762,5.71e-06,0.303,0.415,108.102,174428.0,4,44.0
0.553,0.853,-3.668,1,0.0339,0.000684,0.126,0.506,122.023,231400.0,4,66.0
0.394,0.348,-11.233,1,0.0291,0.591,0.16,0.15,81.008,193533.0,4,43.0
0.663,0.387,-10.385,1,0.0629,0.482,0.137,0.286,78.033,162747.0,4,47.0
0.655,0.469,-6.257,1,0.0292,0.173,0.0956,0.467,92.56,161385.0,4,86.0
0.493,0.948,-3.904,1,0.0518,0.123,0.261,0.545,133.047,226551.0,4,20.0
0.469,0.917,-4.5,1,0.1,0.000291,0.153,0.539,123.97,269327.0,4,40.0
0.378,0.611,-6.396,1,0.0335,0.000928,0.11,0.159,139.9,268800.0,4,38.0
0.761,0.525,-6.9,1,0.0944,0.44,0.0921,0.531,80.87,238805.0,4,84.0
0.467,0.993,-1.876,0,0.128,2.34e-06,0.289,0.179,120.002,240250.0,4,29.0
0.423,0.556,-8.29,0,0.0356,0.858,0.105,0.201,143.977,4.472216667,4,26.0
0.67,0.49,-4.718,0,0.0279,0.21,0.347,0.248,120.079,236200.0,4,38.0
0.398,0.838,-6.679,1,0.102,0.00127,0.576,0.747,116.913,191293.0,4,2.0
0.736,0.442,-10.69,0,0.0353,0.444,0.146,0.321,114.022,230133.0,4,33.0
0.665,0.834,-7.737,1,0.0576,0.21,0.452,0.411,105.292,249493.0,4,68.0
0.403,0.777,-6.416,1,0.0354,0.0999,0.124,0.149,76.329,240933.0,4,69.0
0.71,0.68,-6.702,1,0.477,0.058,0.282,0.64,114.968,213424.0,4,30.0
0.339,0.971,-8.067,0,0.123,0.000395,0.205,0.108,194.764,170769.0,4,25.0
0.199,0.913,-5.772,1,0.0915,0.00023,0.232,0.266,148.641,347760.0,3,39.0
0.31,0.609,-9.241,1,0.0396,0.777,0.459,0.495,78.874,8.238883333,4,17.0
0.493,0.643,-5.19,1,0.0299,0.512,0.209,0.3,144.704,5.360666667,4,63.0
0.524,0.955,-7.081,1,0.0411,0.00717,0.659,0.869,133.849,253733.0,4,70.0
0.384,0.907,-4.132,1,0.0845,0.00212,0.103,0.318,111.31,282873.0,4,36.0
0.422,0.553,-6.724,0,0.0302,0.587,0.896,0.248,134.022,385307.0,4,40.0
0.416,0.821,-14.309,1,0.101,0.00395,0.455,0.168,118.303,330907.0,4,45.0
0.166,0.861,-6.761,1,0.0651,0.0267,0.605,0.523,187.544,190347.0,4,29.0
0.425,0.437,-8.133,0,0.0354,0.0732,0.32,0.137,131.795,352074.0,3,45.0
0.68,0.604,-9.241,1,0.115,0.386,0.43,0.79,125.529,292000.0,4,38.0
0.425,0.203,-15.87,1,0.0407,0.673,0.317,0.457,179.267,330533.0,3,30.0
0.442,0.978,-4.568,0,0.0846,2.93e-05,0.0763,0.356,89.986,210480.0,4,43.0
0.522,0.874,-6.037,0,0.0312,0.000638,0.327,0.361,119.997,232333.0,4,26.0
0.442,0.892,-6.431,0,0.086,0.00267,0.0758,0.237,151.914,239451.0,4,60.0
0.361,0.578,-17.363,0,0.0449,0.00175,0.115,0.668,180.028,209831.0,4,16.0
0.0998,0.0534,-26.14,1,0.0468,0.954,0.247,0.039,82.047,9.619333333,3,26.0
0.561,0.241,-15.723,1,0.0417,0.894,0.104,0.674,113.32,187627.0,4,24.0
0.493,0.938,-6.526,1,0.105,4.7e-05,0.0851,0.567,136.521,205507.0,4,49.0
0.724,0.728,-7.369,1,0.0295,0.0474,0.0888,0.961,113.022,195138.0,4,21.0
0.419,0.775,-5.834,0,0.0399,4.74e-05,0.168,0.503,176.005,244493.0,4,32.0
0.55,0.767,-6.281,1,0.0248,0.00141,0.143,0.601,104.016,3.20045,3,62.0
0.517,0.556,-9.833,0,0.0709,0.454,0.207,0.466,78.89,186901.0,4,28.0
0.568,0.928,-8.907,0,0.0705,0.00135,0.387,0.499,115.032,184554.0,4,38.0
0.567,0.696,-5.416,1,0.301,0.456,0.113,0.544,92.061,174983.0,4,68.0
0.601,0.154,-15.975,1,0.0299,0.84,0.101,0.159,99.973,3.312216667,4,37.0
0.651,0.684,-7.434,1,0.0509,0.0336,0.169,0.493,119.99,160000.0,4,33.0
0.754,0.723,-6.47,0,0.037,0.264,0.22,0.695,102.99,211456.0,4,34.0
0.504,0.5,-11.329,1,0.0377,0.117,0.137,0.0753,92.042,595680.0,4,10.0
0.535,0.665,-6.716,1,0.0424,0.343,0.171,0.645,126.624,186960.0,4,43.0
0.318,0.866,-6.787,1,0.0441,0.0124,0.686,0.916,192.538,133253.0,4,39.0
0.576,0.506,-9.114,1,0.28,0.0898,0.155,0.576,116.951,190280.0,4,3.0
0.258,0.723,-6.049,1,0.058,0.0232,0.485,0.344,81.132,264947.0,4,51.0
0.302,0.974,-2.834,0,0.147,0.000275,0.0838,0.332,76.867,188853.0,4,56.0
0.503,0.96,-2.672,1,0.0626,9.25e-05,0.274,0.489,162.022,218040.0,4,65.0
0.695,0.928,-5.33,0,0.0288,0.0591,0.115,0.639,120.998,247827.0,4,41.0
0.483,0.89,-6.736,1,0.048,0.0517,0.658,0.666,155.663,4.95445,4,38.0
0.634,0.614,-11.002,0,0.0381,0.404,0.12,0.421,146.108,208707.0,4,34.0
0.426,0.932,-9.138,1,0.0591,0.000138,0.059,0.602,170.048,267000.0,4,38.0
0.645,0.611,-5.925,0,0.137,0.29,0.237,0.645,157.475,144468.0,3,60.0
0.586,0.873,-2.442,1,0.119,0.0652,0.143,0.458,145.992,165680.0,4,57.0
0.5,0.58,-6.583,0,0.0342,0.553,0.325,0.533,77.146,241558.0,4,25.0
0.234,0.832,-6.622,1,0.0476,0.00275,0.321,0.831,159.043,121720.0,4,27.0
0.473,0.957,-4.336,0,0.0567,0.000526,0.153,0.41,99.991,251576.0,4,32.0
0.591,0.963,-6.489,0,0.0531,8.74e-05,0.0781,0.609,125.03,222827.0,4,74.0
0.508,0.89,-6.592,1,0.0687,3.43e-05,0.319,0.661,160.084,163875.0,4,37.0
0.585,0.183,-14.122,1,0.112,0.814,0.0935,0.213,167.168,275551.0,5,13.0
0.727,0.513,-8.823,0,0.0524,0.0335,0.302,0.568,76.211,177190.0,4,62.0
0.544,0.848,-7.3,1,0.0682,0.0277,0.113,0.562,136.182,271000.0,4,28.0
0.582,0.365,-11.04,1,0.0388,0.648,0.147,0.312,93.856,157973.0,4,52.0
0.442,0.382,-5.295,1,0.0317,0.467,0.121,0.199,119.947,233693.0,3,47.0
0.419,0.931,-6.326,0,0.123,0.077,0.304,0.198,100.016,185400.0,4,28.0
0.703,0.718,-7.522,1,0.0671,0.0479,0.0415,0.785,115.993,260173.0,4,55.0
0.629,0.58,-6.208,0,0.0278,0.357,0.436,0.655,110.264,210300.0,4,71.0
0.493,0.636,-7.408,1,0.0256,0.0629,0.0921,0.279,79.419,284907.0,4,65.0
0.634,0.491,-3.967,1,0.0252,0.659,0.369,0.245,91.932,263089.0,4,49.0
0.146,0.962,-7.394,0,0.0763,1.84e-06,0.59,0.26,169.561,219173.0,4,40.0
0.235,0.869,-4.284,1,0.0609,0.000457,0.459,0.513,146.654,221667.0,4,57.0
0.53,0.691,-5.409,1,0.0307,0.374,0.29,0.581,117.046,214467.0,4,42.0
0.492,0.729,-10.208,0,0.119,0.0693,0.709,0.353,125.371,190080.0,4,33.0
0.636,0.941,-6.399,1,0.0556,0.272,0.295,0.613,129.934,210462.0,4,25.0
0.601,0.766,-13.262,1,0.0466,0.586,0.347,0.856,130.14,2.81555,4,44.0
0.681,0.849,-5.952,1,0.382,0.0305,0.301,0.541,79.004,194160.0,4,38.0
0.733,0.498,-9.266,0,0.0567,0.0368,0.499,0.332,113.92,336614.0,4,27.0
0.792,0.707,-5.218,0,0.0623,0.116,0.12,0.408,134.997,3.734033333,4,84.0
0.314,0.186,-16.676,1,0.0358,0.982,0.208,0.167,110.765,4.7658,4,42.0
0.65,0.775,-4.295,1,0.0244,0.0958,0.118,0.695,95.021,209107.0,4,20.0
0.655,0.649,-7.805,1,0.0285,0.34,0.143,0.718,137.937,267922.0,4,36.0
0.442,0.949,-8.588,0,0.0673,6.89e-05,0.862,0.0485,90.109,436693.0,4,42.0
0.593,0.747,-5.81,0,0.0275,0.011,0.108,0.555,112.29,254627.0,4,33.0
0.522,0.726,-4.115,1,0.0383,0.348,0.148,0.331,161.867,189587.0,4,52.0
0.685,0.718,-7.724,1,0.0521,0.122,0.0556,0.958,131.463,3.18445,4,62.0
0.633,0.788,-4.075,0,0.127,0.0111,0.0582,0.412,134.13,161617.0,4,63.0
0.789,0.611,-5.638,0,0.0396,0.106,0.128,0.787,108.024,209867.0,4,42.0
0.586,0.726,-11.142,1,0.0423,0.354,0.134,0.598,147.979,537777.0,3,33.0
0.41,0.0964,-20.089,1,0.0405,0.923,0.33,0.371,149.492,4.286666667,4,21.0
0.442,0.748,-10.139,1,0.0626,0.0429,0.0967,0.229,135.422,369221.0,4,27.0
0.365,0.763,-9.45,0,0.0591,0.00726,0.0865,0.342,148.366,204867.0,4,70.0
0.49,0.724,-9.581,1,0.0366,0.00976,0.159,0.292,125.812,337506.0,4,67.0
0.582,0.415,-9.094,1,0.0325,0.636,0.131,0.331,86.835,151724.0,4,47.0
0.564,0.359,-11.059,1,0.0274,0.76,0.0821,0.28,131.037,3.307333333,4,31.0
0.296,0.432,-8.677,1,0.0316,0.00059,0.237,0.216,88.13,200667.0,4,51.0
0.326,0.442,-14.63,1,0.0815,0.245,0.111,0.209,98.975,266653.0,5,42.0
0.567,0.539,-8.745,1,0.0333,0.00458,0.109,0.372,81.989,297501.0,4,48.0
0.466,0.991,-2.0,1,0.0566,4.61e-06,0.0755,0.421,156.024,263462.0,4,42.0
0.713,0.683,-6.565,0,0.431,0.0188,0.105,0.665,144.074,141560.0,4,39.0
0.378,0.317,-12.699,1,0.0311,0.621,0.386,0.154,113.105,185533.0,4,27.0
0.617,0.71,-10.114,1,0.0326,0.185,0.117,0.692,97.019,206857.0,4,43.0
0.391,0.984,-5.468,1,0.116,0.000151,0.123,0.384,159.954,171427.0,4,34.0
0.758,0.697,-6.839,1,0.0664,0.0184,0.068,0.776,146.91,196550.0,4,61.0
0.46,0.906,-8.201,1,0.15,2.99e-05,0.17,0.566,161.055,204160.0,4,48.0
0.322,0.21,-14.092,0,0.0299,0.803,0.148,0.1,126.611,282533.0,4,35.0
0.676,0.631,-6.675,1,0.0332,0.0244,0.0785,0.798,98.011,198653.0,3,51.0
0.797,0.208,-11.383,1,0.0672,0.985,0.0434,0.596,86.605,204320.0,4,32.0
0.144,0.772,-4.893,1,0.0421,3.53e-06,0.553,0.527,139.952,356493.0,4,24.0
0.49,0.63,-9.583,1,0.0404,0.755,0.109,0.386,160.025,6.865116667,5,15.0
0.4,0.984,-4.771,1,0.0973,8.8e-06,0.118,0.455,148.96,183042.0,4,35.0
0.56,0.493,-9.111,1,0.0297,0.674,0.19,0.423,158.056,185560.0,4,42.0
0.639,0.757,-12.351,0,0.0496,0.00559,0.134,0.643,125.209,3.64733333,4,52.0
0.568,0.636,-8.862,1,0.0297,0.431,0.492,0.71,124.37,104507.0,4,46.0
0.604,0.808,-6.135,0,0.0438,0.0126,0.484,0.369,128.958,250693.0,4,40.0
0.64,0.947,-7.267,0,0.0951,0.000699,0.375,0.204,126.989,215280.0,4,49.0
0.467,0.122,-22.241,1,0.0366,0.954,0.132,0.411,111.256,178333.0,4,36.0
0.348,0.625,-6.068,1,0.0317,0.471,0.138,0.186,171.758,218093.0,4,20.0
0.481,0.645,-8.535,0,0.318,0.0863,0.332,0.612,151.307,157560.0,4,65.0
0.893,0.606,-4.797,0,0.379,0.0374,0.0886,0.56,145.142,145657.0,4,42.0
0.747,0.662,-7.008,1,0.198,0.583,0.136,0.532,155.78,186760.0,4,58.0
0.457,0.528,-6.944,1,0.0315,0.624,0.273,0.223,90.079,208697.0,4,39.0
0.375,0.68,-7.015,1,0.0441,4.07e-05,0.0851,0.367,91.424,299267.0,4,52.0
0.406,0.354,-9.343,0,0.0355,0.52,0.116,0.479,119.706,186264.0,4,53.0
0.576,0.57,-7.994,1,0.0671,0.665,0.095,0.92,117.843,162360.0,3,28.0
0.807,0.788,-6.043,0,0.109,0.273,0.225,0.602,83.016,176250.0,4,59.0
0.559,0.529,-5.665,0,0.0356,0.455,0.14,0.231,96.522,243947.0,4,18.0
0.527,0.704,-7.632,1,0.0821,0.626,0.117,0.516,143.884,216004.0,4,55.0
0.52,0.77,-8.29,0,0.0305,0.012,0.102,0.459,88.501,219937.0,4,54.0
0.492,0.985,-4.858,1,0.0859,1.6e-05,0.249,0.342,97.012,307653.0,4,28.0
0.77,0.506,-8.854,0,0.12,0.3,0.125,0.507,124.042,124011.0,4,26.0
0.591,0.416,-15.476,1,0.0459,0.43,0.648,0.803,126.881,161000.0,4,36.0
0.714,0.662,-7.976,0,0.0254,0.0682,0.331,0.769,103.133,288613.0,4,33.0
0.523,0.402,-8.233,1,0.0305,0.778,0.432,0.675,70.863,162533.0,4,68.0
0.688,0.716,-5.702,1,0.0385,0.0969,0.0989,0.373,116.912,4.741333333,3,75.0
0.366,0.956,-3.725,0,0.108,0.000293,0.449,0.159,104.016,230127.0,3,65.0
0.284,0.0791,-23.738,1,0.0315,0.967,0.143,0.036,79.932,371625.0,4,42.0
0.509,0.584,-4.907,1,0.057,0.0368,0.384,0.685,170.411,278747.0,4,72.0
0.451,0.817,-5.124,1,0.038,0.0144,0.103,0.459,79.974,220791.0,4,49.0
0.502,0.867,-5.631,1,0.0501,0.063,0.0918,0.752,128.295,309960.0,4,50.0
0.7,0.664,-8.211,1,0.0394,0.306,0.249,0.585,142.009,223066.0,4,79.0
0.187,0.6,-7.013,0,0.0348,0.0291,0.195,0.0792,124.77,467933.0,4,40.0
0.428,0.843,-7.655,1,0.0747,0.058,0.115,0.885,143.758,158800.0,4,46.0
0.594,0.221,-19.161,1,0.0478,0.937,0.353,0.372,148.34,4.854883333,4,38.0
0.51,0.389,-14.317,0,0.0384,0.286,0.644,0.621,94.04,260440.0,4,57.0
0.518,0.568,-10.301,1,0.0575,0.00405,0.212,0.405,159.832,230665.0,4,26.0
0.457,0.236,-10.948,0,0.0294,0.844,0.0962,0.357,87.623,223320.0,4,40.0
0.8,0.484,-7.583,1,0.036,0.679,0.115,0.619,104.978,3.584883333,4,46.0
0.232,0.966,-4.045,0,0.119,3.54e-05,0.504,0.234,102.448,296934.0,4,50.0
0.373,0.812,-5.719,0,0.0469,0.000286,0.249,0.399,146.302,251804.0,4,33.0
0.515,0.729,-5.44,0,0.313,0.332,0.0822,0.675,89.949,316310.0,4,28.0
0.669,0.563,-10.437,0,0.0357,0.25,0.142,0.394,119.974,220623.0,4,51.0
0.383,0.875,-4.421,1,0.0638,0.0025,0.0995,0.615,178.037,227693.0,4,11.0
0.409,0.717,-7.75,1,0.0395,0.000578,0.0827,0.311,169.212,188693.0,4,56.0
0.636,0.918,-6.294,1,0.0559,0.531,0.328,0.46,96.991,156773.0,4,12.0
0.728,0.572,-10.043,1,0.0348,0.242,0.102,0.744,110.346,206995.0,4,52.0
0.465,0.427,-9.882,1,0.0276,0.793,0.0909,0.214,146.09,305041.0,3,54.0
0.827,0.394,-10.073,1,0.559,0.253,0.12,0.715,157.0,192880.0,4,75.0
0.492,0.911,-3.891,0,0.113,0.015,0.345,0.429,168.024,189543.0,4,68.0
0.548,0.904,-5.197,1,0.03,0.000429,0.37,0.342,129.016,299720.0,4,53.0
0.472,0.813,-5.919,0,0.0399,0.12,0.382,0.684,134.922,216085.0,4,43.0
0.65,0.628,-7.749,1,0.347,0.00242,0.102,0.767,122.39,154715.0,4,33.0
0.373,0.755,-7.574,1,0.103,0.00411,0.0635,0.57,111.813,340187.0,4,53.0
0.483,0.858,-2.94,0,0.0346,0.0559,0.514,0.712,188.055,357419.0,4,57.0
0.684,0.416,-15.367,1,0.0447,0.647,0.0822,0.549,80.204,187267.0,4,57.0
0.822,0.522,-8.744,0,0.0965,0.491,0.101,0.0672,111.098,169093.0,4,56.0
0.534,0.708,-5.732,1,0.0402,0.089,0.192,0.488,130.639,286480.0,4,59.0
0.635,0.615,-5.826,0,0.0332,0.576,0.224,0.429,97.978,213980.0,4,37.0
0.664,0.613,-7.56,1,0.0273,0.00309,0.175,0.193,96.6,184587.0,3,68.0
0.603,0.57,-12.545,1,0.0512,0.265,0.0813,0.483,116.322,339333.0,4,36.0
0.294,0.86,-4.657,0,0.0392,3.22e-05,0.06,0.146,176.858,170133.0,4,34.0
0.552,0.8,-4.941,0,0.0309,0.35,0.361,0.93,190.096,293347.0,4,28.0
0.641,0.88,-3.094,1,0.156,0.0219,0.0802,0.636,168.99,195947.0,4,26.0
0.391,0.791,-5.964,0,0.0552,0.0232,0.124,0.582,131.09,233597.0,4,50.0
0.477,0.605,-7.417,0,0.0319,0.0512,0.0563,0.0779,143.099,327533.0,4,42.0
0.42,0.959,-4.058,1,0.155,0.00209,0.203,0.322,89.583,271547.0,4,38.0
0.58,0.709,-6.312,1,0.0302,1.82e-05,0.178,0.728,120.002,216392.0,4,30.0
0.396,0.535,-11.09,1,0.0411,0.889,0.116,0.435,146.416,253013.0,4,69.0
0.357,0.905,-7.787,1,0.0523,0.00395,0.375,0.546,81.294,330227.0,4,50.0
0.706,0.329,-10.07,1,0.0286,0.734,0.102,0.232,130.03,3.64045,4,54.0
0.416,0.968,-6.483,1,0.118,2.68e-05,0.402,0.434,180.084,219200.0,4,26.0
0.797,0.542,-5.131,1,0.0345,0.039,0.314,0.394,102.045,192773.0,4,50.0
0.489,0.919,-4.934,0,0.0543,0.000372,0.0653,0.415,176.942,252035.0,3,37.0
0.495,0.868,-5.122,1,0.0621,0.124,0.0916,0.668,81.024,254024.0,4,35.0
0.418,0.939,-7.128,1,0.0966,0.000129,0.143,0.306,160.141,196597.0,4,43.0
0.338,0.199,-22.094,0,0.037,0.714,0.1,0.0863,83.871,208386.0,3,21.0
0.647,0.507,-9.186,1,0.0292,0.112,0.103,0.711,94.633,280917.0,4,36.0
0.384,0.444,-9.02,1,0.0345,0.311,0.127,0.663,177.42,206493.0,4,35.0
0.444,0.958,-4.65,1,0.0509,1.68e-05,0.358,0.677,160.017,272767.0,4,44.0
0.407,0.63,-5.678,1,0.0302,0.00198,0.294,0.37,90.613,191360.0,4,33.0
0.611,0.265,-10.801,1,0.0349,0.733,0.107,0.447,137.996,168719.0,4,40.0
0.298,0.736,-7.76,0,0.0485,0.0213,0.971,0.622,114.193,420000.0,4,15.0
0.318,0.848,-8.355,1,0.0325,0.00162,0.124,0.888,193.39,235000.0,4,41.0
0.387,0.417,-8.408,1,0.0286,0.571,0.0771,0.316,140.636,202977.0,3,12.0
0.394,0.944,-6.506,0,0.0761,0.00178,0.298,0.265,105.338,292581.0,4,75.0
0.56,0.0792,-18.169,1,0.0609,0.992,0.141,0.272,125.561,3.05295,4,46.0
0.261,0.185,-13.766,1,0.0353,0.867,0.0984,0.141,116.632,4.351116667,3,45.0
0.55,0.854,-5.968,1,0.036,0.661,0.112,0.965,159.231,2.48955,4,73.0
0.768,0.598,-9.952,1,0.185,0.326,0.161,0.761,122.019,190940.0,4,24.0
0.283,0.221,-15.344,1,0.0423,0.841,0.0975,0.299,80.413,4.966883333,4,50.0
0.448,0.695,-7.263,1,0.0388,0.00747,0.121,0.449,136.744,271167.0,4,49.0
0.485,0.428,-9.483,1,0.055,0.214,0.294,0.256,161.903,180396.0,3,27.0
0.42,0.69,-6.221,0,0.0347,0.00385,0.287,0.237,85.014,239216.0,4,67.0
0.633,0.304,-11.947,1,0.031,0.846,0.112,0.355,119.837,3.673433333,4,45.0
0.35,0.907,-4.882,1,0.105,3.08e-05,0.0999,0.143,193.754,136907.0,4,33.0
0.389,0.894,-4.237,1,0.0873,0.000621,0.429,0.691,184.101,185120.0,4,46.0
0.49,0.778,-6.575,1,0.083,0.0149,0.104,0.552,136.549,453212.0,4,44.0
0.651,0.434,-9.028,1,0.0249,0.622,0.101,0.628,85.972,221515.0,4,14.0
0.71,0.649,-7.058,1,0.0367,0.218,0.105,0.772,120.798,253067.0,4,46.0
0.974,0.972,-3.879,1,0.212,0.0155,0.371,0.513,110.97,196757.0,4,41.0
0.349,0.298,-11.061,1,0.0409,0.974,0.11,0.547,87.627,3.585783333,3,4.0
0.27,0.964,-4.545,1,0.0866,3.28e-05,0.525,0.325,99.731,255231.0,3,63.0
0.655,0.291,-10.863,1,0.0777,0.409,0.103,0.674,114.993,229093.0,4,24.0
0.178,0.684,-6.301,1,0.0415,5.82e-05,0.172,0.283,201.324,201333.0,4,24.0
0.662,0.574,-8.696,1,0.0261,0.298,0.115,0.948,109.085,239805.0,4,65.0
0.503,0.576,-5.389,0,0.0359,0.581,0.0731,0.36,156.204,212814.0,4,33.0
0.267,0.738,-5.541,1,0.0464,0.0419,0.0812,0.488,161.09,193067.0,4,34.0
0.345,0.852,-4.245,1,0.0499,0.00016,0.157,0.396,137.089,245213.0,4,35.0
0.392,0.791,-2.785,1,0.0509,0.0113,0.326,0.413,83.868,210493.0,4,59.0
0.842,0.529,-7.275,0,0.0597,0.288,0.106,0.645,126.034,209521.0,4,20.0
0.442,0.866,-9.245,1,0.0614,0.124,0.159,0.151,93.012,308267.0,4,47.0
0.688,0.582,-10.668,0,0.0542,0.23,0.0663,0.872,85.486,224661.0,4,72.0
0.579,0.325,-9.835,1,0.0284,0.721,0.403,0.428,79.985,4.22783333,4,46.0
0.636,0.668,-6.857,1,0.0568,0.749,0.0555,0.666,94.668,189133.0,4,46.0
0.43,0.814,-5.079,1,0.0511,0.00956,0.0962,0.711,130.973,387707.0,4,34.0
0.442,0.342,-8.65,1,0.0356,0.672,0.809,0.268,131.289,3.936666667,4,35.0
0.549,0.832,-10.938,0,0.0497,0.668,0.0708,0.792,193.911,153333.0,4,42.0
0.939,0.675,-7.232,1,0.211,0.0915,0.0565,0.795,96.918,248573.0,4,68.0
0.71,0.483,-9.783,0,0.127,0.538,0.0832,0.705,97.065,148074.0,4,35.0
0.18,0.00554,-25.285,1,0.0458,0.892,0.123,0.0323,82.371,175507.0,5,45.0
0.571,0.858,-6.882,0,0.0399,0.00541,0.308,0.566,95.248,121253.0,4,35.0
0.543,0.481,-7.127,0,0.276,0.608,0.104,0.124,83.03,173453.0,4,43.0
0.577,0.222,-10.568,1,0.0291,0.962,0.359,0.166,136.048,198373.0,3,48.0
0.297,0.798,-9.999,1,0.0782,0.000113,0.132,0.544,137.397,237107.0,4,46.0
0.773,0.581,-8.466,1,0.432,0.0352,0.485,0.711,94.093,203067.0,4,63.0
0.527,0.716,-6.029,0,0.0616,0.0698,0.0737,0.331,99.426,281347.0,4,58.0
0.451,0.495,-9.996,1,0.0318,0.472,0.255,0.741,121.624,214656.0,4,51.0
0.557,0.886,-3.092,1,0.0378,0.000125,0.355,0.638,127.982,202401.0,4,49.0
0.537,0.84,-4.626,1,0.0363,0.2,0.0998,0.211,124.269,224693.0,4,72.0
0.474,0.892,-6.242,1,0.0979,0.000143,0.167,0.145,119.877,240500.0,4,19.0
0.384,0.916,-6.468,0,0.0983,0.000611,0.14,0.192,158.042,248547.0,4,56.0
0.345,0.861,-8.823,1,0.0471,0.425,0.133,0.848,176.942,386227.0,4,27.0
0.872,0.438,-10.59,1,0.0356,0.515,0.0722,0.961,116.985,161267.0,4,42.0
0.771,0.671,-5.617,1,0.0553,0.00929,0.0637,0.714,85.026,171360.0,4,80.0
0.818,0.836,-6.113,0,0.0391,0.0934,0.088,0.305,123.02,191723.0,4,57.0
0.6,0.438,-7.162,1,0.0457,0.746,0.147,0.22,127.788,199253.0,4,35.0
0.711,0.483,-11.211,1,0.0298,0.434,0.0284,0.884,91.652,169998.0,4,59.0
0.567,0.666,-9.647,1,0.0298,0.0244,0.107,0.251,106.001,305489.0,4,54.0
0.549,0.853,-4.293,1,0.188,0.0285,0.618,0.346,94.695,211493.0,4,74.0
0.755,0.854,-4.288,0,0.0517,0.0249,0.389,0.588,105.038,235603.0,4,63.0
0.419,0.595,-14.512,1,0.0607,0.373,0.058,0.366,89.901,463973.0,4,30.0
0.961,0.617,-5.76,1,0.344,0.26,0.149,0.734,125.009,161280.0,4,59.0
0.462,0.865,-3.71,1,0.0351,0.00239,0.0951,0.283,99.984,210563.0,4,23.0
0.173,0.872,-4.39,0,0.0533,0.00052,0.324,0.39,149.361,226427.0,4,62.0
0.447,0.796,-12.171,0,0.0333,0.00689,0.0626,0.913,105.984,354640.0,4,40.0
0.42,0.599,-6.188,1,0.0291,0.422,0.159,0.299,82.336,4.11621667,4,58.0
0.466,0.965,-3.29,1,0.211,0.00112,0.247,0.0591,99.971,320400.0,4,28.0
0.91,0.736,-3.517,1,0.0495,0.266,0.0759,0.938,121.985,236588.0,4,60.0
0.737,0.907,-2.982,1,0.131,0.238,0.0962,0.563,119.915,183747.0,4,46.0
0.415,0.749,-7.589,0,0.0348,0.0196,0.0931,0.37,98.244,311440.0,3,26.0
0.51,0.83,-4.586,0,0.0863,4.34e-05,0.0806,0.483,164.175,265133.0,4,45.0
0.643,0.913,-4.538,1,0.0351,0.00651,0.0427,0.449,112.988,224427.0,4,40.0
0.468,0.977,-4.839,0,0.109,2.6e-05,0.158,0.0898,124.917,287933.0,4,28.0
0.434,0.109,-15.279,1,0.0355,0.983,0.114,0.25,93.659,347533.0,4,35.0
0.29,0.955,-5.943,0,0.322,0.000665,0.131,0.112,170.149,351623.0,4,29.0
0.511,0.993,-3.341,1,0.131,0.000326,0.288,0.322,129.986,270693.0,5,47.0
0.548,0.282,-16.643,1,0.0362,0.946,0.112,0.311,141.959,352357.0,1,45.0
0.726,0.548,-10.048,0,0.0366,0.159,0.612,0.579,113.986,197895.0,4,33.0
0.45,0.992,-6.055,0,0.116,0.000253,0.475,0.848,147.941,294163.0,4,19.0
0.585,0.457,-7.809,0,0.0516,0.345,0.321,0.132,143.793,232000.0,4,37.0
0.729,0.818,-9.992,1,0.0732,0.157,0.195,0.906,125.814,4.45,4,63.0
0.95,0.693,-3.424,1,0.0898,0.0133,0.173,0.891,130.02,3.07725,4,88.0
0.503,0.601,-5.991,0,0.0319,0.53,0.133,0.302,151.852,198667.0,4,42.0
0.444,0.741,-5.391,0,0.0379,0.000883,0.0895,0.257,95.089,210316.0,4,15.0
0.376,0.0843,-14.414,1,0.0467,0.989,0.191,0.172,94.195,3.32035,4,12.0
0.162,0.0669,-21.458,1,0.0448,0.943,0.131,0.04,81.937,6.1469,4,32.0
0.282,0.473,-9.029,0,0.0318,0.284,0.107,0.046,105.179,297613.0,4,36.0
0.523,0.854,-8.27,1,0.0954,0.478,0.271,0.83,146.688,243507.0,4,50.0
0.811,0.157,-16.566,1,0.0428,0.972,0.108,0.559,116.014,331035.0,4,32.0
0.357,0.94,-2.74,0,0.158,0.00323,0.206,0.444,174.978,137143.0,3,40.0
0.537,0.847,-4.261,0,0.0278,0.488,0.12,0.557,90.01,211893.0,4,34.0
0.341,0.473,-7.097,1,0.0339,0.389,0.273,0.2,132.764,301304.0,4,35.0
0.778,0.695,-6.865,0,0.0913,0.175,0.15,0.472,149.996,132780.0,4,97.0
0.272,0.281,-7.634,1,0.0287,0.388,0.158,0.141,89.914,240400.0,4,66.0
0.386,0.475,-8.254,0,0.0265,0.843,0.355,0.391,106.538,200000.0,3,41.0
0.609,0.659,-7.218,1,0.0442,0.00592,0.161,0.522,80.996,215035.0,4,58.0
0.53,0.55,-6.907,1,0.0249,0.163,0.252,0.492,97.334,224034.0,4,56.0
0.472,0.848,-5.975,0,0.0498,0.000396,0.146,0.234,134.999,358893.0,4,26.0
0.64,0.874,-4.966,1,0.0367,0.000756,0.0811,0.426,114.992,216576.0,4,39.0
0.727,0.832,-4.327,0,0.0366,0.181,0.0615,0.213,127.035,2.96426667,4,79.0
0.417,0.934,-3.908,0,0.119,0.000278,0.132,0.287,127.066,210240.0,4,80.0
0.787,0.674,-5.971,0,0.283,0.0474,0.0697,0.765,130.099,114462.0,4,46.0
0.717,0.588,-13.953,1,0.0535,0.331,0.102,0.852,131.537,3.23778333,4,65.0
0.618,0.155,-17.031,1,0.0799,0.811,0.077,0.305,105.325,271600.0,3,49.0
0.411,0.889,-4.224,0,0.155,0.000664,0.139,0.589,196.163,164191.0,4,49.0
0.593,0.804,-5.497,1,0.0319,0.105,0.047,0.962,148.959,138360.0,4,57.0
0.64,0.818,-5.76,0,0.0312,0.00612,0.0989,0.644,115.996,211360.0,4,38.0
0.659,0.931,-4.957,0,0.0326,0.0182,0.347,0.861,115.965,170667.0,4,53.0
0.701,0.644,-5.54,0,0.0288,0.606,0.0864,0.627,107.966,226018.0,4,26.0
0.705,0.515,-9.343,1,0.0337,0.365,0.389,0.803,112.035,164107.0,4,65.0
0.312,0.411,-16.816,0,0.0568,0.281,0.066,0.287,93.57,320227.0,4,32.0
0.26,0.997,-5.629,1,0.108,0.000104,0.338,0.0352,174.952,246227.0,4,34.0
0.371,0.268,-10.506,1,0.0281,0.748,0.104,0.165,102.617,227093.0,3,75.0
0.681,0.765,-4.574,1,0.0352,0.06,0.367,0.185,92.534,126504.0,4,51.0
0.823,0.569,-9.301,0,0.0498,0.0571,0.0938,0.831,111.974,258316.0,4,48.0
0.253,0.565,-6.116,1,0.0368,0.0014,0.272,0.127,179.492,291053.0,4,52.0
0.797,0.75,-9.369,1,0.247,0.533,0.095,0.74,177.87,211120.0,4,70.0
0.482,0.513,-8.54,0,0.0315,0.00307,0.106,0.16,146.218,148870.0,4,21.0
0.332,0.67,-8.706,0,0.0633,0.244,0.393,0.461,89.487,250191.0,4,10.0
0.647,0.896,-5.949,1,0.0509,0.0709,0.0614,0.953,118.729,215400.0,4,65.0
0.625,0.848,-4.008,1,0.0314,0.105,0.23,0.716,137.993,3.923783333,4,68.0
0.686,0.622,-7.31,1,0.0857,0.532,0.0511,0.982,163.245,2.403116667,4,66.0
0.7,0.676,-8.74,1,0.372,0.15,0.106,0.684,92.597,207797.0,4,55.0
0.492,0.823,-8.526,1,0.0297,0.127,0.0523,0.702,94.342,3.586216667,4,66.0
0.848,0.651,-8.465,1,0.0657,0.0849,0.138,0.844,88.818,154009.0,4,37.0
0.725,0.493,-8.844,0,0.238,0.0591,0.152,0.639,84.019,136786.0,4,48.0
0.611,0.638,-6.669,0,0.18,0.434,0.129,0.617,83.4,194643.0,4,32.0
0.751,0.857,-4.385,0,0.0752,0.31,0.0801,0.501,104.984,151999.0,4,72.0
0.512,0.68,-11.246,0,0.0519,0.00335,0.062,0.315,137.099,237653.0,4,31.0
0.58,0.0842,-15.52,1,0.0302,0.982,0.11,0.388,92.123,200813.0,4,61.0
0.313,0.87,-6.613,0,0.114,0.432,0.116,0.117,92.685,362653.0,4,63.0
0.469,0.85,-3.865,0,0.124,0.0133,0.148,0.435,146.97,180677.0,4,33.0
0.5,0.764,-7.569,1,0.0407,0.369,0.319,0.683,85.981,197597.0,4,48.0
0.455,0.918,-8.666,1,0.0527,0.00706,0.278,0.97,192.586,127627.0,4,35.0
0.437,0.8,-5.296,1,0.0327,0.000222,0.0814,0.292,164.073,244359.0,4,34.0
0.413,0.216,-18.276,0,0.0323,0.972,0.366,0.12,121.925,5.13645,4,55.0
0.513,0.689,-6.497,1,0.0338,0.0261,0.404,0.794,98.4,238013.0,4,23.0
0.779,0.546,-9.41,0,0.0508,0.00342,0.0824,0.744,125.016,215117.0,4,38.0
0.712,0.298,-8.363,1,0.0407,0.779,0.115,0.568,125.019,3.50178333,4,63.0
0.467,0.965,-7.451,1,0.105,0.0189,0.979,0.441,106.17,501010.0,4,25.0
0.582,0.537,-9.229,1,0.619,0.129,0.0749,0.771,82.103,180930.0,4,75.0
0.326,0.813,-5.938,1,0.1,0.00923,0.127,0.202,136.78,314522.0,4,49.0
0.33,0.532,-11.764,1,0.0263,0.00101,0.101,0.218,93.512,285907.0,4,63.0
0.275,0.947,-6.696,1,0.0835,1.08e-05,0.124,0.0835,107.1,218427.0,3,44.0
0.8,0.832,-5.497,1,0.266,0.087,0.322,0.736,106.983,149725.0,4,74.0
0.555,0.694,-8.453,0,0.0426,0.101,0.123,0.602,127.423,482278.0,4,43.0
0.467,0.769,-5.059,1,0.0393,3.93e-05,0.32,0.607,155.957,275391.0,4,39.0
0.596,0.66,-6.083,1,0.0309,0.85,0.371,0.894,126.195,3.108216667,4,30.0
0.534,0.577,-10.774,0,0.0387,0.0352,0.0981,0.218,83.973,237467.0,4,45.0
0.434,0.956,-4.888,1,0.141,3.02e-05,0.119,0.174,159.977,232939.0,4,48.0
0.573,0.786,-4.354,1,0.0352,0.0634,0.117,0.612,110.289,171267.0,4,61.0
0.506,0.88,-6.156,0,0.0374,2.54e-05,0.09,0.034,130.029,334921.0,4,34.0
0.604,0.481,-11.443,1,0.051,0.0221,0.122,0.158,82.481,220347.0,4,45.0
0.476,0.729,-7.457,0,0.0492,0.431,0.0775,0.967,165.378,291520.0,4,30.0
0.631,0.742,-4.784,1,0.0949,0.294,0.148,0.474,149.909,202114.0,4,59.0
0.643,0.913,-4.538,1,0.0351,0.00651,0.0427,0.449,112.988,224427.0,4,40.0
0.572,0.688,-4.96,1,0.0608,0.0474,0.072,0.856,138.841,125320.0,4,52.0
0.805,0.684,-8.304,0,0.0295,0.00601,0.12,0.962,130.042,231227.0,4,34.0
0.623,0.881,-4.633,0,0.0511,0.00247,0.132,0.238,145.975,208500.0,4,53.0
0.606,0.63,-7.867,0,0.0603,0.237,0.149,0.707,74.982,148083.0,4,45.0
0.77,0.58,-6.371,1,0.0461,0.0136,0.111,0.202,115.98,249475.0,4,62.0
0.41,0.0123,-29.161,0,0.0419,0.993,0.0871,0.0355,119.505,320000.0,4,47.0
0.589,0.358,-9.943,0,0.0348,0.752,0.107,0.1,117.011,416157.0,4,36.0
0.576,0.451,-9.024,0,0.0275,0.415,0.128,0.302,109.98,3.108483333,4,33.0
0.696,0.488,-8.398,1,0.0489,0.273,0.594,0.425,140.181,167289.0,4,60.0
0.458,0.931,-3.806,0,0.111,0.0014,0.135,0.695,84.954,248147.0,4,49.0
0.829,0.631,-7.876,1,0.106,0.875,0.109,0.792,106.863,136822.0,4,55.0
0.383,0.883,-4.854,1,0.0978,0.0057,0.21,0.392,123.9,224347.0,4,46.0
0.668,0.645,-5.986,0,0.0483,0.0131,0.138,0.424,155.013,164118.0,4,3.0
0.601,0.0371,-25.963,0,0.0399,0.885,0.0991,0.121,112.603,3.225216667,4,59.0
0.854,0.628,-6.359,0,0.13,0.427,0.15,0.619,99.972,162147.0,4,12.0
0.604,0.462,-9.875,0,0.0394,0.455,0.0801,0.565,86.025,257430.0,4,16.0
0.512,0.813,-5.294,0,0.0428,0.0299,0.0765,0.597,108.798,251266.0,4,49.0
0.513,0.811,-3.391,1,0.0348,0.0272,0.0855,0.323,86.012,201347.0,4,54.0
0.297,0.617,-9.132,1,0.0338,0.268,0.112,0.345,171.977,218667.0,4,25.0
0.868,0.449,-7.713,1,0.0694,0.107,0.631,0.746,106.852,159547.0,4,67.0
0.943,0.891,-3.567,1,0.366,0.0477,0.0704,0.679,125.959,359987.0,4,18.0
0.556,0.683,-9.149,0,0.0374,0.101,0.229,0.694,101.006,190135.0,4,40.0
0.529,0.841,-4.724,0,0.0301,0.0426,0.144,0.725,111.997,252133.0,4,44.0
0.375,0.661,-7.113,0,0.0362,2.29e-05,0.23,0.512,91.611,209804.0,4,50.0
0.74,0.958,-2.236,1,0.154,0.251,0.213,0.83,104.069,218507.0,4,34.0
0.746,0.765,-4.41,0,0.0993,0.0112,0.0936,0.737,114.044,199054.0,4,89.0
0.508,0.65,-9.123,1,0.0286,0.404,0.0664,0.173,99.925,3.987,4,25.0
0.424,0.57,-7.031,0,0.159,0.00278,0.311,0.495,180.043,184707.0,1,38.0
0.594,0.639,-12.519,1,0.0346,0.0546,0.112,0.218,124.997,589307.0,4,46.0
0.551,0.68,-6.866,0,0.0383,0.441,0.409,0.387,79.979,214756.0,4,43.0
0.364,0.911,-7.905,0,0.0419,0.0385,0.204,0.68,102.666,154976.0,4,34.0
0.586,0.927,-4.077,0,0.194,0.00924,0.344,0.528,73.023,316133.0,4,57.0
0.558,0.747,-6.07,1,0.0319,0.00371,0.142,0.558,127.102,238880.0,4,50.0
0.56,0.307,-10.425,0,0.0322,0.8,0.128,0.226,125.07,196200.0,4,16.0
0.46,0.601,-5.486,0,0.0304,0.0377,0.0954,0.247,136.912,366187.0,4,56.0
0.422,0.302,-9.214,1,0.0372,0.629,0.104,0.123,114.089,248827.0,4,89.0
0.794,0.742,-6.497,0,0.103,0.0352,0.124,0.657,100.002,192888.0,4,46.0
0.525,0.897,-7.373,1,0.0389,0.0251,0.131,0.88,121.427,206550.0,4,45.0
0.616,0.461,-10.313,1,0.0263,0.135,0.124,0.333,109.985,242488.0,4,38.0
0.365,0.309,-12.458,0,0.0888,0.156,0.0642,0.531,176.19,264000.0,3,36.0
0.569,0.753,-6.946,1,0.0376,0.00189,0.619,0.376,94.289,206267.0,4,19.0
0.561,0.777,-6.81,0,0.374,0.01,0.752,0.489,119.952,208109.0,4,47.0
0.645,0.494,-7.887,1,0.0357,0.525,0.188,0.516,124.98,207536.0,4,48.0
0.652,0.651,-7.578,1,0.0801,0.0593,0.108,0.416,94.982,176849.0,4,32.0
0.699,0.662,-6.464,1,0.0364,0.00954,0.107,0.224,101.997,2.2353,4,12.0
0.53,0.45,-8.875,0,0.0376,0.75,0.189,0.35,166.493,198133.0,3,34.0
0.585,0.891,-4.431,1,0.176,0.036,0.0671,0.727,162.096,206216.0,4,38.0
0.442,0.957,-5.12,1,0.0584,8.66e-05,0.108,0.374,95.006,176547.0,4,33.0
0.687,0.898,-3.926,0,0.0464,0.00127,0.0743,0.436,100.014,203913.0,4,55.0
0.543,0.442,-12.003,1,0.0259,0.839,0.148,0.388,110.036,6.656,4,20.0
0.664,0.848,-4.51,0,0.0322,0.0245,0.172,0.502,104.998,372867.0,4,68.0
0.36,0.852,-7.294,1,0.0576,0.0121,0.246,0.698,143.689,185267.0,4,26.0
0.577,0.919,-7.437,1,0.0428,0.000162,0.161,0.432,125.062,269867.0,4,19.0
0.572,0.857,-9.845,0,0.037,0.00341,0.155,0.671,133.893,259667.0,4,50.0
0.462,0.248,-13.261,0,0.0306,0.842,0.0723,0.116,106.439,267065.0,3,24.0
0.613,0.487,-10.833,1,0.0473,0.788,0.104,0.477,90.029,6.377783333,4,21.0
0.432,0.347,-9.219,1,0.0299,0.802,0.0751,0.463,96.005,211693.0,4,38.0
0.662,0.505,-10.236,1,0.0547,0.175,0.0474,0.337,113.011,212711.0,4,36.0
0.451,0.889,-2.693,1,0.261,0.00167,0.258,0.586,131.073,153800.0,4,70.0
0.573,0.867,-2.876,0,0.168,0.0853,0.38,0.231,74.861,339506.0,4,80.0
0.694,0.831,-7.963,1,0.0448,0.000868,0.653,0.101,101.989,228028.0,4,46.0
0.608,0.458,-9.11,1,0.0456,0.783,0.125,0.3,156.088,207307.0,4,30.0
0.531,0.0282,-20.689,1,0.0337,0.596,0.114,0.157,94.739,3.919583333,4,57.0
0.644,0.315,-9.071,1,0.252,0.903,0.107,0.917,129.623,3.316216667,4,2.0
0.556,0.753,-7.7,0,0.0464,0.000508,0.0926,0.391,134.859,251373.0,4,22.0
0.692,0.799,-7.924,1,0.164,0.388,0.301,0.549,97.978,199667.0,4,57.0
0.712,0.537,-7.144,1,0.0562,0.429,0.107,0.556,112.041,192313.0,4,41.0
0.571,0.442,-10.914,0,0.0429,0.746,0.0997,0.308,140.027,209143.0,3,56.0
0.673,0.782,-5.456,1,0.0817,0.00166,0.341,0.883,135.082,163333.0,4,45.0
0.391,0.612,-8.569,0,0.134,0.579,0.103,0.515,80.751,232476.0,4,43.0
0.557,0.442,-7.224,1,0.0243,0.731,0.11,0.213,146.277,309600.0,4,83.0
0.458,0.99,-3.717,1,0.183,0.000285,0.454,0.46,166.904,211430.0,4,62.0
0.484,0.882,-4.456,1,0.0482,0.14,0.124,0.777,105.063,281640.0,4,47.0
0.592,0.745,-8.249,1,0.0719,0.662,0.245,0.93,138.002,178760.0,4,23.0
0.474,0.683,-7.219,0,0.092,0.528,0.197,0.834,118.71,135400.0,4,12.0
0.673,0.673,-7.407,1,0.0582,0.243,0.089,0.544,96.959,329800.0,4,46.0
0.599,0.911,-5.715,0,0.0367,0.00553,0.561,0.382,121.911,4.216216667,4,39.0
0.595,0.714,-8.9,1,0.0277,0.00378,0.242,0.399,128.011,307076.0,4,54.0
0.432,0.588,-11.736,1,0.0512,0.089,0.19,0.378,171.909,199206.0,4,27.0
0.82,0.575,-9.144,1,0.0408,0.0936,0.109,0.964,123.765,208947.0,4,72.0
0.501,0.813,-8.192,1,0.0639,0.0455,0.131,0.495,136.59,138707.0,4,68.0
0.853,0.721,-7.227,1,0.26,0.261,0.0867,0.623,120.059,205600.0,4,12.0
0.685,0.738,-7.293,0,0.0425,0.0483,0.0714,0.663,112.481,164000.0,4,32.0
0.493,0.402,-6.629,1,0.0309,0.619,0.0629,0.431,155.57,3.335916667,4,54.0
0.43,0.757,-7.973,0,0.0514,0.303,0.158,0.288,132.019,311760.0,4,42.0
0.698,0.774,-5.144,1,0.0654,0.0887,0.117,0.531,90.033,141333.0,4,18.0
0.818,0.653,-8.396,1,0.204,0.0335,0.22,0.533,99.931,261133.0,4,68.0
0.385,0.972,-3.816,0,0.0648,0.000193,0.302,0.398,141.041,186635.0,4,36.0
0.352,0.936,-5.135,1,0.177,5.38e-05,0.0851,0.473,199.988,169800.0,4,43.0
0.385,0.944,-3.819,1,0.0946,0.0148,0.16,0.717,153.68,133947.0,4,23.0
0.671,0.748,-9.591,0,0.059,0.00685,0.104,0.0794,105.008,288000.0,4,34.0
0.527,0.15,-10.357,1,0.0302,0.876,0.125,0.269,93.048,3.7828,4,45.0
0.354,0.906,-7.683,1,0.0951,0.000358,0.917,0.303,149.901,282493.0,1,31.0
0.703,0.705,-6.676,0,0.34,0.135,0.0611,0.601,138.227,287322.0,4,64.0
0.653,0.573,-10.629,0,0.0352,0.344,0.0783,0.711,96.01,288640.0,4,54.0
0.444,0.981,-2.277,0,0.0548,0.00143,0.345,0.4,124.019,245573.0,4,39.0
0.433,0.288,-10.801,0,0.0296,0.535,0.105,0.131,136.939,249400.0,3,60.0
0.449,0.313,-10.328,1,0.0272,0.658,0.116,0.211,157.864,186987.0,3,63.0
0.585,0.131,-21.178,1,0.0341,0.964,0.113,0.285,76.121,5.294683333,4,51.0
0.688,0.462,-13.723,1,0.032,0.224,0.0987,0.35,114.036,216794.0,4,52.0
0.646,0.517,-8.991,1,0.341,0.388,0.11,0.501,97.818,221575.0,4,57.0
0.44,0.984,-6.091,1,0.112,2.84e-06,0.156,0.0382,104.979,311986.0,4,34.0
0.544,0.991,-4.266,1,0.0682,0.000152,0.182,0.322,97.781,223731.0,4,40.0
0.441,0.651,-6.938,1,0.0398,0.0845,0.164,0.383,175.924,179792.0,4,15.0
0.112,0.404,-13.954,0,0.0414,0.871,0.345,0.066,74.13,922218.0,4,42.0
0.574,0.833,-6.239,0,0.0563,0.0611,0.105,0.574,86.008,231987.0,4,69.0
0.479,0.979,-3.362,1,0.102,2.68e-05,0.318,0.495,108.376,252933.0,4,37.0
0.705,0.804,-10.024,1,0.0815,0.181,0.0951,0.319,115.008,378192.0,4,32.0
0.208,0.564,-14.699,0,0.197,0.102,0.0871,0.299,96.774,346387.0,4,28.0
0.217,0.905,-4.103,1,0.0752,0.000289,0.222,0.236,96.95,311107.0,4,77.0
0.51,0.802,-4.903,1,0.0561,0.0917,0.109,0.24,185.927,242507.0,4,64.0
0.432,0.777,-6.229,0,0.0354,2.38e-05,0.319,0.413,145.011,233468.0,4,27.0
0.304,0.968,-1.509,1,0.17,0.000156,0.156,0.352,159.457,175413.0,4,28.0
0.384,0.874,-2.533,1,0.0378,0.000124,0.245,0.267,95.055,230920.0,4,44.0
0.261,0.935,-10.595,1,0.109,2.26e-05,0.0743,0.221,143.92,312271.0,4,20.0
0.616,0.539,-9.339,1,0.0283,0.139,0.096,0.831,75.486,166000.0,4,39.0
0.67,0.398,-9.14,1,0.0306,0.319,0.38,0.219,125.983,3.85715,4,3.0
0.589,0.274,-12.442,1,0.031,0.302,0.107,0.23,95.666,176733.0,4,52.0
0.463,0.638,-10.456,1,0.0359,0.114,0.289,0.144,102.063,256861.0,4,42.0
0.449,0.936,-5.554,1,0.185,0.0438,0.246,0.458,189.771,264307.0,4,38.0
0.73,0.769,-5.114,1,0.0298,0.138,0.0473,0.507,104.948,228093.0,4,77.0
0.561,0.337,-9.272,1,0.0284,0.644,0.67,0.273,109.373,267253.0,4,67.0
0.374,0.973,-2.406,1,0.0876,0.00495,0.34,0.458,134.159,249392.0,4,32.0
0.409,0.788,-5.209,0,0.0316,3.21e-06,0.526,0.324,146.005,344600.0,4,45.0
0.569,0.668,-6.109,0,0.0266,0.134,0.0855,0.714,83.015,317187.0,4,54.0
0.517,0.535,-12.027,1,0.0494,0.131,0.085,0.933,135.087,3.58445,4,60.0
0.336,0.947,-2.247,0,0.0669,0.000731,0.917,0.205,150.054,199513.0,4,43.0
0.395,0.756,-4.12,1,0.0544,1.74e-05,0.319,0.475,112.092,304373.0,4,66.0
0.71,0.339,-15.283,0,0.0389,0.748,0.143,0.615,141.989,4.307783333,4,48.0
0.462,0.753,-9.086,1,0.0343,0.0136,0.151,0.858,96.44,197754.0,4,43.0
0.535,0.505,-8.926,0,0.245,0.0393,0.0923,0.495,99.935,320267.0,4,74.0
0.511,0.686,-5.02,0,0.0278,0.017,0.119,0.309,110.509,185693.0,4,41.0
0.857,0.545,-7.3,0,0.472,0.487,0.337,0.57,107.038,156149.0,4,60.0
0.48,0.988,-3.229,0,0.0838,3.17e-05,0.389,0.252,124.041,263587.0,4,59.0
0.766,0.902,-6.36,1,0.0973,0.754,0.183,0.958,95.883,359693.0,4,34.0
0.728,0.668,-11.076,0,0.0491,0.312,0.0802,0.409,125.005,3.424,4,22.0
0.542,0.763,-5.613,1,0.0915,0.0422,0.662,0.377,114.902,159651.0,4,27.0
0.743,0.697,-6.079,0,0.0276,0.000504,0.106,0.585,103.642,218505.0,4,62.0
0.412,0.341,-9.178,1,0.0281,0.861,0.108,0.167,109.978,283893.0,3,45.0
0.43,0.888,-7.5,0,0.0398,0.107,0.107,0.529,88.834,183293.0,4,42.0
0.535,0.426,-13.536,0,0.0507,0.181,0.273,0.631,96.929,296573.0,4,24.0
0.797,0.625,-4.893,1,0.0518,0.084,0.222,0.883,145.008,143793.0,4,62.0
0.429,0.978,-4.88,1,0.126,0.000227,0.0583,0.43,121.651,191360.0,4,52.0
0.329,0.887,-5.06,0,0.0516,0.331,0.085,0.565,156.898,290800.0,4,42.0
0.725,0.564,-5.64,0,0.039,0.499,0.074,0.548,113.881,185942.0,4,46.0
0.413,0.884,-3.516,1,0.0459,0.002,0.152,0.443,175.148,241533.0,4,30.0
0.893,0.565,-4.74,1,0.268,0.0754,0.0375,0.808,81.009,156432.0,4,78.0
0.78,0.869,-7.255,1,0.0517,0.0744,0.0621,0.957,157.902,161133.0,4,65.0
0.272,0.508,-9.564,1,0.0409,0.0355,0.0855,0.118,62.473,342427.0,4,41.0
0.649,0.929,-13.082,1,0.0439,0.0302,0.339,0.517,131.711,294384.0,4,34.0
0.535,0.606,-8.637,0,0.0713,0.357,0.194,0.368,176.79,158520.0,3,36.0
0.473,0.735,-8.921,1,0.0296,0.0603,0.15,0.754,132.506,169800.0,4,45.0
0.225,0.816,-3.495,0,0.0396,5.11e-06,0.127,0.303,77.289,252253.0,4,32.0
0.521,0.782,-4.942,1,0.0349,0.00424,0.106,0.641,126.254,145760.0,4,43.0
0.384,0.297,-6.773,0,0.0428,0.834,0.0876,0.471,82.284,237709.0,4,38.0
0.382,0.959,-3.131,1,0.105,2.16e-05,0.37,0.0569,170.116,221535.0,4,34.0
0.582,0.817,-6.475,1,0.0399,0.0017,0.575,0.622,155.124,198366.0,4,60.0
0.516,0.923,-5.288,1,0.0345,3.47e-05,0.0944,0.541,104.982,200117.0,4,30.0
0.792,0.964,-5.405,1,0.154,0.0698,0.302,0.621,99.771,226200.0,4,54.0
0.689,0.494,-17.853,0,0.0631,0.159,0.0935,0.771,111.334,238320.0,4,15.0
0.871,0.61,-7.565,1,0.239,0.0307,0.0674,0.788,134.507,193373.0,4,47.0
0.676,0.604,-11.483,1,0.186,0.299,0.13,0.813,151.174,221973.0,4,27.0
0.865,0.614,-6.194,0,0.0749,0.0138,0.441,0.869,120.016,230307.0,4,35.0
0.657,0.658,-8.187,1,0.0258,0.0882,0.136,0.827,116.817,291907.0,4,58.0
0.752,0.563,-8.066,0,0.209,0.146,0.103,0.551,145.05,178776.0,4,40.0
0.381,0.918,-3.104,1,0.0849,0.00587,0.473,0.344,84.802,261267.0,4,42.0
0.618,0.823,-4.76,1,0.0447,0.0132,0.288,0.58,82.004,171880.0,4,77.0
0.527,0.907,-5.772,1,0.0377,8.39e-05,0.0891,0.364,112.089,329760.0,4,57.0
0.723,0.739,-7.943,1,0.401,0.403,0.365,0.805,177.886,225267.0,4,46.0
0.629,0.88,-4.483,1,0.0371,7.54e-05,0.064,0.454,121.008,217773.0,4,56.0
0.574,0.469,-11.53,1,0.0403,0.733,0.856,0.435,111.378,245693.0,4,66.0
0.432,0.415,-9.755,1,0.0357,0.00849,0.107,0.189,144.0,270400.0,4,62.0
0.548,0.64,-6.285,0,0.0306,0.21,0.08,0.392,108.326,197520.0,4,65.0
0.432,0.642,-7.069,0,0.0342,0.177,0.0936,0.422,165.534,265347.0,4,49.0
0.429,0.4,-10.999,1,0.0264,0.328,0.146,0.446,77.107,229376.0,4,24.0
0.367,0.637,-6.565,1,0.0299,0.0521,0.129,0.156,74.048,229040.0,4,33.0
0.51,0.245,-12.5,1,0.0441,0.694,0.127,0.157,133.878,205774.0,5,59.0
0.295,0.201,-14.954,0,0.0321,0.912,0.102,0.0373,101.923,2.790316667,4,41.0
0.61,0.812,-5.289,0,0.0391,0.393,0.344,0.586,94.026,202184.0,4,28.0
0.513,0.848,-4.644,1,0.0676,0.000161,0.336,0.394,143.968,183362.0,4,64.0
0.373,0.871,-3.706,1,0.0622,0.00115,0.4,0.201,127.413,217510.0,4,63.0
0.219,0.386,-9.066,1,0.0315,0.643,0.101,0.404,161.661,195000.0,4,31.0
0.45,0.914,-5.4,1,0.0607,0.0305,0.152,0.904,162.487,215107.0,4,66.0
0.378,0.925,-3.781,1,0.185,0.0234,0.18,0.584,108.525,234240.0,4,65.0
0.416,0.79,-5.345,1,0.0444,0.00714,0.0682,0.616,154.051,225053.0,4,53.0
0.536,0.477,-8.999,1,0.0301,0.889,0.106,0.316,159.679,304720.0,4,30.0
0.365,0.512,-11.036,1,0.0546,0.625,0.145,0.457,79.284,257561.0,4,18.0
0.673,0.612,-7.419,1,0.241,0.232,0.15,0.306,147.874,215173.0,4,69.0
0.389,0.921,-6.123,1,0.0871,0.000432,0.433,0.276,125.055,225000.0,4,24.0
0.37,0.96,-4.162,0,0.0378,0.000241,0.0563,0.717,89.428,224133.0,4,68.0
0.345,0.727,-9.711,0,0.0778,0.252,0.0882,0.509,143.874,160600.0,4,37.0
0.638,0.737,-6.35,1,0.0352,0.195,0.122,0.289,119.038,184433.0,4,1.0
0.735,0.684,-11.039,0,0.078,0.0426,0.319,0.83,95.978,222500.0,4,38.0
0.618,0.447,-10.98,1,0.0299,0.355,0.104,0.16,130.862,207160.0,3,30.0
0.616,0.727,-8.176,0,0.0365,0.00401,0.157,0.54,92.259,173267.0,4,65.0
0.568,0.558,-8.342,1,0.22,0.907,0.217,0.409,156.229,170717.0,4,31.0
0.627,0.94,-5.563,0,0.29,0.148,0.623,0.592,158.012,218680.0,4,56.0
0.252,0.957,-2.318,0,0.473,0.00268,0.0834,0.192,187.853,199788.0,4,63.0
0.363,0.803,-8.089,1,0.06,0.0117,0.189,0.718,156.047,266533.0,4,58.0
0.657,0.608,-13.565,1,0.0287,0.0088,0.103,0.723,106.862,189293.0,4,56.0
0.552,0.669,-4.462,1,0.0329,0.00697,0.0781,0.561,126.092,200200.0,4,52.0
0.487,0.658,-11.856,1,0.0342,0.703,0.0829,0.793,102.435,235280.0,4,37.0
0.652,0.762,-6.396,0,0.223,0.214,0.0981,0.697,190.032,191600.0,4,44.0
0.915,0.527,-10.292,0,0.321,0.09,0.0959,0.764,119.936,188440.0,4,65.0
0.659,0.34,-14.976,1,0.035,0.841,0.222,0.694,81.64,3.393333333,4,46.0
0.209,0.951,-6.326,1,0.0609,6.51e-06,0.0829,0.471,100.945,163067.0,4,42.0
0.817,0.508,-9.526,0,0.0333,0.0263,0.267,0.62,100.02,226453.0,4,37.0
0.392,0.363,-14.575,0,0.0349,0.347,0.0847,0.152,74.593,227733.0,4,24.0
0.669,0.574,-6.442,0,0.0286,0.0175,0.146,0.273,120.013,196400.0,4,82.0
0.502,0.978,-3.278,1,0.0649,0.000163,0.287,0.603,138.811,126573.0,4,62.0
0.402,0.976,-1.823,1,0.0712,0.0029,0.116,0.318,150.061,241787.0,4,54.0
0.567,0.706,-6.778,0,0.0351,0.0325,0.112,0.281,93.003,5.14475,4,12.0
0.444,0.884,-6.104,1,0.119,0.00751,0.116,0.296,94.82,220587.0,4,53.0
0.724,0.61,-8.744,0,0.0312,0.43,0.0802,0.583,120.04,219650.0,4,24.0
0.32,0.892,-3.628,1,0.0539,0.000137,0.0899,0.474,77.508,230333.0,4,48.0
0.54,0.086,-16.292,1,0.036,0.758,0.0953,0.285,89.955,249760.0,4,37.0
0.346,0.139,-15.326,1,0.0321,0.913,0.0934,0.116,136.168,217947.0,4,61.0
0.465,0.751,-5.801,1,0.126,0.279,0.208,0.618,149.501,203100.0,4,47.0
0.506,0.882,-8.683,1,0.0737,0.000655,0.174,0.14,107.994,257735.0,4,67.0
0.911,0.415,-10.452,0,0.175,0.029,0.0958,0.642,125.052,192960.0,4,58.0
0.441,0.868,-5.516,0,0.0714,0.000121,0.145,0.366,162.0,163720.0,4,59.0
0.339,0.69,-8.307,1,0.0306,0.00388,0.983,0.421,154.623,332653.0,4,32.0
0.594,0.692,-10.873,0,0.0398,0.378,0.0872,0.056,102.001,268235.0,3,36.0
0.356,0.937,-7.185,0,0.0614,0.00221,0.149,0.212,145.908,294547.0,4,32.0
0.52,0.709,-6.31,0,0.0467,0.0769,0.31,0.186,119.79,185884.0,4,34.0
0.398,0.92,-3.267,0,0.0491,0.00311,0.108,0.226,200.131,202627.0,4,56.0
0.536,0.857,-4.254,0,0.0614,0.000849,0.152,0.332,153.943,244538.0,4,68.0
0.236,0.96,-5.034,0,0.145,3.43e-06,0.23,0.118,107.975,249697.0,4,31.0
0.51,0.911,-5.048,1,0.0361,0.000276,0.138,0.558,140.053,291960.0,4,41.0
0.353,0.898,-5.877,1,0.052,2.23e-05,0.39,0.525,103.293,255733.0,4,74.0
0.619,0.631,-4.738,1,0.032,0.066,0.0957,0.407,116.062,216171.0,4,42.0
0.736,0.52,-10.486,0,0.262,0.249,0.107,0.262,94.286,218944.0,5,62.0
0.62,0.683,-12.393,1,0.0548,0.139,0.0492,0.94,156.16,266427.0,4,10.0
0.594,0.791,-9.452,0,0.0452,0.216,0.938,0.433,106.15,621154.0,4,12.0
0.504,0.614,-9.236,0,0.0494,0.58,0.112,0.547,168.066,184043.0,4,24.0
0.376,0.663,-5.451,0,0.0325,0.000167,0.075,0.0725,121.049,459173.0,4,46.0
0.353,0.438,-14.155,1,0.0358,0.192,0.108,0.728,82.004,356360.0,4,32.0
0.456,0.961,-4.353,1,0.0772,0.000288,0.366,0.712,76.547,118720.0,4,25.0
0.668,0.78,-6.481,1,0.0901,0.0487,0.107,0.739,170.032,215147.0,4,64.0
0.0921,0.0183,-31.858,1,0.0513,0.942,0.195,0.039,166.979,2.868666667,3,1.0
0.691,0.51,-9.217,0,0.0878,0.0347,0.182,0.515,164.055,223079.0,4,71.0
0.366,0.2,-15.747,1,0.0386,0.714,0.121,0.13,123.753,125800.0,5,17.0
0.167,0.924,-5.868,1,0.0561,0.011,0.863,0.555,163.264,345333.0,3,33.0
0.58,0.488,-10.585,1,0.0262,0.255,0.108,0.13,131.998,206825.0,4,56.0
0.287,0.716,-5.653,0,0.0311,0.0381,0.164,0.544,172.123,409800.0,4,56.0
0.65,0.6,-10.615,0,0.04,0.0278,0.811,0.795,110.016,180203.0,4,33.0
0.569,0.761,-4.78,0,0.0343,0.0315,0.0958,0.694,90.024,209601.0,4,25.0
0.723,0.577,-8.638,1,0.041,0.153,0.0944,0.351,107.012,258965.0,4,27.0
0.458,0.179,-19.057,0,0.0888,0.938,0.119,0.243,77.737,150937.0,5,58.0
0.478,0.971,-4.845,1,0.0853,0.000987,0.0809,0.38,122.397,224104.0,4,56.0
0.505,0.793,-5.812,0,0.0333,0.0165,0.502,0.485,154.92,161109.0,4,33.0
0.712,0.629,-6.461,1,0.0365,0.0181,0.126,0.407,97.486,201973.0,4,42.0
0.364,0.862,-11.716,1,0.0474,0.028,0.657,0.566,145.186,271880.0,4,39.0
0.731,0.563,-5.893,1,0.508,0.0419,0.0938,0.539,209.84,164387.0,4,44.0
0.215,0.104,-14.0,1,0.0333,0.951,0.0761,0.0637,78.62,231025.0,4,14.0
0.455,0.588,-12.238,0,0.0489,0.00461,0.131,0.348,131.857,209093.0,4,44.0
0.584,0.81,-6.308,1,0.0308,0.00899,0.0789,0.865,87.094,238627.0,4,41.0
0.581,0.163,-14.686,1,0.0447,0.923,0.118,0.475,77.748,189400.0,4,64.0
0.549,0.693,-8.926,0,0.128,0.244,0.111,0.459,168.969,219453.0,4,55.0
0.696,0.571,-5.472,1,0.0545,0.0285,0.0917,0.456,136.036,258337.0,4,43.0
0.838,0.757,-5.399,1,0.0927,0.059,0.0271,0.602,124.65,251333.0,4,61.0
0.839,0.706,-5.293,1,0.0822,0.00534,0.216,0.613,96.065,204890.0,4,47.0
0.588,0.47,-10.688,0,0.0586,9.12e-05,0.0965,0.411,120.025,293747.0,4,41.0
0.539,0.306,-15.067,0,0.0264,0.404,0.0608,0.0643,102.245,293307.0,4,60.0
0.919,0.672,-5.245,1,0.446,0.456,0.165,0.855,140.139,181759.0,4,59.0
0.602,0.862,-5.863,1,0.0332,7.66e-06,0.141,0.403,99.995,312600.0,4,28.0
0.314,0.869,-4.881,0,0.151,0.00373,0.375,0.516,158.497,181371.0,4,27.0
0.374,0.982,-3.753,0,0.145,0.00113,0.311,0.0945,178.013,200254.0,4,17.0
0.394,0.893,-8.752,1,0.0934,0.0801,0.371,0.648,194.989,230223.0,3,26.0
0.599,0.957,-5.764,1,0.188,0.0129,0.155,0.489,103.68,206200.0,4,70.0
0.445,0.964,-5.493,1,0.282,0.037,0.0773,0.448,140.817,414720.0,4,66.0
0.33,0.556,-11.494,1,0.0796,0.207,0.315,0.506,173.828,222279.0,4,60.0
0.251,0.954,-2.879,1,0.0691,0.000674,0.0975,0.264,191.059,258000.0,4,67.0
0.308,0.904,-3.92,0,0.0584,0.00741,0.252,0.308,110.78,433360.0,4,32.0
0.525,0.586,-9.888,1,0.0441,0.456,0.226,0.583,96.835,556227.0,4,36.0
0.604,0.988,-1.591,1,0.0698,0.000216,0.0684,0.558,110.023,232855.0,4,35.0
0.31,0.874,-11.889,1,0.152,0.000416,0.0695,0.096,131.717,279973.0,4,46.0
0.514,0.497,-10.227,0,0.0249,0.556,0.141,0.47,94.993,278000.0,4,16.0
0.573,0.292,-10.508,1,0.0414,0.9,0.107,0.3,76.344,212387.0,4,38.0
0.829,0.718,-5.888,1,0.0518,0.00238,0.0746,0.538,118.048,286236.0,4,41.0
0.51,0.696,-10.83,1,0.0802,0.0157,0.297,0.905,176.568,359733.0,4,69.0
0.709,0.783,-7.073,0,0.0334,0.0533,0.11,0.899,128.031,204406.0,4,25.0
0.69,0.706,-4.235,0,0.0519,0.322,0.132,0.229,159.905,190561.0,4,55.0
0.406,0.492,-5.273,1,0.031,0.000937,0.112,0.2,61.858,200707.0,4,25.0
0.419,0.938,-3.12,1,0.0837,0.000683,0.114,0.333,160.151,232320.0,4,67.0
0.657,0.281,-9.231,0,0.0362,0.585,0.12,0.265,118.703,212893.0,4,50.0
0.223,0.891,-4.918,1,0.133,8.6e-05,0.107,0.558,170.6,233333.0,4,55.0
0.644,0.533,-8.421,1,0.0499,0.599,0.143,0.653,156.988,211075.0,4,48.0
0.369,0.674,-10.555,0,0.208,0.839,0.898,0.428,127.462,8.752666667,4,17.0
0.309,0.104,-23.378,1,0.0428,0.976,0.149,0.0779,50.329,2.926783333,4,57.0
0.44,0.757,-5.553,1,0.0498,0.755,0.111,0.528,124.775,5.68835,4,16.0
0.44,0.466,-9.712,1,0.0284,0.17,0.118,0.543,107.744,185253.0,4,54.0
0.57,0.804,-6.739,1,0.037,0.00611,0.114,0.0795,122.991,249148.0,4,42.0
0.518,0.449,-11.318,1,0.0376,0.118,0.216,0.394,119.947,230000.0,4,32.0
0.255,0.99,-5.336,1,0.0594,2.06e-06,0.289,0.339,199.985,180600.0,4,39.0
0.447,0.876,-3.895,0,0.0822,0.000105,0.0421,0.407,94.993,261560.0,4,47.0
0.543,0.888,-8.11,0,0.0664,0.00082,0.278,0.336,129.988,525600.0,4,40.0
0.747,0.228,-10.742,0,0.0343,0.83,0.0947,0.45,116.072,2.50861667,4,47.0
0.417,0.352,-17.601,1,0.232,0.832,0.502,0.382,95.221,316573.0,3,23.0
0.782,0.706,-7.509,0,0.301,0.317,0.152,0.815,140.015,196083.0,4,37.0
0.172,0.964,-4.962,0,0.202,0.000138,0.0932,0.0388,139.976,384286.0,4,38.0
0.745,0.839,-6.654,0,0.0489,0.0454,0.0882,0.226,124.021,193548.0,4,66.0
0.52,0.436,-11.508,0,0.0355,0.865,0.123,0.114,126.053,245240.0,4,65.0
0.468,0.539,-12.652,0,0.241,0.5,0.132,0.0824,115.083,221217.0,4,32.0
0.48,0.648,-8.182,0,0.0381,0.595,0.679,0.214,175.749,192013.0,4,30.0
0.511,0.882,-5.553,1,0.059,0.00586,0.642,0.622,112.115,180093.0,4,55.0
0.53,0.721,-4.599,1,0.0431,0.0047,0.0568,0.594,150.988,195534.0,4,46.0
0.756,0.52,-8.642,1,0.0341,0.495,0.0901,0.684,119.92,4.43325,4,58.0
0.48,0.826,-4.602,1,0.0397,0.000797,0.125,0.687,96.0,222053.0,4,52.0
0.413,0.725,-5.787,0,0.0324,0.369,0.0905,0.44,124.618,7.16266667,4,72.0
0.495,0.707,-12.736,0,0.0775,0.346,0.193,0.669,107.985,359836.0,4,36.0
0.697,0.41,-9.149,1,0.144,0.412,0.111,0.377,166.133,164947.0,4,60.0
0.53,0.539,-13.082,1,0.0413,0.462,0.334,0.321,166.018,4.240966667,4,20.0
0.722,0.858,-4.892,1,0.0445,0.0999,0.144,0.599,93.976,199169.0,4,64.0
0.608,0.759,-7.246,0,0.034,0.0569,0.169,0.861,124.504,204080.0,4,53.0
0.459,0.903,-4.649,0,0.0673,0.00877,0.168,0.364,76.185,223655.0,4,59.0
0.557,0.92,-3.386,0,0.0532,0.000251,0.222,0.666,95.975,225601.0,4,35.0
0.451,0.912,-4.33,1,0.0671,0.000452,0.348,0.513,116.039,219141.0,4,26.0
0.542,0.732,-5.956,1,0.0521,0.00209,0.496,0.489,124.912,175644.0,4,87.0
0.292,0.927,-5.142,0,0.081,0.000126,0.178,0.403,92.236,190800.0,4,48.0
0.569,0.692,-4.683,1,0.0323,0.0167,0.126,0.737,141.632,192213.0,4,71.0
0.449,0.314,-16.697,1,0.0815,0.962,0.792,0.663,128.427,0.991983333,4,28.0
0.599,0.742,-6.886,1,0.0419,0.0488,0.0916,0.493,131.014,184524.0,4,71.0
0.541,0.72,-5.021,0,0.0333,0.00516,0.0969,0.539,136.809,205038.0,4,49.0
0.727,0.681,-7.114,0,0.0265,0.00214,0.0861,0.448,123.028,4.03283333,4,85.0
0.112,0.978,-2.64,1,0.117,0.000108,0.117,0.371,173.097,250222.0,3,57.0
0.331,0.282,-10.863,1,0.0292,0.71,0.158,0.392,112.168,165213.0,4,47.0
0.513,0.69,-7.179,0,0.0687,0.000368,0.111,0.542,155.866,193485.0,4,31.0
0.554,0.449,-7.17,1,0.0336,0.0245,0.257,0.441,137.946,290556.0,3,52.0
0.495,0.754,-5.894,0,0.0385,0.00704,0.137,0.38,147.957,220312.0,4,25.0
0.574,0.989,-5.51,1,0.0552,0.000281,0.143,0.176,130.065,295673.0,4,21.0
0.692,0.274,-11.586,1,0.0338,0.844,0.0969,0.385,124.832,238080.0,4,48.0
0.814,0.482,-10.493,1,0.0588,0.0111,0.0476,0.615,148.404,180267.0,4,79.0
0.582,0.643,-6.512,1,0.0262,0.15,0.183,0.322,82.506,198345.0,4,37.0
0.524,0.666,-6.301,1,0.0899,0.0242,0.0889,0.745,94.885,373895.0,4,17.0
0.462,0.914,-6.382,1,0.0416,0.00124,0.0978,0.326,142.978,233907.0,4,58.0
0.768,0.746,-7.223,0,0.232,0.201,0.19,0.588,142.013,234000.0,4,63.0
0.622,0.829,-5.548,1,0.029,0.11,0.0954,0.539,110.367,257373.0,4,72.0
0.82,0.892,-4.399,1,0.0766,0.0164,0.493,0.892,128.06,170625.0,4,36.0
0.282,0.049,-24.094,1,0.042,0.891,0.288,0.0526,94.76,5.20445,4,20.0
0.601,0.807,-6.487,1,0.0392,0.000209,0.225,0.412,130.019,298080.0,4,42.0
0.563,0.66,-9.3,1,0.0285,0.0237,0.118,0.375,167.042,325227.0,4,47.0
0.661,0.525,-9.42,0,0.0382,0.369,0.0943,0.964,91.601,228200.0,4,39.0
0.744,0.811,-5.426,0,0.26,0.1,0.0819,0.6,140.044,358525.0,4,26.0
0.798,0.403,-12.985,1,0.0445,0.727,0.151,0.733,137.99,216187.0,4,38.0
0.577,0.464,-7.943,1,0.024,0.0979,0.154,0.346,90.557,219507.0,4,52.0
0.593,0.938,-3.075,1,0.0426,0.00189,0.0424,0.657,125.925,156213.0,4,44.0
0.396,0.781,-5.148,1,0.0377,0.00158,0.185,0.201,145.06,254201.0,4,58.0
0.556,0.541,-6.018,1,0.0292,0.00476,0.128,0.553,96.531,175421.0,4,39.0
0.672,0.589,-6.615,0,0.118,0.477,0.113,0.446,202.093,173999.0,4,49.0
0.581,0.822,-5.082,1,0.0591,0.0519,0.08,0.544,139.98,196573.0,4,70.0
0.531,0.438,-8.106,1,0.0344,0.445,0.215,0.297,63.981,195199.0,4,49.0
0.623,0.965,-3.157,0,0.376,0.00135,0.482,0.346,134.066,176506.0,4,44.0
0.277,0.956,-5.633,0,0.12,2.57e-06,0.256,0.135,167.907,402027.0,4,30.0
0.67,0.743,-4.993,1,0.0393,0.237,0.465,0.571,125.944,218293.0,4,74.0
0.773,0.388,-9.239,0,0.0399,0.499,0.336,0.615,105.915,3.860666667,4,43.0
0.646,0.785,-4.801,0,0.0545,0.0377,0.0897,0.52,100.911,214624.0,4,72.0
0.176,0.143,-21.009,0,0.0412,0.967,0.133,0.0888,85.368,3.146216667,4,28.0
0.442,0.943,-3.205,1,0.0602,0.00293,0.091,0.781,85.064,181533.0,4,80.0
0.596,0.796,-6.5,1,0.0264,0.0205,0.129,0.696,110.019,295213.0,4,33.0
0.573,0.929,-3.942,0,0.109,0.197,0.0567,0.582,127.934,212560.0,4,72.0
0.263,0.892,-7.704,1,0.0597,1.52e-05,0.129,0.141,113.98,380773.0,4,33.0
0.631,0.813,-5.324,1,0.0351,0.00213,0.103,0.389,117.992,195733.0,4,35.0
0.538,0.0727,-21.014,1,0.0444,0.964,0.119,0.285,112.619,4.45075,4,51.0
0.785,0.147,-11.382,1,0.125,0.938,0.0864,0.261,100.824,158800.0,4,39.0
0.596,0.318,-10.394,1,0.0288,0.636,0.0837,0.271,119.974,203043.0,3,32.0
0.701,0.716,-3.671,0,0.0361,0.174,0.324,0.732,91.007,140533.0,4,91.0
0.541,0.758,-3.626,1,0.0275,0.00126,0.0763,0.181,102.984,3.812,4,51.0
0.229,0.942,-5.754,1,0.0424,0.00333,0.0812,0.305,106.466,190893.0,4,42.0
0.561,0.439,-12.044,1,0.0369,0.458,0.105,0.307,145.425,209839.0,3,49.0
0.267,0.924,-3.755,0,0.0818,0.000237,0.19,0.209,95.431,464453.0,4,54.0
0.471,0.687,-7.16,0,0.0359,0.136,0.194,0.621,93.288,273213.0,4,15.0
0.597,0.464,-8.747,1,0.0304,0.428,0.0909,0.62,132.915,207227.0,4,6.0
0.435,0.95,-3.869,1,0.106,0.000494,0.317,0.457,160.987,207634.0,4,64.0
0.476,0.821,-7.939,1,0.0561,9.92e-05,0.0914,0.293,175.862,325040.0,4,29.0
0.773,0.35,-8.66,1,0.0298,0.856,0.148,0.81,105.025,200520.0,1,33.0
0.753,0.461,-8.857,0,0.0585,0.496,0.116,0.897,103.919,179908.0,4,55.0
0.32,0.0846,-9.769,1,0.035,0.852,0.119,0.122,79.094,229893.0,4,36.0
0.375,0.448,-14.06,1,0.0264,0.106,0.141,0.564,88.371,2.85845,4,58.0
0.82,0.809,-6.759,0,0.251,0.443,0.0613,0.737,83.011,231240.0,4,70.0
0.619,0.808,-7.776,0,0.0634,0.0301,0.101,0.324,113.008,391332.0,4,49.0
0.639,0.526,-6.697,1,0.0256,0.245,0.25,0.488,130.033,216880.0,3,81.0
0.8,0.382,-10.219,1,0.0277,0.382,0.0855,0.524,111.944,3.8544,4,30.0
0.582,0.744,-5.49,1,0.0437,0.000459,0.0788,0.248,126.014,253000.0,3,32.0
0.636,0.743,-7.112,1,0.0354,0.000231,0.123,0.356,95.821,355933.0,4,53.0
0.566,0.409,-10.379,1,0.0265,0.702,0.101,0.458,103.233,2.71445,4,50.0
0.715,0.735,-4.693,1,0.0436,0.384,0.115,0.842,122.299,256523.0,4,21.0
0.826,0.317,-11.078,0,0.27,0.138,0.382,0.293,116.017,148416.0,3,48.0
0.199,0.967,-6.727,0,0.0682,0.000153,0.192,0.352,95.032,453387.0,4,46.0
0.658,0.3,-15.568,1,0.0726,0.341,0.193,0.594,84.78,298840.0,4,42.0
0.407,0.911,-3.355,1,0.0378,0.00287,0.482,0.497,147.089,252587.0,4,26.0
0.441,0.922,-6.644,0,0.0655,0.000179,0.381,0.565,175.411,172160.0,4,60.0
0.676,0.92,-7.96,1,0.0435,0.00101,0.248,0.624,126.341,269360.0,4,35.0
0.71,0.281,-9.495,1,0.0325,0.46,0.0917,0.564,114.888,257453.0,4,31.0
0.525,0.551,-9.131,1,0.0341,0.000297,0.0789,0.575,128.055,279232.0,4,48.0
0.538,0.299,-6.78,0,0.0327,0.522,0.237,0.577,150.473,186034.0,4,42.0
0.789,0.881,-5.758,1,0.0331,0.109,0.355,0.647,133.299,236600.0,4,65.0
0.804,0.473,-12.99,1,0.0976,0.051,0.116,0.774,112.699,173254.0,5,10.0
0.266,0.375,-14.899,0,0.037,0.927,0.373,0.177,85.265,228917.0,4,26.0
0.549,0.875,-3.84,1,0.119,0.725,0.15,0.806,104.733,3.380883333,4,13.0
0.549,0.789,-6.071,1,0.0313,0.0178,0.059,0.715,136.125,214387.0,4,70.0
0.479,0.865,-8.281,0,0.0339,3.1e-05,0.182,0.77,137.902,215203.0,4,64.0
0.427,0.0767,-13.472,0,0.0442,0.981,0.0599,0.352,104.699,3.779116667,4,34.0
0.677,0.575,-7.468,0,0.0294,0.437,0.259,0.874,125.08,317853.0,4,16.0
0.484,0.643,-4.72,1,0.0416,0.0036,0.243,0.345,163.97,195191.0,4,80.0
0.597,0.762,-8.199,0,0.0321,0.189,0.0821,0.566,121.993,185813.0,4,45.0
0.582,0.504,-14.409,1,0.0267,0.067,0.0858,0.625,138.467,301933.0,4,30.0
0.407,0.638,-8.441,1,0.033,0.0287,0.135,0.0945,92.614,269206.0,4,22.0
0.543,0.46,-10.463,1,0.0352,0.379,0.112,0.384,139.918,3.897116667,4,45.0
0.246,0.431,-9.09,1,0.0353,0.00804,0.356,0.142,115.256,322125.0,3,34.0
0.601,0.079,-16.254,1,0.182,0.868,0.114,0.315,64.176,363227.0,4,26.0
0.5,0.554,-8.507,1,0.0389,0.0128,0.1,0.313,158.194,201486.0,4,53.0
0.301,0.78,-6.771,0,0.0347,0.00141,0.203,0.301,109.062,209427.0,4,15.0
0.62,0.58,-8.969,1,0.337,0.347,0.077,0.255,119.896,250519.0,4,50.0
0.153,0.953,-4.74,0,0.122,0.00152,0.366,0.14,199.892,439120.0,4,66.0
0.559,0.68,-7.339,0,0.0368,0.0345,0.234,0.266,169.956,103105.0,4,33.0
0.419,0.932,-3.604,0,0.106,0.00171,0.137,0.445,169.881,268000.0,4,62.0
0.672,0.755,-8.281,1,0.0769,0.169,0.291,0.89,115.313,190000.0,4,28.0
0.314,0.869,-4.881,0,0.151,0.00373,0.375,0.516,158.497,181371.0,4,27.0
0.197,0.0284,-27.474,1,0.0488,0.98,0.129,0.0391,82.731,4.084666667,4,37.0
0.857,0.802,-5.275,1,0.257,0.0946,0.319,0.696,110.058,254182.0,4,45.0
0.8,0.875,-4.952,0,0.0338,0.0615,0.13,0.882,100.033,3.892216667,4,56.0
0.552,0.608,-9.786,0,0.0345,0.352,0.0533,0.637,112.367,162373.0,4,77.0
0.557,0.902,-4.521,0,0.045,0.000282,0.101,0.571,160.073,195391.0,4,60.0
0.573,0.387,-6.205,1,0.0408,0.736,0.117,0.661,133.528,207533.0,4,43.0
0.567,0.675,-6.699,0,0.219,0.335,0.247,0.651,167.737,222200.0,4,54.0
0.247,0.496,-11.012,1,0.0318,0.767,0.0881,0.327,82.004,346920.0,4,23.0
0.673,0.633,-7.99,1,0.0505,0.378,0.104,0.845,147.937,152432.0,4,28.0
0.621,0.787,-5.149,0,0.0383,0.0199,0.566,0.589,128.941,187827.0,4,20.0
0.733,0.261,-14.56,1,0.0496,0.494,0.0581,0.622,91.276,143520.0,4,41.0
0.74,0.554,-14.131,1,0.031,0.977,0.623,0.971,109.129,140565.0,4,8.0
0.569,0.945,-5.673,0,0.0503,0.00936,0.121,0.483,100.04,190667.0,4,58.0
0.605,0.7,-6.47,1,0.0277,0.00998,0.116,0.588,84.962,170720.0,4,67.0
0.538,0.831,-5.45,0,0.0461,0.823,0.123,0.818,130.609,5.9121,4,41.0
0.364,0.719,-5.567,1,0.0439,0.0551,0.0824,0.352,97.5,214924.0,4,56.0
0.215,0.752,-6.481,0,0.0441,0.000717,0.112,0.0585,93.758,565973.0,3,43.0
0.477,0.906,-4.814,0,0.0895,7.89e-05,0.149,0.301,81.291,257400.0,4,4.0
0.271,0.866,-4.072,0,0.0578,0.0489,0.116,0.127,175.665,267987.0,4,55.0
0.437,0.94,-5.467,1,0.0895,0.00616,0.0898,0.426,95.171,287667.0,4,49.0
0.5,0.817,-5.876,1,0.0457,0.000255,0.136,0.48,130.978,230127.0,4,40.0
0.31,0.825,-4.53,1,0.0563,0.00356,0.641,0.475,89.885,251107.0,4,58.0
0.831,0.636,-8.827,0,0.346,0.389,0.0925,0.749,134.923,188443.0,4,6.0
0.602,0.54,-9.212,1,0.0448,0.0784,0.0825,0.59,116.959,255381.0,4,30.0
0.163,0.977,-3.585,0,0.0591,3.64e-05,0.0555,0.369,178.44,350644.0,4,56.0
0.201,0.0729,-23.906,1,0.0343,0.96,0.362,0.0746,71.807,150793.0,5,48.0
0.731,0.594,-5.757,0,0.284,0.418,0.106,0.753,132.903,232611.0,4,42.0
0.381,0.628,-6.933,1,0.0505,0.18,0.208,0.516,77.361,4.520966667,4,31.0
0.745,0.851,-4.877,0,0.0366,0.17,0.0503,0.906,115.009,195156.0,4,17.0
0.539,0.483,-9.085,1,0.0573,0.8,0.314,0.864,167.484,144307.0,4,34.0
0.67,0.817,-6.545,1,0.0751,0.0296,0.172,0.378,97.997,277092.0,4,9.0
0.329,0.444,-9.973,1,0.0417,0.0578,0.113,0.225,162.279,282206.0,4,74.0
0.246,0.945,-3.809,1,0.111,0.000905,0.103,0.318,157.408,238985.0,4,67.0
0.655,0.729,-11.116,0,0.0663,0.21,0.268,0.889,124.381,6.3896,4,39.0
0.342,0.976,-4.986,1,0.0573,0.00443,0.0974,0.733,166.663,242293.0,4,60.0
0.361,0.895,-3.94,0,0.06,0.00035,0.349,0.459,177.959,247360.0,4,42.0
0.562,0.961,-7.338,1,0.0617,0.00486,0.149,0.96,125.036,450547.0,4,1.0
0.801,0.499,-5.89,1,0.0346,0.239,0.189,0.674,99.018,199169.0,4,55.0
0.44,0.339,-8.191,1,0.0381,0.672,0.0933,0.353,110.063,241562.0,5,40.0
0.636,0.494,-8.57,1,0.0321,0.0623,0.215,0.741,122.036,170880.0,4,37.0
0.408,0.363,-13.949,1,0.0284,0.528,0.0868,0.212,131.249,6.14156667,4,55.0
0.494,0.874,-3.831,1,0.031,1.74e-05,0.0873,0.485,124.064,312752.0,4,63.0
0.822,0.464,-8.965,1,0.058,0.192,0.293,0.773,97.506,141591.0,4,68.0
0.564,0.368,-10.228,1,0.0281,0.587,0.18,0.544,139.01,209837.0,4,42.0
0.345,0.913,-5.346,1,0.0471,6.46e-05,0.0756,0.357,134.965,357693.0,4,54.0
0.616,0.253,-19.339,1,0.0662,0.098,0.252,0.406,110.425,4.706216667,4,36.0
0.548,0.967,-2.759,0,0.0898,0.00364,0.461,0.526,105.949,129340.0,4,54.0
0.848,0.666,-6.547,1,0.274,0.173,0.129,0.744,96.662,251573.0,4,71.0
0.746,0.77,-5.654,1,0.0393,0.0336,0.953,0.426,123.833,237750.0,4,47.0
0.69,0.488,-8.337,1,0.0263,0.115,0.104,0.402,97.516,248693.0,4,43.0
0.367,0.921,-5.175,1,0.0773,0.000154,0.0654,0.611,92.08,257267.0,4,45.0
0.557,0.933,-4.871,0,0.0499,0.223,0.107,0.648,110.843,262347.0,4,35.0
0.547,0.0871,-15.884,1,0.0511,0.99,0.111,0.3,97.62,3.0464,4,45.0
0.385,0.274,-14.492,1,0.0328,0.902,0.0944,0.462,140.492,5.39945,4,26.0
0.424,0.319,-9.239,1,0.0251,0.722,0.142,0.385,102.337,3.942216667,3,32.0
0.368,0.903,-4.978,1,0.084,6.69e-05,0.0646,0.296,118.296,224760.0,4,33.0
0.581,0.159,-15.841,1,0.0685,0.989,0.129,0.411,73.435,170173.0,4,28.0
0.722,0.55,-12.496,0,0.0346,0.547,0.13,0.828,102.666,243667.0,4,11.0
0.394,0.939,-1.706,1,0.126,0.000744,0.356,0.136,179.957,245333.0,4,39.0
0.2,0.869,-7.049,0,0.0886,0.00322,0.134,0.179,86.479,300013.0,4,58.0
0.738,0.482,-8.917,0,0.0402,0.0266,0.106,0.352,93.457,285014.0,4,73.0
0.876,0.765,-6.554,0,0.269,0.119,0.0826,0.729,115.072,131381.0,4,69.0
0.559,0.914,-8.685,0,0.0415,0.602,0.686,0.83,130.489,5.638883333,4,13.0
0.46,0.934,-4.566,1,0.047,2.56e-05,0.376,0.779,137.022,170627.0,4,35.0
0.559,0.47,-6.531,1,0.0356,0.564,0.134,0.486,171.959,275773.0,3,9.0
0.937,0.684,-5.634,0,0.215,0.00129,0.0718,0.496,100.029,143977.0,4,53.0
0.596,0.807,-7.893,0,0.028,0.000132,0.312,0.288,117.016,219893.0,4,65.0
0.318,0.646,-7.15,0,0.0392,0.00521,0.0679,0.172,125.986,382800.0,4,53.0
0.554,0.626,-7.793,1,0.0324,0.0304,0.179,0.0386,111.004,5.914666667,4,16.0
0.683,0.615,-5.737,1,0.0966,0.222,0.154,0.45,77.014,3.14821667,4,80.0
0.517,0.993,-3.894,1,0.0748,0.00132,0.989,0.362,126.137,3.72045,4,34.0
0.838,0.699,-7.216,1,0.0521,0.0608,0.0926,0.386,124.137,246167.0,4,64.0
0.774,0.64,-7.949,1,0.0333,0.743,0.088,0.947,136.226,187933.0,4,47.0
0.729,0.382,-15.02,1,0.0361,0.856,0.179,0.333,131.946,365440.0,3,14.0
0.334,0.965,-3.932,0,0.0988,0.000218,0.317,0.481,90.521,205333.0,4,50.0
0.285,0.799,-6.216,0,0.109,0.0665,0.96,0.611,154.487,304093.0,4,34.0
0.341,0.873,-9.897,0,0.0358,1.82e-06,0.0762,0.769,119.763,148680.0,4,34.0
0.597,0.678,-5.743,1,0.3,0.0103,0.381,0.659,160.074,282413.0,4,59.0
0.802,0.488,-9.304,1,0.0813,0.572,0.0763,0.624,95.77,237106.0,4,80.0
0.458,0.517,-12.141,1,0.0407,0.0284,0.0415,0.339,149.896,4.46685,4,21.0
0.44,0.586,-7.472,0,0.0298,0.157,0.112,0.0771,140.0,223659.0,4,49.0
0.474,0.921,-10.431,0,0.0457,0.00491,0.476,0.696,93.007,2.038983333,4,71.0
0.556,0.764,-5.525,0,0.0334,0.00519,0.122,0.664,163.997,157119.0,3,29.0
0.562,0.447,-9.363,1,0.0636,0.633,0.0884,0.471,68.957,297040.0,4,48.0
0.523,0.957,-3.236,1,0.0633,0.00315,0.124,0.448,162.048,179363.0,4,41.0
0.755,0.779,-3.913,0,0.149,0.0534,0.1,0.472,99.962,224853.0,4,27.0
0.56,0.273,-9.118,1,0.147,0.767,0.169,0.479,156.577,163759.0,3,57.0
0.721,0.298,-12.047,1,0.0871,0.443,0.107,0.426,113.154,144629.0,4,42.0
0.309,0.414,-10.255,1,0.0297,0.674,0.117,0.374,151.979,182566.0,4,26.0
0.374,0.973,-10.098,1,0.128,0.0134,0.0947,0.218,150.634,201360.0,4,59.0
0.876,0.472,-10.135,1,0.305,0.144,0.102,0.59,102.1,162500.0,4,42.0
0.536,0.744,-4.778,1,0.0465,0.00544,0.106,0.136,141.45,257760.0,4,45.0
0.684,0.69,-9.885,1,0.0412,0.00512,0.101,0.167,120.033,231821.0,4,38.0
0.549,0.693,-8.79,0,0.0442,0.602,0.228,0.763,91.599,255840.0,4,21.0
0.381,0.224,-14.677,0,0.0472,0.922,0.0842,0.109,123.663,3.78795,4,49.0
0.305,0.884,-4.869,1,0.0514,0.0385,0.974,0.196,108.355,253896.0,4,56.0
0.57,0.587,-6.179,0,0.0293,0.00486,0.106,0.358,118.155,246240.0,4,41.0
0.432,0.424,-8.85,0,0.0366,0.344,0.0747,0.0826,153.999,382866.0,4,24.0
0.392,0.677,-6.165,1,0.0281,0.00192,0.565,0.517,170.091,321133.0,4,50.0
0.646,0.0443,-20.977,1,0.0415,0.979,0.107,0.333,134.257,174533.0,4,36.0
0.512,0.765,-9.896,1,0.0432,0.3,0.479,0.944,122.603,205133.0,4,30.0
0.396,0.198,-9.096,1,0.031,0.912,0.0972,0.19,138.624,3.92645,3,61.0
0.63,0.551,-9.28,1,0.0549,0.373,0.103,0.518,143.868,274493.0,4,73.0
0.357,0.69,-2.626,1,0.044,0.000115,0.101,0.308,116.91,197187.0,4,53.0
0.287,0.91,-5.759,1,0.0571,4.12e-05,0.277,0.367,84.499,262427.0,4,51.0
0.751,0.767,-6.477,0,0.0639,0.238,0.562,0.56,134.851,2.94955,4,39.0
0.864,0.524,-8.215,1,0.0492,0.0308,0.271,0.795,125.981,160307.0,4,33.0
0.7,0.782,-4.631,1,0.0542,0.449,0.143,0.68,124.969,169901.0,4,62.0
0.405,0.756,-6.361,0,0.0307,0.142,0.638,0.606,133.379,338240.0,4,57.0
0.546,0.619,-6.09,0,0.042,0.0122,0.0585,0.625,159.982,197680.0,4,61.0
0.414,0.161,-22.32,0,0.0318,0.883,0.117,0.423,159.375,199493.0,4,78.0
0.56,0.857,-4.145,0,0.0384,0.0594,0.381,0.432,119.975,215360.0,4,70.0
0.62,0.502,-8.613,1,0.029,0.548,0.135,0.295,112.45,212933.0,4,58.0
0.844,0.442,-16.54,1,0.0691,0.00882,0.0879,0.436,105.986,6.761783333,4,54.0
0.45,0.898,-7.959,1,0.0364,6.07e-05,0.226,0.702,143.988,330481.0,4,32.0
0.428,0.921,-4.835,0,0.0756,0.00659,0.223,0.457,150.017,292036.0,4,47.0
0.717,0.818,-4.879,0,0.039,0.0295,0.072,0.533,129.957,161365.0,4,43.0
0.619,0.702,-4.824,0,0.0314,0.0057,0.161,0.742,121.026,251250.0,4,43.0
0.628,0.89,-10.035,0,0.0566,0.482,0.228,0.809,90.037,897708.0,4,17.0
0.426,0.899,-2.658,0,0.0301,0.000546,0.17,0.562,79.07,416760.0,4,34.0
0.396,0.77,-4.728,1,0.06,0.0184,0.12,0.412,177.542,170733.0,4,64.0
0.39,0.625,-7.813,0,0.0537,0.36,0.0663,0.514,144.338,2.23978333,4,66.0
0.503,0.541,-15.489,1,0.0335,7.82e-05,0.262,0.613,121.503,238227.0,3,31.0
0.61,0.884,-4.612,0,0.0347,0.000264,0.0892,0.546,113.968,291360.0,4,53.0
0.29,0.354,-12.669,1,0.0366,0.988,0.203,0.464,148.927,3.483333333,4,10.0
0.449,0.776,-10.474,1,0.162,0.134,0.201,0.586,116.753,313107.0,4,31.0
0.92,0.424,-5.24,1,0.226,0.00418,0.164,0.116,134.975,123542.0,4,6.0
0.452,0.876,-2.512,1,0.0435,0.000523,0.268,0.445,147.079,212360.0,4,29.0
0.406,0.429,-14.225,0,0.0462,0.642,0.961,0.471,163.928,3.637783333,4,43.0
0.707,0.689,-7.097,0,0.0387,0.0255,0.383,0.41,119.987,195962.0,4,79.0
0.484,0.938,-3.123,1,0.112,0.0706,0.236,0.444,165.049,206507.0,4,64.0
0.353,0.921,-5.64,1,0.0758,0.0488,0.314,0.526,145.589,271653.0,3,56.0
0.267,0.734,-7.999,1,0.0727,0.00186,0.116,0.307,207.72,211494.0,4,24.0
0.731,0.876,-4.808,1,0.0713,0.258,0.707,0.899,130.02,177231.0,4,31.0
0.532,0.708,-8.121,1,0.0505,0.435,0.107,0.586,167.977,4.24111667,4,78.0
0.379,0.237,-9.687,0,0.0353,0.958,0.106,0.196,77.859,218347.0,4,10.0
0.409,0.447,-6.047,1,0.0283,0.613,0.167,0.258,129.464,3.921333333,4,2.0
0.473,0.898,-3.537,0,0.0363,7.34e-06,0.311,0.405,104.031,347941.0,4,59.0
0.682,0.653,-6.062,1,0.339,0.13,0.129,0.428,188.115,196267.0,4,69.0
0.598,0.738,-5.518,0,0.0472,0.255,0.245,0.374,120.01,155700.0,4,38.0
0.634,0.63,-8.277,0,0.031,0.447,0.17,0.489,118.628,270773.0,4,75.0
0.327,0.881,-7.981,0,0.047,0.00279,0.224,0.221,100.922,385360.0,4,37.0
0.786,0.811,-4.85,1,0.276,0.0191,0.363,0.619,120.068,235000.0,4,42.0
0.193,0.976,-4.451,1,0.205,6.43e-05,0.115,0.266,170.06,327999.0,5,30.0
0.802,0.607,-11.028,0,0.289,0.205,0.246,0.274,96.916,261881.0,4,68.0
0.539,0.887,-6.935,1,0.037,0.0161,0.267,0.448,100.017,196800.0,4,55.0
0.392,0.608,-9.797,1,0.0719,0.289,0.261,0.565,95.381,3.052,4,47.0
0.695,0.57,-6.151,1,0.027,0.326,0.377,0.548,94.976,205121.0,4,30.0
0.293,0.273,-15.639,1,0.0276,0.771,0.13,0.225,143.245,295000.0,4,34.0
0.911,0.651,-6.043,1,0.349,0.00338,0.112,0.615,135.974,190709.0,4,55.0
0.383,0.777,-5.838,0,0.0344,0.000229,0.211,0.517,136.063,222089.0,4,33.0
0.551,0.974,-4.776,1,0.0614,0.114,0.969,0.229,87.71,4.239016667,4,30.0
0.614,0.275,-8.744,1,0.027,0.904,0.118,0.303,130.875,197880.0,3,57.0
0.45,0.34,-15.18,1,0.0648,0.094,0.174,0.268,75.945,249173.0,4,29.0
0.666,0.798,-11.26,1,0.0477,0.00848,0.585,0.442,115.382,299680.0,4,61.0
0.811,0.41,-8.214,1,0.0391,0.0365,0.0799,0.626,103.965,254493.0,4,75.0
0.331,0.874,-7.521,0,0.06,0.317,0.342,0.414,169.823,215581.0,4,44.0
0.593,0.593,-8.216,1,0.289,0.0306,0.229,0.488,81.291,272227.0,1,59.0
0.755,0.699,-5.929,1,0.065,0.00864,0.0803,0.611,99.937,232074.0,4,48.0
0.639,0.812,-8.785,1,0.0308,0.133,0.117,0.785,128.718,233187.0,4,50.0
0.613,0.376,-8.592,0,0.0377,0.0919,0.149,0.496,170.2,195627.0,4,56.0
0.501,0.559,-8.039,1,0.0379,0.651,0.113,0.0863,130.396,193333.0,4,30.0
0.396,0.909,-6.522,0,0.0568,0.000615,0.0905,0.211,100.074,328149.0,4,37.0
0.735,0.855,-5.141,0,0.303,0.351,0.189,0.434,137.897,194783.0,4,30.0
0.689,0.62,-7.684,1,0.295,0.00159,0.623,0.452,75.488,152794.0,4,66.0
0.482,0.151,-12.259,1,0.0377,0.819,0.124,0.0447,138.757,169907.0,4,46.0
0.764,0.661,-8.276,1,0.0526,0.0203,0.179,0.479,92.018,226587.0,4,60.0
0.66,0.733,-4.619,1,0.0359,0.248,0.17,0.304,119.933,217000.0,4,77.0
0.601,0.636,-7.283,1,0.0283,0.0657,0.446,0.0812,109.987,260907.0,4,48.0
0.503,0.584,-10.464,1,0.0611,0.00166,0.101,0.321,157.028,265000.0,4,36.0
0.524,0.654,-9.047,1,0.037,8.95e-05,0.1,0.333,118.014,256720.0,4,27.0
0.549,0.424,-12.892,1,0.0369,0.668,0.319,0.509,76.783,2.973333333,4,36.0
0.358,0.682,-9.123,1,0.0627,0.00536,0.104,0.697,175.89,388200.0,4,38.0
0.509,0.827,-7.715,1,0.079,0.0409,0.12,0.743,135.601,8.54555,4,70.0
0.555,0.22,-13.717,0,0.0381,0.617,0.321,0.238,83.988,429707.0,4,17.0
0.548,0.632,-5.569,1,0.145,0.0126,0.0769,0.535,113.682,245800.0,4,61.0
0.676,0.588,-7.294,1,0.0312,0.361,0.0977,0.69,150.203,219517.0,4,33.0
0.207,0.961,-5.017,1,0.0801,9.94e-05,0.331,0.343,175.217,175253.0,4,32.0
0.6,0.644,-9.968,1,0.0331,0.542,0.134,0.951,151.409,123600.0,4,31.0
0.396,0.351,-7.787,1,0.0655,0.591,0.158,0.245,182.457,220867.0,3,69.0
0.343,0.732,-5.189,1,0.044,0.00533,0.0685,0.392,180.162,180772.0,4,49.0
0.534,0.721,-7.307,0,0.0417,0.0343,0.115,0.225,128.978,249520.0,3,72.0
0.629,0.423,-9.879,1,0.0274,0.624,0.0853,0.235,139.907,3.8527,4,25.0
0.5,0.842,-5.337,1,0.103,0.00576,0.198,0.437,98.618,178312.0,4,49.0
0.623,0.87,-6.211,1,0.055,0.0715,0.179,0.853,146.174,239387.0,4,23.0
0.267,0.953,-4.899,0,0.096,0.00211,0.283,0.568,84.989,4.45511667,4,74.0
0.437,0.0375,-28.282,0,0.0403,0.797,0.114,0.126,117.153,5.037333333,4,44.0
0.655,0.952,-13.031,1,0.188,0.532,0.418,0.107,99.132,2.290666667,4,17.0
0.506,0.832,-3.913,1,0.0596,0.00154,0.087,0.32,140.903,195587.0,4,31.0
0.467,0.958,-4.808,0,0.0775,0.000479,0.299,0.701,145.92,180880.0,4,72.0
0.458,0.905,-4.157,1,0.0451,0.000431,0.378,0.553,176.667,210680.0,4,49.0
0.614,0.924,-7.08,1,0.343,0.102,0.0402,0.647,95.786,309488.0,4,37.0
0.502,0.353,-9.957,1,0.0317,0.451,0.0583,0.751,136.746,2.335333333,4,48.0
0.562,0.782,-7.815,1,0.0579,0.0166,0.0628,0.181,109.99,804933.0,3,40.0
0.552,0.898,-5.593,1,0.0773,0.0736,0.407,0.457,177.685,119453.0,4,34.0
0.598,0.911,-3.97,1,0.0515,0.222,0.216,0.953,146.469,134907.0,4,61.0
0.247,0.764,-7.718,1,0.0472,0.00542,0.16,0.503,154.707,210200.0,4,56.0
0.381,0.96,-3.754,1,0.13,1.37e-05,0.0647,0.554,119.998,220787.0,4,46.0
0.77,0.691,-9.296,0,0.186,0.125,0.125,0.734,96.921,279144.0,4,37.0
0.39,0.889,-11.181,1,0.0754,5.82e-06,0.394,0.217,139.955,184286.0,4,36.0
0.654,0.641,-9.771,1,0.0482,0.00535,0.209,0.794,114.696,247600.0,4,65.0
0.366,0.726,-4.479,1,0.0332,0.000988,0.097,0.246,137.124,238826.0,4,36.0
0.573,0.494,-8.938,0,0.0735,0.48,0.121,0.762,149.883,221476.0,4,50.0
0.521,0.833,-5.661,0,0.053,0.00721,0.272,0.764,149.006,195952.0,4,69.0
0.607,0.649,-8.463,1,0.0323,0.0432,0.117,0.693,150.009,209630.0,4,24.0
0.752,0.276,-8.901,1,0.0463,0.876,0.103,0.275,126.135,223467.0,4,58.0
0.77,0.672,-5.998,0,0.0539,0.0125,0.115,0.442,169.974,269500.0,4,60.0
0.703,0.523,-18.168,0,0.0838,0.0541,0.0698,0.916,170.042,158471.0,4,29.0
0.658,0.206,-12.673,1,0.033,0.798,0.105,0.237,126.232,223067.0,4,12.0
0.326,0.54,-8.254,1,0.0391,0.000207,0.115,0.426,93.443,206640.0,4,30.0
0.533,0.967,-3.066,1,0.057,0.0426,0.132,0.603,95.008,219482.0,4,55.0
0.402,0.821,-10.185,1,0.0341,2.59e-06,0.113,0.713,75.512,180069.0,4,36.0
0.778,0.695,-6.865,0,0.0913,0.175,0.15,0.472,149.996,2.213,4,90.0
0.626,0.287,-19.453,0,0.415,0.898,0.229,0.268,107.815,189239.0,4,30.0
0.567,0.311,-10.278,1,0.0409,0.825,0.0989,0.317,93.483,4.887333333,4,18.0
0.399,0.91,-5.285,1,0.0482,0.000125,0.196,0.537,175.978,216987.0,4,37.0
0.455,0.79,-4.049,1,0.0432,3.78e-06,0.0866,0.22,125.964,217467.0,4,65.0
0.47,0.857,-8.797,1,0.0966,0.00177,0.0581,0.39,180.011,219014.0,4,22.0
0.715,0.622,-5.102,0,0.046,0.163,0.0948,0.808,80.015,195053.0,4,93.0
0.805,0.7,-3.064,0,0.155,0.0547,0.04,0.832,127.034,126701.0,4,58.0
0.61,0.473,-6.594,1,0.0247,0.163,0.0905,0.231,93.138,300587.0,4,46.0
0.253,0.293,-8.544,1,0.0338,0.308,0.115,0.117,146.237,261217.0,4,60.0
0.85,0.66,-6.323,1,0.193,0.386,0.0449,0.926,115.076,167187.0,4,44.0
0.663,0.459,-9.143,1,0.0365,0.0302,0.109,0.426,140.166,194398.0,4,45.0
0.627,0.761,-8.57,1,0.036,0.000237,0.135,0.672,128.005,193263.0,4,57.0
0.643,0.849,-5.428,1,0.0526,0.0371,0.058,0.903,162.152,165853.0,4,79.0
0.508,0.936,-4.743,1,0.12,0.01,0.0964,0.122,123.967,246464.0,4,58.0
0.536,0.882,-4.013,1,0.0418,0.00578,0.103,0.592,134.001,194775.0,4,44.0
0.667,0.0614,-23.806,1,0.0465,0.935,0.1,0.481,79.649,150733.0,4,46.0
0.588,0.856,-5.242,0,0.0316,0.000818,0.238,0.635,96.966,175044.0,4,83.0
0.482,0.202,-11.093,1,0.0617,0.827,0.0889,0.337,177.175,265752.0,4,45.0
0.215,0.49,-7.581,1,0.0325,0.152,0.116,0.109,119.571,309519.0,4,26.0
0.584,0.804,-6.094,1,0.0619,0.000968,0.284,0.635,159.953,161037.0,4,14.0
0.233,0.971,-3.474,0,0.241,0.000579,0.319,0.2,156.09,254267.0,4,18.0
0.594,0.843,-4.259,1,0.0538,0.0211,0.0742,0.677,189.877,195315.0,4,22.0
0.242,0.972,-5.191,0,0.122,3.61e-05,0.256,0.085,99.94,178901.0,4,31.0
0.372,0.857,-7.816,0,0.0461,0.0608,0.187,0.389,146.08,312400.0,4,60.0
0.451,0.912,-4.33,1,0.0671,0.000452,0.348,0.513,116.039,219141.0,4,26.0
0.715,0.787,-5.774,1,0.043,0.207,0.182,0.768,112.129,277520.0,4,29.0
0.588,0.856,-11.107,0,0.287,0.0323,0.415,0.241,107.005,161495.0,4,31.0
0.669,0.801,-8.442,0,0.287,0.00492,0.225,0.197,129.967,186462.0,4,38.0
0.677,0.302,-18.8,0,0.0619,0.779,0.0968,0.638,119.836,149773.0,4,35.0
0.424,0.873,-5.404,1,0.0542,0.202,0.0741,0.759,180.042,154813.0,4,42.0
0.93,0.32,-11.715,0,0.0956,0.0139,0.148,0.0977,120.064,121280.0,4,52.0
0.603,0.724,-6.843,1,0.0265,0.00135,0.184,0.387,129.984,243868.0,4,36.0
0.748,0.622,-9.043,0,0.0699,0.0472,0.11,0.838,79.949,303227.0,5,50.0
0.397,0.512,-6.734,1,0.0307,0.241,0.1,0.0765,127.401,226679.0,4,44.0
0.61,0.543,-8.673,0,0.0419,0.175,0.155,0.622,166.045,219640.0,4,38.0
0.783,0.878,-3.864,0,0.0308,0.39,0.0426,0.885,100.626,265173.0,4,74.0
0.447,0.766,-5.833,1,0.034,0.638,0.274,0.636,132.616,235893.0,4,27.0
0.237,0.962,-6.516,0,0.154,0.000774,0.335,0.183,155.24,232980.0,4,13.0
0.693,0.648,-8.465,0,0.0931,0.00958,0.846,0.815,88.005,297875.0,4,41.0
0.251,0.977,-3.68,1,0.101,6.43e-05,0.0839,0.16,175.232,226286.0,3,24.0
0.508,0.912,-8.049,0,0.0368,7.06e-05,0.0492,0.682,117.582,252693.0,4,64.0
0.37,0.919,-5.721,1,0.102,0.000376,0.49,0.471,134.021,344240.0,4,65.0
0.326,0.763,-5.804,0,0.0577,0.00795,0.328,0.592,98.692,230000.0,4,38.0
0.334,0.925,-8.521,0,0.0663,0.0219,0.186,0.577,168.393,155187.0,4,41.0
0.537,0.92,-3.438,0,0.274,0.00592,0.34,0.843,185.703,177160.0,4,57.0
0.483,0.937,-3.068,0,0.0502,0.000337,0.0765,0.406,99.983,219291.0,4,38.0
0.535,0.896,-6.781,0,0.0369,2.64e-05,0.104,0.514,125.066,213600.0,4,21.0
0.475,0.818,-4.533,0,0.0537,0.0004,0.419,0.311,160.032,403500.0,4,33.0
0.661,0.843,-3.117,0,0.0427,0.0553,0.394,0.757,128.001,204986.0,4,47.0
0.782,0.507,-6.527,1,0.0963,0.489,0.267,0.536,91.54,195588.0,4,41.0
0.601,0.946,-2.298,0,0.0656,0.0661,0.388,0.58,141.929,208133.0,4,59.0
0.466,0.452,-9.232,0,0.0321,0.678,0.0581,0.882,126.696,4.35,4,38.0
0.252,0.839,-4.651,1,0.0566,8.96e-06,0.274,0.384,177.963,207895.0,4,28.0
0.187,0.152,-19.156,0,0.0359,0.992,0.112,0.157,89.932,126320.0,4,19.0
0.569,0.48,-7.533,1,0.0412,0.781,0.1,0.353,123.7,3.913783333,5,39.0
0.664,0.721,-8.712,1,0.0367,0.0563,0.0745,0.747,120.99,2.79933333,4,73.0
0.326,0.798,-8.676,0,0.0555,0.00664,0.972,0.777,163.619,336400.0,4,33.0
0.928,0.528,-8.375,1,0.293,0.019,0.115,0.259,100.059,159152.0,4,62.0
0.649,0.791,-4.556,0,0.0515,0.136,0.181,0.877,149.862,180938.0,4,30.0
0.735,0.689,-4.575,0,0.0379,0.0204,0.0499,0.624,114.983,252067.0,4,48.0
0.896,0.78,-3.547,1,0.202,0.0828,0.0857,0.85,106.032,163019.0,4,71.0
0.605,0.864,-5.365,1,0.0292,0.13,0.113,0.736,122.919,228187.0,4,15.0
0.339,0.945,-3.016,1,0.059,8.78e-05,0.2,0.466,176.213,231200.0,4,61.0
0.731,0.674,-5.599,0,0.0452,0.00613,0.369,0.305,125.938,3.33245,4,40.0
0.22,0.0485,-25.743,1,0.0472,0.977,0.104,0.0395,97.025,2.853783333,4,22.0
0.811,0.662,-7.197,0,0.143,0.0695,0.235,0.97,125.002,293631.0,4,24.0
0.314,0.869,-4.881,0,0.151,0.00373,0.375,0.516,158.497,181371.0,4,27.0
0.626,0.503,-15.546,1,0.0385,0.306,0.128,0.816,131.117,163347.0,4,38.0
0.427,0.655,-8.445,1,0.0315,0.228,0.096,0.293,149.963,275393.0,4,34.0
0.505,0.959,-3.633,1,0.12,0.00955,0.118,0.41,148.909,305541.0,4,41.0
0.854,0.64,-3.684,0,0.0425,0.0384,0.0848,0.486,98.036,203136.0,4,42.0
0.291,0.963,-3.881,0,0.0726,0.000146,0.173,0.306,86.187,213448.0,4,41.0
0.43,0.463,-10.96,1,0.0442,0.303,0.152,0.66,93.405,4.52221667,4,71.0
0.438,0.913,-3.438,1,0.0558,0.000142,0.145,0.21,118.963,196160.0,4,45.0
0.703,0.0828,-14.178,1,0.139,0.825,0.13,0.57,125.879,2.64755,4,70.0
0.473,0.766,-7.95,1,0.0448,0.00141,0.201,0.759,98.466,183720.0,4,37.0
0.381,0.565,-8.546,1,0.0314,0.577,0.127,0.451,78.045,2.097333333,4,33.0
0.509,0.584,-4.907,1,0.057,0.0368,0.384,0.685,170.411,278747.0,4,72.0
0.623,0.709,-9.818,0,0.0636,0.102,0.0967,0.948,122.394,165381.0,4,66.0
0.747,0.657,-5.993,1,0.0524,0.216,0.0844,0.726,96.288,216477.0,4,58.0
0.458,0.234,-14.843,1,0.0273,0.584,0.182,0.197,77.317,3.34045,3,36.0
0.57,0.703,-13.831,0,0.0346,0.0202,0.967,0.746,127.805,3.80555,4,28.0
0.613,0.686,-5.75,1,0.107,0.0952,0.187,0.5,80.014,233531.0,4,61.0
0.628,0.605,-9.014,1,0.0344,0.421,0.103,0.439,119.904,230029.0,4,39.0
0.303,0.648,-6.795,1,0.0512,0.642,0.407,0.644,170.379,412960.0,3,10.0
0.592,0.974,-1.917,0,0.0796,0.0145,0.354,0.372,127.996,495293.0,4,24.0
0.61,0.548,-10.408,0,0.0555,0.775,0.425,0.413,103.983,202423.0,4,30.0
0.255,0.537,-11.189,1,0.0835,0.428,0.0608,0.499,75.634,3.38065,4,26.0
0.64,0.83,-5.43,0,0.0652,0.129,0.29,0.62,95.004,195173.0,4,61.0
0.496,0.338,-13.274,1,0.0421,0.678,0.877,0.418,62.408,267187.0,4,32.0
0.258,0.321,-11.629,0,0.0307,0.612,0.453,0.0641,70.015,3.1551,3,30.0
0.644,0.919,-6.289,1,0.0561,0.181,0.622,0.871,117.459,4.33178333,4,69.0
0.0887,0.192,-19.066,1,0.0395,0.983,0.0903,0.0393,86.728,2.020866667,1,35.0
0.532,0.889,-8.604,1,0.0931,0.319,0.0398,0.778,180.072,225250.0,3,38.0
0.543,0.643,-8.649,0,0.0278,0.00448,0.111,0.272,104.006,302179.0,4,55.0
0.416,0.927,-3.257,1,0.0844,3.29e-05,0.0782,0.339,125.758,259693.0,4,48.0
0.428,0.922,-4.029,1,0.0891,0.000329,0.149,0.296,82.907,200800.0,4,57.0
0.538,0.981,-2.688,0,0.14,0.00662,0.219,0.711,101.414,255467.0,4,75.0
0.793,0.907,-7.461,1,0.182,0.0231,0.0798,0.826,115.634,238827.0,4,50.0
0.341,0.714,-7.998,0,0.0404,0.354,0.31,0.412,147.604,178144.0,4,49.0
0.0921,0.04,-26.075,1,0.0473,0.926,0.125,0.0389,85.38,5.978216667,4,23.0
0.713,0.663,-5.113,1,0.149,0.0641,0.324,0.787,104.99,194286.0,4,69.0
0.72,0.67,-10.224,1,0.132,0.305,0.0928,0.566,121.342,305280.0,4,57.0
0.645,0.401,-15.318,1,0.0493,0.0658,0.0879,0.102,110.263,169747.0,4,23.0
0.746,0.251,-16.169,0,0.259,0.782,0.106,0.18,139.999,120027.0,4,77.0
0.176,0.942,-4.435,0,0.139,0.567,0.574,0.273,160.066,264751.0,4,34.0
0.623,0.91,-8.448,1,0.0384,0.319,0.081,0.745,145.624,195307.0,4,67.0
0.376,0.667,-7.585,1,0.151,0.171,0.186,0.394,94.246,3.972883333,4,29.0
0.641,0.703,-10.434,1,0.0518,0.397,0.104,0.722,129.118,156800.0,4,62.0
0.279,0.872,-6.533,0,0.335,0.122,0.141,0.406,164.006,346435.0,4,31.0
0.487,0.407,-11.082,1,0.0399,0.451,0.245,0.647,104.634,177827.0,4,10.0
0.417,0.608,-6.848,1,0.0339,0.213,0.305,0.479,96.842,181286.0,3,16.0
0.679,0.569,-8.151,0,0.0334,0.036,0.118,0.653,90.005,225267.0,4,51.0
0.718,0.388,-11.233,0,0.0541,0.814,0.327,0.906,99.725,229253.0,4,11.0
0.401,0.13,-17.638,1,0.0312,0.989,0.101,0.213,93.091,210653.0,4,63.0
0.203,0.833,-3.529,1,0.0339,2.7e-05,0.318,0.665,155.117,201213.0,4,37.0
0.556,0.658,-6.075,1,0.0265,0.164,0.113,0.787,80.529,203653.0,4,74.0
0.556,0.541,-6.018,1,0.0292,0.00476,0.128,0.553,96.531,175421.0,4,39.0
0.405,0.735,-7.571,0,0.0415,0.00089,0.0691,0.524,94.032,200978.0,3,28.0
0.74,0.576,-6.744,0,0.146,0.0249,0.104,0.315,110.095,3.49126667,4,47.0
0.583,0.592,-7.021,1,0.0248,0.0216,0.145,0.623,89.962,187263.0,4,52.0
0.427,0.262,-8.541,1,0.0276,0.746,0.068,0.228,104.085,3.74778333,4,55.0
0.547,0.686,-4.395,1,0.0363,0.0529,0.517,0.82,124.392,217160.0,4,20.0
0.822,0.66,-3.637,1,0.0819,0.111,0.143,0.802,113.956,265263.0,4,71.0
0.697,0.877,-3.885,1,0.0348,0.00913,0.0726,0.768,121.534,5.10045,4,59.0
0.547,0.767,-5.786,1,0.0403,0.0086,0.273,0.595,160.038,174000.0,4,44.0
0.345,0.866,-8.221,1,0.0547,0.0827,0.0786,0.448,152.295,320706.0,4,33.0
0.347,0.127,-14.761,0,0.053,0.921,0.0793,0.354,164.922,245856.0,3,49.0
0.982,0.641,-4.956,1,0.0553,0.000222,0.0563,0.866,131.023,355413.0,3,18.0
0.248,0.461,-10.009,0,0.0404,0.0339,0.114,0.0372,127.615,383920.0,4,32.0
0.836,0.756,-5.441,0,0.124,0.0524,0.0606,0.803,153.989,221853.0,4,60.0
0.728,0.591,-7.823,1,0.318,0.475,0.311,0.768,173.794,179586.0,4,43.0
0.443,0.781,-4.277,1,0.0377,1.33e-05,0.166,0.372,71.841,214760.0,4,69.0
0.738,0.43,-9.749,1,0.0295,0.377,0.0945,0.374,114.992,3.56178333,4,47.0
0.408,0.63,-8.86,0,0.0571,0.125,0.0588,0.509,143.154,264400.0,4,7.0
0.701,0.626,-14.658,1,0.0385,0.478,0.258,0.848,126.016,4.458883333,4,34.0
0.833,0.69,-5.394,0,0.381,0.331,0.189,0.592,142.141,165452.0,4,51.0
0.339,0.979,-1.899,1,0.0607,0.00737,0.0643,0.581,192.68,169507.0,4,41.0
0.41,0.988,-3.097,1,0.138,0.0032,0.17,0.742,163.998,183355.0,4,35.0
0.511,0.517,-9.653,1,0.0328,0.13,0.074,0.433,75.67,241893.0,4,66.0
0.842,0.545,-5.993,1,0.172,0.625,0.103,0.466,97.897,146939.0,4,68.0
0.515,0.428,-11.498,0,0.494,0.154,0.18,0.137,166.502,165322.0,4,53.0
0.623,0.886,-3.044,1,0.0404,0.0245,0.247,0.709,92.021,228467.0,4,60.0
0.801,0.795,-5.115,0,0.0504,0.0417,0.0717,0.754,79.028,163253.0,4,78.0
0.398,0.93,-6.76,1,0.0615,0.000854,0.0874,0.725,190.818,408173.0,4,70.0
0.505,0.924,-8.062,1,0.0589,5.6e-05,0.339,0.321,102.003,339947.0,4,36.0
0.48,0.311,-7.887,1,0.0258,0.313,0.113,0.162,86.15,391829.0,4,63.0
0.696,0.698,-6.908,0,0.0439,0.305,0.112,0.563,119.993,176241.0,4,33.0
0.591,0.629,-5.584,1,0.0273,0.00144,0.0705,0.183,114.072,234707.0,4,62.0
0.624,0.427,-7.788,1,0.0551,0.695,0.391,0.532,131.195,198182.0,4,46.0
0.607,0.755,-6.649,1,0.0343,0.0204,0.323,0.427,84.988,184235.0,4,47.0
0.795,0.361,-10.701,0,0.227,0.625,0.114,0.346,88.036,187520.0,4,67.0
0.335,0.829,-5.657,0,0.0398,5.31e-06,0.108,0.399,160.061,382154.0,4,34.0
0.873,0.575,-7.284,0,0.0702,0.0891,0.108,0.872,103.005,197031.0,4,77.0
0.816,0.669,-7.925,1,0.0295,0.284,0.0563,0.967,112.132,2.86355,4,57.0
0.704,0.657,-9.431,0,0.0934,0.00873,0.297,0.527,107.931,155556.0,4,62.0
0.352,0.624,-8.161,0,0.0321,0.0853,0.0897,0.175,114.941,238002.0,3,29.0
0.442,0.748,-6.889,1,0.0349,0.0615,0.306,0.496,97.106,312400.0,4,42.0
0.51,0.242,-7.03,1,0.0288,0.546,0.0751,0.174,115.935,345001.0,4,32.0
0.343,0.701,-5.365,1,0.0297,0.00225,0.115,0.416,91.601,232485.0,4,37.0
0.514,0.823,-5.336,1,0.0425,0.000273,0.337,0.456,153.035,251507.0,4,45.0
0.764,0.359,-14.234,0,0.0526,0.26,0.112,0.953,154.763,263693.0,4,32.0
0.663,0.351,-12.064,0,0.39,0.406,0.147,0.477,118.505,196250.0,4,52.0
0.516,0.261,-21.941,1,0.0402,0.21,0.0868,0.734,78.294,258264.0,4,25.0
0.175,0.943,-2.502,1,0.055,2.63e-06,0.0798,0.332,107.422,396813.0,4,22.0
0.5,0.748,-9.072,1,0.0363,0.127,0.447,0.514,118.852,4.18311667,4,80.0
0.345,0.638,-9.083,0,0.0345,0.0346,0.102,0.211,135.98,461480.0,3,19.0
0.514,0.918,-4.306,1,0.0365,0.0409,0.342,0.64,150.033,3.76955,4,70.0
0.34,0.737,-4.681,1,0.0582,0.000105,0.0699,0.499,172.022,192080.0,4,65.0
0.473,0.575,-7.958,1,0.0295,0.755,0.179,0.593,107.176,4.656433333,4,19.0
0.434,0.185,-12.724,1,0.0286,0.87,0.112,0.0882,88.612,351187.0,4,31.0
0.368,0.763,-4.208,1,0.0351,0.0596,0.191,0.341,159.859,3.498883333,4,36.0
0.6,0.535,-7.043,1,0.107,0.648,0.162,0.269,71.912,225133.0,4,77.0
0.414,0.955,-5.277,1,0.0819,0.000441,0.326,0.687,157.805,248360.0,4,38.0
0.766,0.605,-7.932,1,0.21,0.174,0.0555,0.957,77.447,185884.0,4,47.0
0.436,0.862,-6.353,0,0.0455,0.000625,0.148,0.254,92.995,196867.0,4,41.0
0.18,0.861,-3.935,0,0.0727,2.56e-05,0.644,0.101,128.165,317281.0,4,56.0
0.504,0.812,-6.306,1,0.0777,0.14,0.501,0.4,159.911,171036.0,3,41.0
0.499,0.794,-5.628,1,0.0374,0.0359,0.0794,0.185,80.175,273280.0,4,50.0
0.878,0.299,-8.783,0,0.151,0.832,0.0896,0.61,126.059,184762.0,4,45.0
0.654,0.794,-5.393,1,0.074,0.000203,0.208,0.585,122.051,221400.0,4,52.0
0.18,0.364,-8.256,0,0.0291,0.464,0.104,0.0376,80.163,309920.0,4,40.0
0.527,0.799,-6.236,0,0.045,0.03,0.203,0.379,147.021,205973.0,4,39.0
0.532,0.925,-5.289,1,0.0761,0.164,0.103,0.62,92.987,203920.0,4,25.0
0.39,0.636,-10.941,1,0.0658,0.718,0.555,0.622,99.107,5.952,4,26.0
0.731,0.905,-6.459,1,0.0414,0.019,0.203,0.641,127.996,328033.0,4,34.0
0.592,0.541,-10.53,1,0.332,0.783,0.0706,0.701,109.625,4.998883333,3,50.0
0.425,0.889,-4.53,0,0.0419,0.000116,0.0812,0.583,131.949,214578.0,4,47.0
0.255,0.848,-4.553,0,0.0343,0.0159,0.0997,0.554,156.959,397800.0,4,39.0
0.833,0.716,-11.265,1,0.04,0.533,0.058,0.9,104.8,186627.0,4,51.0
0.363,0.38,-7.778,1,0.0348,0.65,0.0859,0.265,178.518,288360.0,3,29.0
0.468,0.166,-15.521,1,0.0493,0.976,0.108,0.224,129.935,2.899283333,3,25.0
0.696,0.836,-7.231,0,0.0584,0.167,0.184,0.414,120.022,254133.0,4,55.0
0.39,0.83,-5.201,0,0.0563,0.0021,0.156,0.191,90.021,168030.0,4,77.0
0.407,0.34,-16.221,0,0.0383,0.815,0.0961,0.728,112.304,2.177783333,4,4.0
0.526,0.895,-5.407,0,0.0543,0.0603,0.582,0.655,101.016,277467.0,4,63.0
0.242,0.948,-6.003,1,0.066,4.8e-05,0.215,0.601,147.049,235013.0,4,28.0
0.331,0.747,-7.622,1,0.1,0.758,0.0617,0.802,140.927,5.189666667,3,3.0
0.666,0.608,-9.335,1,0.0319,0.281,0.466,0.674,123.18,295627.0,4,60.0
0.257,0.669,-9.029,1,0.103,0.197,0.616,0.393,183.927,497133.0,3,32.0
0.415,0.362,-8.288,0,0.029,0.723,0.103,0.237,96.624,227830.0,4,40.0
0.669,0.461,-15.784,0,0.0415,0.165,0.111,0.0791,106.98,262835.0,4,19.0
0.463,0.82,-5.015,0,0.0344,0.0574,0.133,0.369,134.931,316293.0,4,41.0
0.484,0.659,-6.465,1,0.193,0.0467,0.0646,0.379,174.619,206306.0,5,12.0
0.43,0.269,-12.28,1,0.0297,0.915,0.188,0.127,121.002,267853.0,4,27.0
0.823,0.569,-9.301,0,0.0498,0.0571,0.0938,0.831,111.974,258316.0,4,48.0
0.576,0.801,-5.387,1,0.0316,0.0963,0.435,0.412,115.011,169560.0,4,35.0
0.453,0.795,-8.417,1,0.285,0.0217,0.0997,0.375,168.951,309440.0,4,37.0
0.518,0.748,-3.856,0,0.0851,0.0343,0.086,0.664,150.024,190947.0,4,38.0
0.642,0.818,-6.791,0,0.392,0.0454,0.0533,0.645,138.636,197143.0,4,24.0
0.429,0.943,-1.323,1,0.0669,0.00223,0.123,0.154,149.884,227167.0,4,56.0
0.388,0.826,-3.803,1,0.0439,2.65e-05,0.126,0.356,82.013,236676.0,4,19.0
0.248,0.931,-5.143,0,0.0642,2.42e-05,0.168,0.124,110.047,323936.0,3,36.0
0.357,0.94,-2.74,0,0.158,0.00323,0.206,0.444,174.978,137143.0,3,40.0
0.562,0.903,-4.46,0,0.0296,0.000187,0.298,0.791,132.009,221000.0,4,67.0
0.436,0.819,-6.71,1,0.036,0.0171,0.117,0.405,144.26,268333.0,4,59.0
0.487,0.949,-4.217,0,0.0798,0.000429,0.231,0.406,110.02,352427.0,4,68.0
0.7,0.937,-3.413,0,0.0357,0.000215,0.077,0.628,129.985,200573.0,4,54.0
0.457,0.764,-6.419,0,0.193,0.0258,0.0721,0.61,129.514,132371.0,5,51.0
0.629,0.451,-9.974,1,0.0284,0.852,0.141,0.681,90.965,178827.0,4,60.0
0.117,0.983,-5.728,1,0.2,2.91e-06,0.36,0.102,164.227,337000.0,4,41.0
0.513,0.97,-6.051,0,0.133,5.75e-05,0.515,0.214,122.057,244493.0,4,57.0
0.825,0.285,-17.491,1,0.0326,0.188,0.0539,0.86,126.946,3.76045,4,60.0
0.403,0.539,-9.997,1,0.339,0.509,0.103,0.101,178.24,162062.0,4,67.0
0.628,0.722,-4.396,1,0.0269,0.0357,0.307,0.721,118.808,246907.0,4,28.0
0.726,0.791,-7.046,0,0.07,0.0384,0.127,0.444,95.971,200000.0,4,30.0
0.336,0.792,-10.875,1,0.084,0.00351,0.0437,0.427,155.587,5.92173333,4,65.0
0.598,0.431,-12.261,1,0.358,0.701,0.165,0.504,74.093,265384.0,4,56.0
0.74,0.958,-2.236,1,0.154,0.251,0.213,0.83,104.069,218507.0,4,34.0
0.575,0.33,-6.557,1,0.031,0.416,0.0872,0.277,95.801,217213.0,4,79.0
0.613,0.962,-5.07,0,0.278,0.034,0.824,0.496,113.015,242267.0,4,66.0
0.348,0.17,-11.43,1,0.0328,0.835,0.0969,0.143,151.191,209344.0,4,55.0
0.581,0.833,-6.509,1,0.0547,0.114,0.0748,0.557,170.039,207238.0,4,35.0
0.506,0.991,-6.999,1,0.108,1.91e-05,0.29,0.0907,119.991,268011.0,4,41.0
0.469,0.969,-2.219,1,0.0589,0.009,0.346,0.476,164.042,183507.0,4,61.0
0.369,0.759,-8.304,1,0.0602,0.124,0.108,0.555,139.65,288453.0,4,44.0
0.354,0.206,-11.799,1,0.0365,0.779,0.0959,0.202,139.056,4.32598333,4,55.0
0.835,0.559,-9.852,0,0.0323,0.314,0.352,0.509,125.023,179520.0,4,65.0
0.389,0.613,-8.289,1,0.399,0.283,0.12,0.449,70.178,186168.0,3,63.0
0.538,0.741,-10.521,0,0.0304,0.000316,0.158,0.93,109.318,189467.0,4,29.0
0.651,0.533,-8.726,1,0.0592,0.131,0.158,0.573,79.538,274424.0,4,64.0
0.529,0.491,-6.249,0,0.193,0.154,0.136,0.54,113.996,276893.0,1,61.0
0.326,0.897,-6.622,0,0.0793,0.0093,0.115,0.401,164.741,191493.0,4,25.0
0.753,0.48,-8.433,0,0.0435,0.933,0.287,0.358,136.798,3.450966667,4,33.0
0.527,0.396,-6.974,0,0.0292,0.607,0.277,0.241,131.897,272673.0,4,47.0
0.564,0.465,-6.656,1,0.0475,0.806,0.0868,0.544,118.713,186027.0,4,46.0
0.502,0.912,-5.603,1,0.0338,0.13,0.0717,0.204,139.875,212571.0,4,43.0
0.464,0.941,-3.885,1,0.036,0.488,0.879,0.782,138.645,431040.0,4,5.0
0.719,0.805,-9.966,0,0.0452,0.0311,0.0645,0.558,108.954,413560.0,4,45.0
0.625,0.633,-5.231,1,0.027,0.626,0.392,0.256,100.96,221520.0,3,28.0
0.229,0.915,-4.939,0,0.0762,0.0103,0.104,0.305,177.989,222760.0,3,45.0
0.346,0.177,-8.527,1,0.0324,0.797,0.0791,0.0712,125.358,287360.0,4,41.0
0.485,0.937,-5.088,0,0.0807,4.4e-05,0.127,0.531,146.157,148827.0,4,36.0
0.702,0.815,-3.289,0,0.0296,0.0148,0.0486,0.819,110.968,167253.0,4,52.0
0.878,0.64,-5.641,1,0.0591,0.142,0.0981,0.658,124.069,200524.0,4,76.0
0.605,0.574,-12.217,1,0.0588,0.744,0.213,0.176,89.941,230000.0,3,23.0
0.366,0.651,-3.842,1,0.031,0.000415,0.271,0.257,151.343,3.345116667,3,70.0
0.326,0.995,-4.38,1,0.147,9.41e-05,0.145,0.092,105.459,291773.0,4,57.0
0.248,0.687,-6.233,1,0.0393,0.00224,0.0639,0.17,164.622,270853.0,4,36.0
0.556,0.504,-11.513,1,0.0293,0.0427,0.0582,0.616,84.421,220587.0,4,52.0
0.571,0.6,-7.239,0,0.0534,0.63,0.365,0.325,147.905,337040.0,4,22.0
0.525,0.93,-4.657,1,0.0525,0.000841,0.231,0.597,128.895,207190.0,4,23.0
0.861,0.644,-7.79,1,0.513,0.0953,0.284,0.765,76.915,115392.0,4,73.0
0.667,0.36,-14.727,1,0.101,0.639,0.802,0.781,143.897,180000.0,4,8.0
0.434,0.952,-4.946,1,0.117,3.23e-05,0.173,0.573,194.027,210928.0,4,51.0
0.491,0.961,-5.361,1,0.259,9.58e-05,0.335,0.5,102.022,209937.0,4,40.0
0.854,0.71,-6.32,0,0.0793,0.0113,0.166,0.818,106.894,214947.0,4,74.0
0.571,0.631,-6.36,0,0.326,0.817,0.0858,0.587,169.829,193549.0,4,20.0
0.765,0.779,-7.099,1,0.0317,0.211,0.122,0.669,125.012,185390.0,4,42.0
0.608,0.363,-13.195,1,0.0263,0.586,0.197,0.238,133.97,276159.0,4,17.0
0.253,0.978,-8.088,1,0.105,0.0261,0.353,0.23,98.203,212560.0,5,35.0
0.42,0.451,-9.217,0,0.0271,0.529,0.144,0.331,71.996,4.14435,4,41.0
0.493,0.247,-14.955,0,0.0323,0.98,0.0995,0.173,155.778,179670.0,4,37.0
0.557,0.815,-5.402,1,0.0328,0.000969,0.0932,0.445,88.929,226853.0,4,50.0
0.502,0.526,-7.78,1,0.0666,0.735,0.294,0.464,179.69,203498.0,4,32.0
0.356,0.842,-6.734,1,0.0531,0.00104,0.0704,0.553,161.03,187405.0,4,43.0
0.264,0.436,-11.04,0,0.035,0.89,0.582,0.507,172.3,4.493783333,4,28.0
0.527,0.936,-4.196,1,0.0444,2.79e-06,0.132,0.527,133.005,243722.0,4,42.0
0.475,0.518,-9.665,1,0.0639,0.000946,0.0907,0.513,104.0,157000.0,4,36.0
0.135,0.471,-10.661,1,0.0315,0.477,0.0866,0.0394,164.494,447270.0,4,24.0
0.449,0.936,-5.447,1,0.0445,0.000595,0.118,0.437,100.487,367280.0,4,55.0
0.342,0.805,-3.463,0,0.0418,0.0381,0.162,0.165,121.587,204590.0,4,36.0
0.556,0.82,-5.43,1,0.0435,0.00177,0.305,0.365,89.952,277467.0,4,44.0
0.564,0.911,-5.39,1,0.0536,0.159,0.118,0.582,173.938,226293.0,4,67.0
0.34,0.597,-7.224,1,0.0317,0.0157,0.114,0.229,114.1,511088.0,4,18.0
0.563,0.428,-7.645,1,0.0397,0.616,0.11,0.199,74.881,231924.0,4,45.0
0.716,0.757,-2.666,1,0.0487,0.0249,0.286,0.558,100.007,191114.0,4,60.0
0.404,0.751,-5.153,0,0.0364,0.00203,0.234,0.183,160.001,236855.0,4,30.0
0.362,0.724,-7.532,1,0.0375,0.164,0.103,0.45,98.105,5.144866667,4,28.0
0.371,0.891,-6.587,1,0.14,0.209,0.321,0.484,106.2,177307.0,3,1.0
0.527,0.851,-4.117,1,0.0438,0.00156,0.147,0.519,131.968,264307.0,4,42.0
0.565,0.769,-7.863,0,0.0594,0.0135,0.171,0.464,124.069,145920.0,4,40.0
0.687,0.68,-7.726,0,0.0489,0.000489,0.0724,0.674,87.314,257733.0,4,54.0
0.379,0.966,-2.59,0,0.169,7.67e-05,0.357,0.478,166.153,199863.0,4,34.0
0.581,0.687,-5.4,1,0.105,0.229,0.109,0.187,76.014,4.01,4,21.0
0.698,0.839,-8.16,1,0.0361,0.0041,0.0833,0.65,128.023,204399.0,4,26.0
0.791,0.862,-3.24,0,0.11,0.037,0.0814,0.592,123.994,214847.0,4,82.0
0.628,0.248,-13.304,1,0.032,0.814,0.111,0.646,125.298,2.83695,4,63.0
0.688,0.617,-10.342,1,0.0384,0.259,0.123,0.345,114.96,205427.0,4,22.0
0.67,0.558,-9.159,1,0.0251,0.238,0.106,0.63,80.511,173493.0,4,68.0
0.603,0.494,-10.27,1,0.0301,0.428,0.0894,0.729,147.814,214960.0,4,60.0
0.381,0.952,-4.311,1,0.0611,0.021,0.027,0.653,145.972,196173.0,4,21.0
0.787,0.832,-4.671,1,0.301,0.0347,0.0593,0.814,92.606,177667.0,4,64.0
0.73,0.439,-8.672,0,0.361,0.325,0.0947,0.145,86.825,199640.0,4,46.0
0.731,0.763,-7.665,0,0.0397,0.0481,0.0737,0.551,99.015,233333.0,4,37.0
0.36,0.501,-9.129,1,0.0258,0.0638,0.172,0.324,74.807,264067.0,4,75.0
0.367,0.903,-5.956,0,0.175,0.0477,0.235,0.239,106.329,281781.0,3,54.0
0.749,0.383,-9.351,1,0.164,0.989,0.286,0.722,100.449,186640.0,4,23.0
0.384,0.81,-11.082,0,0.083,0.638,0.304,0.311,113.606,5.469783333,4,23.0
0.349,0.923,-2.432,0,0.0539,1.95e-05,0.336,0.535,149.904,225533.0,4,54.0
0.726,0.606,-12.49,0,0.0477,0.665,0.0916,0.0467,120.014,274125.0,4,32.0
0.566,0.815,-4.481,0,0.14,0.0737,0.12,0.672,169.961,185587.0,4,71.0
0.552,0.935,-4.096,1,0.0623,0.0174,0.116,0.38,74.954,245787.0,4,62.0
0.256,0.641,-10.283,1,0.0552,0.199,0.0853,0.382,203.006,281160.0,4,76.0
0.619,0.0948,-23.295,0,0.723,0.653,0.374,0.306,79.57,210160.0,3,4.0
0.788,0.642,-7.35,1,0.149,0.0981,0.158,0.512,150.031,195750.0,4,71.0
0.454,0.865,-7.9,1,0.0425,0.00252,0.122,0.257,135.983,573989.0,3,30.0
0.507,0.75,-8.351,0,0.0446,0.0866,0.0943,0.487,127.939,3.28125,4,23.0
0.579,0.456,-7.284,1,0.514,0.358,0.0922,0.569,71.022,187973.0,4,48.0
0.46,0.906,-8.201,1,0.15,2.99e-05,0.17,0.566,161.055,204160.0,4,48.0
0.432,0.63,-9.511,0,0.0384,0.0663,0.223,0.569,133.77,338613.0,4,44.0
0.761,0.237,-9.12,1,0.0353,0.664,0.155,0.846,114.102,199056.0,4,47.0
0.624,0.972,-2.059,1,0.044,0.00103,0.229,0.661,101.951,179623.0,4,20.0
0.526,0.679,-7.353,0,0.0318,0.000658,0.816,0.295,112.481,252053.0,4,30.0
0.61,0.456,-8.659,1,0.0968,0.407,0.138,0.576,72.089,182180.0,4,64.0
0.518,0.428,-4.694,1,0.0329,0.103,0.299,0.153,121.703,242416.0,4,25.0
0.373,0.948,-5.94,0,0.107,2.43e-05,0.126,0.195,159.996,256040.0,4,40.0
0.484,0.741,-5.298,1,0.0411,0.0228,0.31,0.137,85.076,222317.0,4,65.0
0.285,0.725,-3.717,1,0.033,0.716,0.217,0.465,101.473,4.495283333,4,28.0
0.474,0.91,-10.431,0,0.0462,0.00498,0.476,0.745,93.01,122339.0,4,79.0
0.621,0.536,-10.935,0,0.0349,0.0341,0.142,0.72,74.256,3.08355,4,35.0
0.441,0.503,-5.706,1,0.0325,0.481,0.085,0.385,134.134,303600.0,3,37.0
0.568,0.815,-5.798,1,0.0528,0.00555,0.354,0.134,102.023,254500.0,4,38.0
0.471,0.973,-4.35,1,0.0806,2.29e-05,0.0243,0.152,130.034,267320.0,4,45.0
0.727,0.546,-4.572,1,0.0437,0.656,0.122,0.69,106.891,197333.0,4,13.0
0.777,0.754,-7.39,1,0.0323,0.684,0.163,0.625,102.389,256147.0,4,43.0
0.591,0.947,-3.259,1,0.0838,0.065,0.23,0.542,177.064,164485.0,4,57.0
0.285,0.238,-9.623,0,0.0375,0.663,0.0793,0.213,179.918,5.677866667,4,62.0
0.501,0.788,-4.624,1,0.0415,0.12,0.137,0.61,152.047,3.110216667,4,67.0
0.59,0.807,-4.979,0,0.0423,0.000321,0.399,0.435,151.805,219893.0,4,25.0
0.544,0.574,-8.363,0,0.0299,0.0217,0.214,0.0902,100.059,188529.0,4,53.0
0.715,0.92,-4.189,1,0.0849,0.0929,0.296,0.798,100.61,235453.0,4,36.0
0.427,0.312,-7.102,1,0.0539,0.658,0.092,0.247,84.08,166203.0,4,31.0
0.658,0.679,-5.766,1,0.0445,0.107,0.389,0.247,140.055,271189.0,4,46.0
0.618,0.832,-8.015,1,0.0333,8.83e-05,0.183,0.374,117.987,260507.0,4,51.0
0.596,0.938,-2.728,1,0.101,0.00156,0.0412,0.757,121.922,283010.0,4,34.0
0.548,0.562,-9.615,1,0.0281,0.0851,0.992,0.195,127.886,4.967533333,4,38.0
0.436,0.942,-2.206,1,0.0496,9.56e-05,0.209,0.5,164.975,253947.0,4,57.0
0.906,0.717,-6.777,1,0.265,0.213,0.0934,0.776,126.003,213370.0,4,49.0
0.446,0.701,-8.41,1,0.2,0.701,0.422,0.928,180.77,3.542883333,3,6.0
0.602,0.851,-4.473,0,0.286,0.255,0.111,0.869,177.916,203658.0,4,30.0
0.66,0.816,-6.61,1,0.0299,0.168,0.0608,0.678,111.346,4.384,4,75.0
0.833,0.458,-11.542,1,0.491,0.023,0.332,0.626,170.047,115138.0,4,36.0
0.454,0.885,-6.387,1,0.0487,0.0205,0.756,0.592,112.878,209693.0,3,35.0
0.506,0.554,-6.743,0,0.0339,0.339,0.112,0.375,124.724,186960.0,4,67.0
0.464,0.41,-8.721,1,0.0435,0.0954,0.284,0.232,126.682,283850.0,3,24.0
0.137,0.155,-16.932,1,0.0368,0.447,0.174,0.0646,66.323,259088.0,3,37.0
0.521,0.855,-3.348,1,0.0686,0.0223,0.0869,0.257,158.744,187133.0,4,54.0
0.263,0.893,-7.15,0,0.0812,3.91e-06,0.136,0.0598,200.057,184360.0,4,25.0
0.422,0.943,-4.365,1,0.0954,0.074,0.105,0.845,165.764,182133.0,4,61.0
0.509,0.952,-2.857,1,0.0679,0.0434,0.0732,0.622,110.031,270545.0,4,33.0
0.773,0.652,-9.187,0,0.0807,0.143,0.44,0.453,126.007,196687.0,4,72.0
0.645,0.795,-12.095,1,0.0527,0.347,0.104,0.535,112.067,251489.0,4,83.0
0.723,0.585,-8.171,0,0.226,0.234,0.071,0.847,86.03,219523.0,4,14.0
0.647,0.608,-6.831,1,0.42,0.13,0.0584,0.474,125.994,175238.0,4,85.0
0.413,0.965,-4.556,1,0.202,0.000317,0.267,0.126,150.026,206000.0,4,48.0
0.587,0.902,-2.506,1,0.049,0.0336,0.1,0.0878,102.029,204706.0,4,50.0
0.872,0.384,-16.204,1,0.0388,0.418,0.0687,0.938,102.597,515000.0,4,55.0
0.482,0.909,-4.972,1,0.0447,0.000179,0.253,0.486,129.495,359452.0,4,40.0
0.42,0.783,-10.134,0,0.0389,0.00102,0.265,0.691,126.093,213787.0,4,27.0
0.553,0.631,-9.6,0,0.0302,0.00614,0.482,0.381,142.029,314400.0,4,47.0
0.652,0.469,-11.148,0,0.0548,0.00675,0.0929,0.321,120.065,221393.0,4,41.0
0.705,0.728,-11.413,0,0.0301,0.0141,0.245,0.737,107.088,267787.0,5,41.0
0.542,0.674,-4.169,1,0.21,0.0588,0.0955,0.667,76.388,196760.0,4,77.0
0.726,0.872,-7.641,0,0.0631,0.000243,0.144,0.578,123.999,110313.0,4,27.0
0.696,0.52,-4.687,0,0.0328,0.0157,0.0939,0.566,88.951,143919.0,4,48.0
0.471,0.888,-3.724,1,0.0727,0.0306,0.0892,0.46,160.004,195528.0,4,49.0
0.792,0.61,-8.893,0,0.0798,0.642,0.0936,0.562,116.796,188718.0,4,22.0
0.749,0.547,-11.342,0,0.0471,0.147,0.109,0.101,129.002,372151.0,4,46.0
0.817,0.584,-9.785,1,0.174,0.432,0.225,0.501,99.947,229373.0,4,58.0
0.385,0.694,-6.629,1,0.0562,0.0704,0.147,0.582,169.852,173640.0,3,37.0
0.557,0.854,-5.878,0,0.0503,0.00467,0.592,0.399,101.968,190267.0,4,32.0
0.39,0.388,-9.339,1,0.033,0.841,0.178,0.237,102.496,7.650533333,4,32.0
0.43,0.704,-8.008,0,0.0804,0.000155,0.0933,0.703,118.242,315120.0,4,73.0
0.797,0.533,-9.74,0,0.0412,0.0172,0.103,0.329,131.036,146520.0,4,82.0
0.169,0.0391,-24.002,0,0.0397,0.879,0.122,0.185,88.485,3.468883333,4,37.0
0.473,0.792,-3.171,1,0.0421,0.000103,0.154,0.587,169.975,130588.0,4,64.0
0.482,0.845,-5.2,0,0.0328,0.0612,0.357,0.698,175.774,206173.0,4,37.0
0.323,0.983,-3.98,0,0.116,0.000147,0.116,0.0998,160.002,205800.0,4,20.0
0.654,0.658,-5.565,1,0.0293,0.339,0.318,0.47,125.056,227453.0,4,32.0
0.624,0.586,-8.271,1,0.041,0.000967,0.0664,0.889,115.932,207000.0,4,39.0
0.55,0.589,-6.656,1,0.449,0.0999,0.714,0.265,96.237,143333.0,5,14.0
0.745,0.622,-7.479,1,0.194,0.161,0.0609,0.621,88.023,126000.0,4,43.0
0.372,0.474,-7.197,1,0.0386,0.107,0.0438,0.242,180.456,265507.0,3,10.0
0.564,0.368,-10.228,1,0.0281,0.587,0.18,0.544,139.01,209837.0,4,42.0
0.41,0.819,-6.439,1,0.0405,0.000207,0.464,0.183,160.021,249747.0,4,33.0
0.445,0.575,-8.495,1,0.0276,0.374,0.813,0.516,82.614,301154.0,4,43.0
0.731,0.78,-4.903,1,0.0978,0.124,0.0847,0.536,90.024,165827.0,4,39.0
0.417,0.706,-4.652,0,0.0945,0.00933,0.474,0.512,127.884,242560.0,4,53.0
0.236,0.819,-7.886,1,0.0351,7.84e-05,0.383,0.416,140.926,316339.0,4,31.0
0.453,0.0567,-18.646,1,0.0741,0.987,0.109,0.402,151.524,3.606783333,3,48.0
0.509,0.339,-7.272,1,0.0295,0.922,0.0983,0.16,98.104,211200.0,4,50.0
0.173,0.872,-4.39,0,0.0533,0.00052,0.324,0.39,149.361,226427.0,4,62.0
0.506,0.11,-17.615,1,0.0307,0.35,0.139,0.208,70.554,4.252216667,3,56.0
0.426,0.751,-10.91,1,0.0403,0.122,0.271,0.889,153.359,267227.0,4,50.0
0.708,0.497,-10.337,1,0.0527,0.189,0.0723,0.919,132.997,223827.0,4,53.0
0.38,0.996,-4.54,0,0.153,2.69e-05,0.257,0.126,160.008,334969.0,4,38.0
0.272,0.203,-9.706,1,0.0294,0.784,0.0805,0.172,109.581,3.651783333,5,5.0
0.669,0.819,-4.716,1,0.0363,0.11,0.212,0.762,105.055,178901.0,4,59.0
0.718,0.382,-8.237,1,0.0466,0.585,0.128,0.499,87.029,3.349866667,4,67.0
0.599,0.694,-6.29,0,0.478,0.674,0.465,0.3,81.024,274133.0,4,55.0
0.634,0.149,-11.742,1,0.0403,0.957,0.102,0.291,102.831,201990.0,4,26.0
0.524,0.641,-8.967,1,0.0497,0.0437,0.159,0.482,141.65,184543.0,4,65.0
0.74,0.517,-6.233,0,0.0506,0.0183,0.0558,0.698,139.917,170858.0,4,65.0
0.373,0.944,-3.99,1,0.0998,0.00265,0.422,0.376,165.881,232933.0,4,64.0
0.553,0.806,-4.149,1,0.039,0.209,0.0942,0.359,106.434,148280.0,4,50.0
0.675,0.393,-15.196,1,0.0327,0.58,0.228,0.627,116.203,4.003783333,4,40.0
0.813,0.609,-7.93,0,0.0558,0.156,0.346,0.498,87.996,213440.0,4,14.0
0.6,0.698,-5.86,1,0.0355,0.0724,0.113,0.57,140.032,3.506216667,4,66.0
0.642,0.589,-7.392,0,0.302,0.124,0.0868,0.72,95.543,147963.0,5,68.0
0.586,0.907,-4.654,0,0.0448,0.351,0.0777,0.891,101.007,231027.0,4,14.0
0.506,0.727,-4.788,0,0.0339,0.096,0.103,0.3,103.905,254135.0,4,32.0
0.334,0.965,-3.932,0,0.0988,0.000218,0.317,0.481,90.521,205333.0,4,50.0
0.599,0.891,-6.0,0,0.0327,0.121,0.216,0.488,136.99,232000.0,4,54.0
0.706,0.218,-15.802,0,0.0486,0.87,0.0739,0.478,146.365,2.45,4,39.0
0.295,0.977,-7.086,1,0.088,0.00147,0.0887,0.353,168.672,176547.0,4,62.0
0.763,0.554,-9.914,0,0.0287,0.257,0.114,0.123,109.998,237813.0,4,3.0
0.41,0.823,-4.939,0,0.0464,0.0117,0.347,0.635,186.003,243397.0,4,34.0
0.633,0.691,-5.994,0,0.0314,0.018,0.196,0.529,116.109,226560.0,4,20.0
0.605,0.619,-8.971,0,0.0261,0.423,0.0732,0.578,133.074,505773.0,4,56.0
0.581,0.847,-5.48,0,0.0638,0.000259,0.0875,0.394,120.07,188000.0,4,38.0
0.383,0.292,-15.23,1,0.0293,0.314,0.0581,0.593,104.789,2.71155,4,34.0
0.706,0.824,-7.959,1,0.0694,0.355,0.111,0.86,94.98,2.2,4,70.0
0.581,0.922,-3.408,0,0.0666,0.024,0.202,0.596,118.408,191545.0,4,65.0
0.546,0.911,-4.801,1,0.062,0.0008,0.131,0.757,76.008,216515.0,4,57.0
0.856,0.427,-13.297,1,0.365,0.0958,0.1,0.774,144.118,240000.0,4,76.0
0.712,0.604,-8.961,0,0.0307,0.0478,0.117,0.566,110.022,225969.0,4,41.0
0.718,0.554,-8.041,0,0.108,0.607,0.0766,0.698,113.974,230053.0,4,42.0
0.642,0.214,-9.25,1,0.198,0.909,0.122,0.38,80.444,2.49671667,4,3.0
0.547,0.257,-12.358,1,0.0252,0.907,0.0935,0.169,75.752,187867.0,4,78.0
0.409,0.88,-4.632,1,0.051,0.000211,0.299,0.368,133.255,216456.0,4,27.0
0.824,0.17,-6.535,0,0.0386,0.8,0.11,0.396,105.85,189532.0,4,4.0
0.677,0.504,-4.688,1,0.0344,0.0201,0.0712,0.542,79.985,171000.0,4,65.0
0.582,0.872,-6.958,1,0.0726,0.00202,0.51,0.519,127.991,3.930316667,4,15.0
0.546,0.627,-6.46,0,0.0527,0.0221,0.36,0.312,76.488,184467.0,4,44.0
0.429,0.995,-5.259,1,0.172,0.00258,0.197,0.061,134.967,186133.0,4,44.0
0.695,0.664,-15.11,0,0.0304,0.549,0.899,0.863,127.284,163625.0,4,33.0
0.419,0.269,-9.388,1,0.0356,0.626,0.116,0.152,121.695,3.087133333,4,60.0
0.61,0.219,-14.668,0,0.0464,0.935,0.0825,0.587,148.284,4.675333333,4,32.0
0.422,0.302,-9.214,1,0.0372,0.629,0.104,0.123,114.089,248827.0,4,89.0
0.344,0.921,-3.049,1,0.0459,0.00143,0.38,0.396,126.766,235693.0,4,53.0
0.634,0.365,-12.698,1,0.0321,0.0212,0.284,0.344,114.928,247169.0,4,34.0
0.68,0.678,-11.548,1,0.0754,0.103,0.204,0.251,131.165,252773.0,4,71.0
0.489,0.669,-10.788,0,0.0511,0.819,0.281,0.713,149.928,6.226216667,4,45.0
0.701,0.731,-9.593,1,0.0809,0.00708,0.747,0.669,109.905,213818.0,4,18.0
0.239,0.819,-3.583,1,0.0393,0.304,0.0855,0.439,171.449,5.14845,4,62.0
0.53,0.864,-4.948,0,0.061,0.000753,0.354,0.484,166.312,288533.0,4,72.0
0.558,0.977,-5.082,1,0.211,0.000618,0.316,0.473,167.984,190031.0,4,36.0
0.566,0.663,-9.068,1,0.0278,0.0945,0.0915,0.762,91.108,298760.0,4,63.0
0.603,0.848,-5.364,0,0.0423,0.0628,0.211,0.897,120.764,333000.0,4,45.0
0.784,0.539,-8.938,0,0.274,0.0818,0.106,0.576,149.059,202560.0,4,73.0
0.726,0.223,-12.551,1,0.0324,0.919,0.121,0.661,94.034,187584.0,4,55.0
0.622,0.547,-9.406,1,0.031,0.636,0.261,0.444,89.995,231084.0,4,38.0
0.738,0.227,-13.748,1,0.0302,0.865,0.145,0.276,102.265,4.288483333,4,43.0
0.224,0.136,-21.091,1,0.0902,0.797,0.357,0.0323,67.115,679647.0,4,10.0
0.352,0.65,-13.169,1,0.0415,0.00254,0.174,0.464,123.607,343160.0,4,53.0
0.506,0.974,-1.906,1,0.182,5.91e-05,0.193,0.183,110.219,236027.0,3,46.0
0.614,0.934,-3.709,0,0.07,0.0697,0.121,0.436,116.001,174760.0,4,88.0
0.787,0.411,-6.632,0,0.109,0.0837,0.0577,0.44,179.95,183973.0,4,61.0
0.708,0.69,-6.581,0,0.0604,0.0112,0.15,0.354,162.076,225267.0,4,32.0
0.743,0.341,-8.072,0,0.0347,0.871,0.122,0.549,117.813,206186.0,4,43.0
0.438,0.947,-3.809,0,0.0551,1.02e-05,0.157,0.314,82.511,243631.0,4,32.0
0.507,0.44,-8.975,1,0.043,0.356,0.103,0.416,169.474,3.9906,4,38.0
0.542,0.872,-2.553,1,0.0402,0.0495,0.0823,0.311,137.976,237086.0,4,36.0
0.542,0.813,-6.89,1,0.0429,0.0765,0.116,0.305,129.09,234360.0,4,70.0
0.759,0.587,-8.81,0,0.0772,0.0437,0.342,0.559,148.539,124054.0,3,15.0
0.476,0.747,-5.768,1,0.25,0.00753,0.173,0.122,140.268,234806.0,4,36.0
0.521,0.51,-8.141,1,0.0296,0.0179,0.292,0.319,125.911,4.306216667,4,34.0
0.491,0.43,-5.927,1,0.0262,0.824,0.0674,0.424,80.594,210989.0,4,36.0
0.295,0.674,-4.567,0,0.038,0.354,0.171,0.646,184.699,223107.0,3,24.0
0.71,0.418,-10.428,1,0.0439,0.479,0.111,0.126,131.994,6.682616667,3,17.0
0.754,0.679,-8.216,1,0.0448,0.00465,0.0169,0.387,127.014,242928.0,4,55.0
0.556,0.829,-5.123,1,0.0373,0.105,0.29,0.793,134.382,3.3231,4,42.0
0.343,0.372,-12.89,0,0.0334,0.647,0.0754,0.219,135.454,265333.0,3,20.0
0.632,0.639,-5.938,1,0.0259,0.00143,0.221,0.733,95.506,196893.0,4,68.0
0.579,0.669,-8.704,0,0.0326,0.253,0.0911,0.798,175.181,266173.0,4,62.0
0.556,0.253,-12.391,1,0.0286,0.882,0.104,0.21,152.783,295747.0,3,33.0
0.392,0.762,-8.896,1,0.0382,0.0123,0.689,0.309,78.152,509608.0,4,20.0
0.415,0.522,-8.563,1,0.032,0.84,0.11,0.145,152.92,303507.0,4,45.0
0.632,0.586,-11.333,1,0.0284,0.0983,0.0535,0.89,114.243,5.70288333,4,64.0
0.509,0.538,-7.335,1,0.0572,0.385,0.104,0.244,75.089,252867.0,4,74.0
0.553,0.901,-6.202,1,0.0454,0.0103,0.0571,0.617,106.943,283027.0,4,41.0
0.227,0.861,-3.997,1,0.0628,0.000218,0.155,0.143,74.824,246400.0,1,53.0
0.614,0.465,-10.248,1,0.0282,0.48,0.098,0.103,120.0,4.419333333,4,42.0
0.442,0.958,-1.841,0,0.0848,0.0252,0.259,0.304,149.884,246400.0,4,49.0
0.446,0.239,-11.092,1,0.0435,0.942,0.11,0.575,75.54,3.91293333,4,50.0
0.859,0.474,-8.294,1,0.368,0.0425,0.107,0.697,98.0,225885.0,4,50.0
0.744,0.693,-6.563,0,0.0261,0.293,0.305,0.896,99.048,228553.0,4,51.0
0.553,0.64,-9.246,1,0.0288,0.0109,0.205,0.478,104.989,149623.0,4,51.0
0.901,0.63,-6.499,0,0.351,0.107,0.1,0.796,86.003,161000.0,4,67.0
0.807,0.189,-13.873,1,0.0454,0.694,0.0828,0.645,84.763,108000.0,4,53.0
0.365,0.605,-7.236,1,0.0264,0.143,0.07,0.317,83.761,231400.0,4,53.0
0.398,0.952,-6.042,1,0.061,0.000373,0.1,0.584,122.093,4.64466667,4,75.0
0.255,0.393,-10.654,1,0.0278,0.0577,0.113,0.118,76.426,229120.0,4,73.0
0.678,0.702,-5.448,1,0.0258,0.034,0.0787,0.613,106.028,182075.0,4,48.0
0.488,0.99,-2.874,1,0.219,0.00494,0.127,0.169,160.089,154962.0,4,31.0
0.344,0.816,-6.724,1,0.0755,0.0187,0.234,0.418,200.166,2.93245,4,43.0
0.422,0.874,-4.606,0,0.0534,0.000166,0.143,0.392,102.743,233880.0,4,65.0
0.542,0.199,-14.442,0,0.0446,0.968,0.121,0.252,117.259,4.278616667,4,53.0
0.768,0.852,-6.215,1,0.038,0.214,0.0723,0.867,128.373,271240.0,4,79.0
0.558,0.876,-5.625,1,0.0288,0.0244,0.0971,0.448,141.995,304714.0,4,46.0
0.415,0.355,-10.494,0,0.0316,0.985,0.103,0.36,113.993,179307.0,4,49.0
0.247,0.897,-6.048,1,0.0498,0.000279,0.368,0.249,147.499,400717.0,4,26.0
0.561,0.801,-4.706,0,0.0847,0.135,0.0351,0.281,134.921,222800.0,4,18.0
0.655,0.508,-6.048,1,0.0295,0.273,0.0871,0.361,145.043,219253.0,4,39.0
0.438,0.798,-5.453,0,0.0299,0.000129,0.251,0.308,149.981,290547.0,4,49.0
0.798,0.866,-4.532,1,0.153,0.0191,0.703,0.513,119.546,136787.0,4,39.0
0.454,0.778,-4.225,1,0.0449,0.00998,0.0427,0.704,127.158,177947.0,4,63.0
0.719,0.298,-15.255,0,0.272,0.551,0.375,0.437,88.023,185455.0,4,36.0
0.457,0.887,-4.138,1,0.0533,0.000186,0.11,0.221,95.015,199413.0,4,47.0
0.429,0.371,-11.803,1,0.0351,0.768,0.119,0.305,129.842,237781.0,4,59.0
0.287,0.243,-15.119,1,0.0341,0.867,0.114,0.0383,117.886,231671.0,4,40.0
0.451,0.364,-13.126,1,0.0436,0.469,0.197,0.298,154.206,444053.0,4,63.0
0.889,0.705,-8.683,0,0.392,0.389,0.0692,0.815,141.069,183830.0,4,85.0
0.521,0.881,-5.309,1,0.0387,4.93e-06,0.141,0.564,160.026,210360.0,4,64.0
0.568,0.574,-6.05,1,0.0252,0.858,0.11,0.388,93.031,288320.0,4,18.0
0.445,0.98,-4.369,0,0.0731,2.45e-05,0.129,0.285,155.045,256053.0,4,58.0
0.691,0.631,-6.478,1,0.0368,0.0483,0.104,0.8,92.004,2.6854,4,62.0
0.895,0.839,-8.581,0,0.458,0.00272,0.0933,0.709,125.025,232320.0,4,29.0
0.81,0.571,-7.189,0,0.085,0.0624,0.094,0.771,125.994,2.98958333,4,66.0
0.578,0.811,-6.228,0,0.027,0.144,0.113,0.752,145.056,233922.0,4,35.0
0.261,0.277,-8.143,0,0.031,0.572,0.0859,0.0617,179.077,236082.0,3,63.0
0.376,0.947,-3.778,0,0.0902,0.00757,0.107,0.859,150.212,212333.0,4,53.0
0.754,0.505,-14.6,0,0.0331,0.242,0.058,0.925,102.586,277293.0,4,9.0
0.814,0.462,-11.762,1,0.0322,0.646,0.0919,0.411,121.674,614040.0,4,24.0
0.468,0.815,-5.485,1,0.0337,0.000527,0.33,0.492,125.867,196960.0,4,51.0
0.527,0.488,-9.092,1,0.0355,0.873,0.119,0.75,103.235,6.783333333,4,22.0
0.758,0.565,-7.74,1,0.237,0.0658,0.218,0.446,164.029,166400.0,4,43.0
0.532,0.542,-7.565,1,0.0256,0.0204,0.253,0.674,81.985,284200.0,4,29.0
0.462,0.703,-12.691,1,0.0663,0.358,0.332,0.691,129.821,185827.0,4,37.0
0.688,0.737,-9.31,0,0.0678,0.0769,0.114,0.666,131.042,194760.0,4,59.0
0.267,0.178,-19.545,1,0.0366,0.973,0.0971,0.418,78.927,5.13155,4,33.0
0.631,0.645,-5.641,1,0.0371,0.0602,0.0491,0.505,96.935,175361.0,4,46.0
0.604,0.818,-6.083,1,0.0379,0.00335,0.0411,0.697,102.993,196104.0,4,37.0
0.603,0.443,-7.73,1,0.0288,0.533,0.097,0.421,134.891,246227.0,4,51.0
0.478,0.969,-2.722,1,0.0618,2.06e-05,0.334,0.376,150.007,255400.0,4,44.0
0.443,0.737,-4.509,1,0.0293,0.00149,0.121,0.746,115.277,312227.0,4,51.0
0.685,0.36,-9.572,1,0.0568,0.18,0.112,0.597,160.448,204027.0,4,58.0
0.519,0.604,-11.011,0,0.0581,0.218,0.222,0.768,153.644,334040.0,1,36.0
0.565,0.953,-6.504,1,0.0393,0.0546,0.0637,0.887,124.287,2.18933333,4,56.0
0.488,0.754,-7.95,0,0.0381,0.00154,0.678,0.664,88.368,197160.0,4,65.0
0.392,0.751,-5.544,0,0.0347,0.000213,0.303,0.375,179.899,258800.0,4,39.0
0.526,0.9,-6.815,1,0.0545,0.00539,0.14,0.883,151.279,163240.0,4,63.0
0.343,0.739,-5.478,1,0.0714,0.474,0.0574,0.687,141.89,166187.0,4,32.0
0.532,0.943,-3.033,1,0.0925,6.13e-05,0.0717,0.759,134.676,216284.0,4,41.0
0.51,0.778,-5.23,0,0.0338,0.38,0.0724,0.695,79.984,316360.0,4,34.0
0.455,0.965,-4.24,0,0.0826,0.000676,0.226,0.155,119.04,246480.0,4,43.0
0.742,0.727,-6.914,1,0.487,0.0136,0.259,0.774,178.401,110253.0,4,49.0
0.339,0.903,-7.264,0,0.0794,0.000298,0.109,0.318,113.436,220235.0,5,32.0
0.581,0.777,-7.122,1,0.0296,0.0078,0.0891,0.162,98.963,284067.0,4,59.0
0.564,0.597,-9.464,1,0.0399,0.0759,0.106,0.232,120.061,9.184883333,4,6.0
0.356,0.772,-8.575,1,0.0437,0.000491,0.0647,0.271,184.719,257133.0,4,35.0
0.417,0.51,-6.988,1,0.0354,0.0137,0.159,0.334,155.954,599678.0,3,24.0
0.564,0.352,-10.788,1,0.0321,0.673,0.449,0.415,85.013,151913.0,4,60.0
0.458,0.731,-12.049,0,0.145,0.0487,0.116,0.784,80.425,218960.0,4,51.0
0.448,0.526,-8.513,0,0.0292,0.0069,0.208,0.119,100.007,186503.0,4,41.0
0.563,0.688,-4.474,1,0.0262,0.0763,0.0863,0.622,108.008,3.37245,4,72.0
0.366,0.979,-4.383,1,0.0518,0.00332,0.386,0.716,146.519,269893.0,4,33.0
0.45,0.923,-7.518,1,0.102,0.0473,0.325,0.529,185.989,210200.0,4,21.0
0.258,0.852,-4.439,1,0.0739,0.000697,0.182,0.489,112.116,236985.0,3,35.0
0.529,0.523,-6.925,1,0.0288,0.222,0.0981,0.503,89.921,231620.0,4,37.0
0.791,0.542,-8.668,0,0.0893,0.447,0.187,0.529,124.012,192000.0,4,33.0
0.709,0.679,-7.576,0,0.033,0.000244,0.222,0.308,109.963,245375.0,4,18.0
0.871,0.545,-10.489,1,0.189,0.0143,0.148,0.722,100.482,155720.0,4,82.0
0.441,0.752,-5.757,1,0.132,0.035,0.0902,0.492,140.239,216920.0,4,40.0
0.654,0.621,-8.555,1,0.0328,0.384,0.119,0.41,113.955,233448.0,4,47.0
0.435,0.0768,-23.67,1,0.0443,0.991,0.0815,0.264,75.006,1.88125,4,40.0
0.434,0.787,-6.28,0,0.085,0.791,0.118,0.586,78.033,5.538666667,4,33.0
0.353,0.725,-10.131,1,0.0422,0.00681,0.0289,0.402,82.831,182169.0,4,31.0
0.641,0.551,-6.165,1,0.0532,0.147,0.12,0.417,102.912,3.68151667,4,77.0
0.559,0.504,-6.686,0,0.333,0.577,0.216,0.675,126.655,185025.0,5,30.0
0.413,0.861,-6.259,0,0.0333,0.00735,0.306,0.477,126.343,251429.0,4,24.0
0.36,0.701,-6.347,1,0.0267,0.0215,0.134,0.725,172.043,231226.0,3,40.0
0.478,0.974,-3.866,1,0.102,0.000266,0.0738,0.268,141.077,248307.0,4,66.0
0.714,0.665,-8.213,0,0.198,0.000486,0.0728,0.885,129.924,238720.0,4,52.0
0.629,0.678,-5.839,1,0.0279,0.54,0.122,0.0635,90.049,250667.0,4,37.0
0.51,0.818,-3.205,1,0.157,0.0439,0.0801,0.574,154.561,202617.0,4,56.0
0.466,0.69,-7.007,1,0.0351,0.529,0.102,0.385,134.899,5.988183333,3,34.0
0.614,0.546,-6.858,1,0.0296,0.625,0.0957,0.435,87.353,3.155483333,4,53.0
0.461,0.862,-6.821,1,0.0309,2.28e-05,0.172,0.555,140.012,273509.0,4,22.0
0.54,0.811,-3.534,1,0.0315,0.00519,0.127,0.677,145.009,197738.0,4,45.0
0.458,0.701,-12.004,1,0.0355,9.18e-05,0.465,0.721,141.631,383827.0,4,35.0
0.534,0.449,-9.1,1,0.0363,0.779,0.147,0.607,81.065,358747.0,4,30.0
0.523,0.983,-3.421,1,0.196,0.00124,0.0728,0.404,139.017,272121.0,4,42.0
0.162,0.947,-3.174,0,0.113,0.0142,0.166,0.0563,132.31,203187.0,4,50.0
0.539,0.578,-8.522,1,0.0278,0.0987,0.28,0.353,102.03,191890.0,4,24.0
0.521,0.0774,-23.987,0,0.0418,0.941,0.118,0.183,120.755,5.20245,4,40.0
0.481,0.616,-9.93,0,0.032,0.132,0.0948,0.416,150.023,385907.0,4,37.0
0.474,0.528,-8.588,1,0.0276,0.526,0.109,0.364,144.366,3.788883333,4,53.0
0.672,0.706,-5.551,1,0.0779,0.0578,0.0595,0.658,124.782,197933.0,4,53.0
0.417,0.932,-4.096,0,0.0579,0.000221,0.412,0.184,79.998,226600.0,4,37.0
0.236,0.485,-8.975,1,0.0288,0.234,0.11,0.123,97.577,262200.0,4,37.0
0.634,0.514,-10.115,1,0.0836,0.189,0.123,0.639,99.979,173600.0,4,59.0
0.666,0.723,-5.104,0,0.0449,0.0151,0.057,0.546,159.962,158733.0,4,68.0
0.947,0.419,-13.043,0,0.0578,0.778,0.121,0.362,113.236,289841.0,4,55.0
0.407,0.738,-7.249,1,0.0309,0.0303,0.574,0.821,92.334,152049.0,4,35.0
0.421,0.598,-6.078,0,0.0487,0.0349,0.416,0.778,157.927,136960.0,4,39.0
0.403,0.579,-8.123,0,0.0388,0.128,0.096,0.236,100.019,209400.0,4,21.0
0.502,0.433,-14.619,0,0.0339,0.668,0.167,0.566,103.467,201600.0,4,41.0
0.373,0.174,-14.733,0,0.0302,0.868,0.195,0.514,99.799,225000.0,3,29.0
0.824,0.862,-3.424,1,0.126,0.0076,0.303,0.801,122.98,2.81921667,4,92.0
0.701,0.665,-8.584,1,0.229,0.814,0.109,0.754,167.795,211871.0,4,39.0
0.65,0.621,-6.6,1,0.0262,0.0651,0.107,0.76,106.005,145187.0,4,54.0
0.767,0.838,-5.51,0,0.077,0.000951,0.0406,0.781,125.985,431973.0,4,10.0
0.474,0.956,-4.442,0,0.0809,0.00124,0.114,0.589,168.148,277427.0,3,42.0
0.689,0.749,-6.492,1,0.029,0.256,0.214,0.922,92.028,179827.0,4,35.0
0.447,0.981,-1.641,0,0.151,2.45e-05,0.343,0.316,76.466,158680.0,4,33.0
0.447,0.81,-4.246,1,0.0379,0.000376,0.184,0.326,155.921,154761.0,4,29.0
0.749,0.699,-7.193,0,0.0469,0.0694,0.124,0.641,123.965,211360.0,4,47.0
0.706,0.535,-9.643,1,0.0347,0.139,0.309,0.687,116.001,3.7875,3,33.0
0.904,0.723,-5.224,0,0.26,0.0631,0.185,0.835,145.013,227478.0,4,82.0
0.576,0.753,-6.452,0,0.023,0.0506,0.348,0.86,95.765,352293.0,4,45.0
0.569,0.761,-5.508,1,0.0292,0.312,0.274,0.391,122.965,288283.0,4,7.0
0.424,0.924,-9.315,1,0.036,0.013,0.106,0.906,160.004,255000.0,4,32.0
0.673,0.357,-7.087,1,0.0288,0.434,0.313,0.547,107.984,2.72236667,3,46.0
0.51,0.385,-8.546,1,0.0298,0.312,0.108,0.115,173.945,261476.0,4,46.0
0.822,0.348,-12.348,1,0.131,0.333,0.0649,0.144,140.065,167427.0,4,51.0
0.503,0.903,-7.427,1,0.0527,0.0218,0.0861,0.0586,134.462,178493.0,1,46.0
0.508,0.155,-24.854,0,0.0399,0.942,0.121,0.589,125.242,2.92555,4,32.0
0.421,0.612,-8.864,0,0.0286,0.44,0.0996,0.167,159.993,377533.0,4,38.0
0.661,0.917,-3.774,0,0.039,0.0246,0.0808,0.76,98.275,166040.0,4,38.0
0.462,0.946,-5.363,1,0.045,0.000451,0.08,0.545,162.104,283027.0,4,34.0
0.332,0.179,-11.83,1,0.0326,0.879,0.0886,0.315,96.529,125667.0,4,76.0
0.737,0.869,-3.344,1,0.0386,0.364,0.2,0.825,125.951,201467.0,4,30.0
0.491,0.648,-5.17,1,0.0344,0.443,0.0937,0.153,127.973,297853.0,3,31.0
0.534,0.334,-14.154,1,0.0442,0.638,0.116,0.337,156.185,219733.0,4,24.0
0.526,0.972,-4.149,1,0.153,0.000318,0.253,0.696,150.922,154293.0,4,51.0
0.432,0.866,-4.889,1,0.0434,0.000601,0.156,0.289,148.006,294685.0,4,39.0
0.428,0.914,-4.273,0,0.281,0.000293,0.0869,0.468,124.115,172826.0,4,56.0
0.493,0.503,-8.193,1,0.0375,0.169,0.0827,0.595,157.09,174015.0,4,16.0
0.737,0.801,-7.328,0,0.0297,0.00316,0.0697,0.963,99.988,201867.0,4,42.0
0.889,0.607,-6.834,1,0.0671,0.093,0.113,0.851,135.001,128000.0,4,48.0
0.545,0.631,-7.741,1,0.348,0.202,0.129,0.434,174.587,165458.0,5,38.0
0.705,0.712,-6.156,1,0.0385,0.0102,0.1,0.62,97.512,299960.0,4,80.0
0.406,0.609,-7.232,1,0.0451,0.332,0.126,0.528,169.748,266013.0,4,36.0
0.317,0.924,-3.369,0,0.0497,0.0175,0.345,0.701,202.18,248707.0,4,39.0
0.521,0.542,-8.85,1,0.0424,0.149,0.164,0.71,105.62,230093.0,4,12.0
0.401,0.902,-4.115,1,0.0469,7.32e-05,0.261,0.57,136.873,174453.0,4,57.0
0.406,0.661,-6.131,1,0.0416,0.073,0.0811,0.286,110.615,281133.0,4,46.0
0.428,0.938,-5.434,0,0.148,0.0144,0.372,0.18,105.691,205266.0,4,27.0
0.529,0.843,-6.486,1,0.0331,0.00901,0.038,0.915,99.914,249992.0,4,23.0
0.858,0.767,-8.645,1,0.302,0.00666,0.0489,0.753,91.522,226800.0,4,53.0
0.681,0.741,-6.549,1,0.0381,0.524,0.082,0.707,92.913,242090.0,4,23.0
0.581,0.0509,-25.046,0,0.0377,0.854,0.124,0.269,118.494,2.50205,4,51.0
0.63,0.676,-6.403,1,0.0254,0.0662,0.103,0.706,95.969,298025.0,4,30.0
0.643,0.324,-7.817,1,0.0338,0.8,0.111,0.444,147.019,200940.0,4,70.0
0.48,0.303,-15.76,1,0.0389,0.386,0.126,0.131,90.019,170937.0,4,29.0
0.532,0.208,-11.161,1,0.0328,0.98,0.156,0.137,74.393,3.788883333,4,49.0
0.229,0.969,-4.701,1,0.214,0.000192,0.352,0.106,148.918,542587.0,4,45.0
0.537,0.315,-13.79,1,0.0271,0.588,0.206,0.575,86.813,190320.0,4,70.0
0.388,0.98,-5.984,0,0.149,2.28e-05,0.926,0.166,196.004,251440.0,4,57.0
0.451,0.931,-3.871,1,0.0719,0.00076,0.361,0.172,122.961,302840.0,4,78.0
0.861,0.662,-5.666,1,0.0818,0.081,0.101,0.658,120.029,196709.0,4,59.0
0.407,0.932,-5.166,0,0.0656,0.0105,0.36,0.821,120.0,203813.0,4,32.0
0.44,0.904,-4.409,0,0.177,0.275,0.106,0.546,138.104,167840.0,4,51.0
0.401,0.567,-9.327,1,0.0397,0.346,0.162,0.622,182.966,297881.0,4,40.0
0.788,0.746,-10.256,0,0.119,0.274,0.0966,0.281,110.994,387480.0,4,42.0
0.702,0.662,-4.748,1,0.208,0.396,0.137,0.607,194.001,175479.0,4,51.0
0.701,0.821,-4.496,0,0.0335,0.0276,0.0875,0.651,107.99,203333.0,4,44.0
0.676,0.686,-3.797,0,0.0458,0.475,0.318,0.736,140.053,225773.0,4,27.0
0.488,0.408,-8.373,0,0.0432,0.756,0.198,0.445,151.196,383133.0,3,38.0
0.282,0.648,-7.604,0,0.0291,0.012,0.216,0.117,91.536,331427.0,4,53.0
0.473,0.795,-6.631,1,0.055,0.203,0.166,0.0507,170.1,173346.0,4,40.0
0.306,0.164,-34.825,1,0.0691,0.893,0.336,0.0368,91.856,224145.0,4,52.0
0.592,0.339,-8.464,1,0.0629,0.984,0.121,0.676,89.083,181200.0,4,38.0
0.56,0.825,-6.711,0,0.0347,0.000785,0.0892,0.74,142.669,212600.0,4,70.0
0.442,0.689,-5.289,1,0.0251,0.00458,0.11,0.208,89.001,247968.0,3,64.0
0.548,0.924,-4.48,0,0.0689,0.00033,0.162,0.242,124.031,244538.0,4,66.0
0.58,0.748,-5.433,1,0.0323,0.00935,0.753,0.584,109.781,216760.0,4,71.0
0.373,0.914,-6.347,1,0.0608,0.00113,0.21,0.298,164.896,170162.0,4,30.0
0.564,0.671,-10.393,0,0.168,0.167,0.328,0.893,169.828,262972.0,4,23.0
0.19,0.964,-7.711,0,0.101,0.00549,0.33,0.295,173.578,162240.0,4,49.0
0.448,0.595,-7.73,0,0.0298,0.105,0.2,0.772,167.371,189893.0,4,29.0
0.428,0.978,-2.307,0,0.131,0.000286,0.128,0.319,145.052,189103.0,4,55.0
0.412,0.939,-5.573,1,0.168,0.0471,0.214,0.328,170.133,208707.0,4,41.0
0.528,0.904,-5.854,1,0.0343,0.000833,0.174,0.678,122.372,230040.0,4,61.0
0.612,0.862,-2.903,1,0.037,0.041,0.0907,0.354,123.849,2.67943333,4,83.0
0.59,0.716,-7.261,1,0.0528,0.00963,0.17,0.61,149.048,193867.0,4,37.0
0.547,0.513,-12.074,1,0.0299,0.591,0.0562,0.0748,127.953,4.914266667,4,16.0
0.703,0.41,-9.368,0,0.0407,0.501,0.344,0.559,128.042,170133.0,4,30.0
0.676,0.944,-3.896,1,0.11,0.238,0.191,0.866,150.211,184360.0,4,33.0
0.627,0.681,-4.468,1,0.366,0.0881,0.378,0.369,173.143,122916.0,4,51.0
0.512,0.78,-4.946,0,0.0409,0.0471,0.0856,0.609,93.998,160543.0,4,44.0
0.4,0.992,-6.995,1,0.0725,0.107,0.179,0.243,149.412,4.43621667,4,61.0
0.412,0.348,-10.229,1,0.029,0.255,0.103,0.427,137.469,300587.0,4,42.0
0.728,0.638,-6.455,0,0.0336,0.249,0.116,0.872,130.014,193030.0,4,73.0
0.283,0.891,-8.165,1,0.178,0.00678,0.159,0.226,92.049,258267.0,4,65.0
0.33,0.2,-15.352,1,0.039,0.95,0.12,0.0763,106.018,157533.0,3,21.0
0.603,0.494,-10.27,1,0.0301,0.428,0.0894,0.729,147.814,3.58266667,4,59.0
0.517,0.977,-4.627,1,0.0741,4.97e-05,0.105,0.135,121.503,228018.0,4,53.0
0.75,0.763,-5.367,0,0.0421,0.65,0.0703,0.816,115.926,209307.0,4,8.0
0.59,0.716,-7.261,1,0.0528,0.00963,0.17,0.61,149.048,193867.0,4,37.0
0.701,0.624,-7.05,0,0.0285,0.53,0.122,0.595,101.994,203087.0,4,33.0
0.404,0.926,-4.471,1,0.0722,0.0072,0.109,0.348,166.761,291740.0,4,29.0
0.339,0.595,-8.163,1,0.0278,0.00555,0.189,0.137,113.034,282046.0,4,53.0
0.64,0.651,-14.981,0,0.0517,0.142,0.0341,0.801,111.676,271573.0,4,71.0
0.584,0.209,-13.059,1,0.0759,0.945,0.124,0.193,113.369,3.952966667,4,45.0
0.682,0.761,-11.029,1,0.11,0.0367,0.0732,0.71,95.046,4.816666667,4,30.0
0.655,0.9,-6.267,1,0.0423,0.0447,0.269,0.885,109.984,252631.0,4,53.0
0.689,0.833,-4.175,1,0.0502,0.104,0.0861,0.91,116.014,222227.0,4,43.0
0.799,0.835,-4.403,1,0.204,0.63,0.0779,0.679,129.039,174884.0,4,34.0
0.74,0.895,-4.529,0,0.0415,0.354,0.0548,0.895,107.411,263227.0,4,43.0
0.502,0.966,-3.876,1,0.0946,0.00575,0.117,0.638,159.948,235613.0,4,62.0
0.311,0.906,-3.653,1,0.0505,0.0376,0.155,0.49,164.759,224973.0,4,25.0
0.197,0.118,-18.443,1,0.0441,0.967,0.0986,0.0654,118.195,3.64545,4,30.0
0.341,0.253,-10.552,1,0.0294,0.868,0.153,0.19,168.388,299613.0,4,34.0
0.24,0.864,-5.59,1,0.0421,0.000119,0.157,0.528,176.78,188166.0,3,42.0
0.381,0.868,-5.885,1,0.183,0.00429,0.259,0.499,110.727,239507.0,4,25.0
0.699,0.743,-8.258,0,0.0377,0.258,0.187,0.736,108.157,2.8997,4,40.0
0.472,0.608,-13.051,1,0.0358,0.000746,0.0835,0.512,81.75,186213.0,4,20.0
0.448,0.504,-7.749,0,0.0317,0.0171,0.38,0.391,135.254,319693.0,4,57.0
0.956,0.502,-5.995,1,0.213,0.0593,0.238,0.795,110.003,187000.0,4,78.0
0.582,0.859,-3.943,1,0.0399,0.000209,0.0841,0.61,121.968,172037.0,4,51.0
0.569,0.598,-6.203,0,0.0264,0.042,0.336,0.344,99.995,224400.0,4,35.0
0.67,0.716,-8.097,1,0.0656,0.000318,0.107,0.777,91.136,273240.0,4,26.0
0.521,0.924,-5.066,0,0.225,0.0364,0.0371,0.696,159.909,171027.0,4,50.0
0.814,0.754,-9.531,1,0.0739,0.0989,0.114,0.739,114.944,298000.0,4,42.0
0.705,0.331,-7.72,0,0.0323,0.791,0.133,0.517,104.017,141346.0,4,34.0
0.549,0.346,-15.646,1,0.032,0.347,0.356,0.453,109.591,317133.0,4,22.0
0.549,0.874,-7.012,1,0.0277,0.44,0.111,0.355,103.991,223077.0,4,16.0
0.708,0.665,-6.834,1,0.168,0.0775,0.0651,0.662,136.092,255093.0,4,7.0
0.344,0.656,-4.657,1,0.0586,0.082,0.211,0.39,139.048,4.2605,4,30.0
0.763,0.599,-6.194,1,0.12,0.519,0.148,0.614,122.802,220840.0,4,42.0
0.678,0.92,-6.515,0,0.111,0.226,0.104,0.544,136.008,262140.0,4,29.0
0.52,0.683,-11.416,1,0.0801,0.688,0.263,0.544,91.914,252089.0,4,36.0
0.475,0.922,-3.579,0,0.0446,0.0092,0.327,0.488,125.971,168812.0,4,32.0
0.601,0.321,-11.354,1,0.0441,0.528,0.115,0.519,169.739,3.703383333,3,46.0
0.436,0.594,-8.195,1,0.0466,0.252,0.251,0.503,111.381,534667.0,4,39.0
0.642,0.794,-7.908,1,0.0309,6.98e-05,0.146,0.785,119.55,277867.0,4,70.0
0.3,0.998,-1.7,1,0.084,0.00039,0.376,0.379,181.866,202573.0,4,42.0
0.932,0.5,-7.174,0,0.215,0.0027,0.266,0.39,119.952,232000.0,4,37.0
0.366,0.379,-11.534,1,0.0362,0.886,0.102,0.0753,139.473,202560.0,4,49.0
0.664,0.535,-7.348,1,0.05,0.465,0.27,0.361,85.154,163509.0,4,43.0
0.581,0.297,-7.681,1,0.0354,0.251,0.123,0.329,95.691,3.6952,4,48.0
0.534,0.868,-8.532,1,0.0634,0.000776,0.358,0.372,140.06,169710.0,4,39.0
0.547,0.969,-4.774,1,0.0914,1.87e-05,0.385,0.296,133.011,225133.0,4,50.0
0.488,0.727,-4.835,1,0.0298,0.0231,0.291,0.333,94.032,258107.0,4,25.0
0.352,0.621,-9.036,1,0.033,0.000114,0.0974,0.218,123.817,318560.0,4,38.0
0.472,0.63,-9.556,0,0.0369,0.00131,0.161,0.511,151.913,167389.0,4,45.0
0.268,0.567,-17.114,0,0.0355,0.0529,0.157,0.518,163.057,550507.0,4,49.0
0.406,0.682,-6.281,1,0.0584,0.000413,0.0999,0.623,82.495,223980.0,4,59.0
0.647,0.729,-6.251,1,0.0236,0.0206,0.134,0.687,94.01,249627.0,4,76.0
0.541,0.0413,-22.75,0,0.0777,0.95,0.175,0.379,112.932,1.98,3,23.0
0.763,0.141,-14.608,0,0.161,0.0372,0.699,0.295,130.088,187923.0,4,9.0
0.567,0.763,-4.361,0,0.0579,0.15,0.0704,0.777,111.079,202844.0,4,42.0
0.424,0.944,-2.552,0,0.0391,9.04e-06,0.357,0.389,158.089,158333.0,4,41.0
0.908,0.557,-4.243,0,0.107,0.242,0.0709,0.897,90.032,230133.0,4,73.0
0.768,0.852,-6.215,1,0.038,0.214,0.0723,0.867,128.373,271240.0,4,79.0
0.465,0.919,-4.025,1,0.0408,1.83e-05,0.262,0.537,135.997,235293.0,4,74.0
0.5,0.271,-16.683,1,0.0282,0.277,0.156,0.366,141.682,394867.0,4,28.0
0.784,0.149,-15.589,0,0.0669,0.675,0.072,0.329,140.0,148120.0,4,36.0
0.631,0.282,-14.755,0,0.0635,0.35,0.229,0.556,92.336,300707.0,4,30.0
0.593,0.2,-11.063,1,0.0311,0.904,0.0897,0.17,83.966,255067.0,4,72.0
0.65,0.677,-7.187,1,0.0352,0.3,0.362,0.506,154.006,217947.0,4,34.0
0.53,0.888,-5.128,1,0.0282,0.132,0.425,0.833,136.123,203173.0,4,45.0
0.64,0.873,-5.221,0,0.0527,0.055,0.0579,0.699,118.001,176962.0,4,10.0
0.419,0.573,-9.166,1,0.0321,0.00026,0.597,0.165,145.637,392000.0,4,47.0
0.775,0.91,-2.441,1,0.0566,0.0902,0.0962,0.564,129.973,190273.0,4,39.0
0.577,0.821,-6.069,0,0.0681,0.0458,0.235,0.619,87.513,198927.0,4,55.0
0.438,0.2,-17.154,1,0.0297,0.919,0.13,0.333,81.898,271987.0,4,27.0
0.537,0.0765,-23.822,1,0.0528,0.697,0.0789,0.362,183.332,220032.0,3,25.0
0.528,0.694,-12.294,0,0.057,0.00866,0.141,0.716,131.287,221200.0,4,47.0
0.546,0.411,-9.308,1,0.0475,0.701,0.0955,0.528,79.785,3.6417,4,51.0
0.63,0.942,-5.186,1,0.0869,0.141,0.0958,0.753,136.155,202293.0,4,55.0
0.553,0.408,-7.476,1,0.0328,0.837,0.13,0.16,124.312,203360.0,4,36.0
0.641,0.703,-10.434,1,0.0518,0.397,0.104,0.722,129.118,156800.0,4,62.0
0.559,0.589,-8.002,1,0.0364,0.188,0.104,0.585,175.361,217587.0,4,39.0
0.787,0.472,-12.824,1,0.0832,0.221,0.153,0.824,120.059,330643.0,4,70.0
0.533,0.985,-2.693,1,0.0793,0.00592,0.342,0.603,114.978,155347.0,4,17.0
0.832,0.396,-14.664,1,0.245,0.0136,0.0908,0.216,95.717,307547.0,4,34.0
0.225,0.618,-9.922,0,0.0331,0.00137,0.079,0.567,144.724,312253.0,4,57.0
0.362,0.317,-10.549,0,0.0319,0.917,0.112,0.314,102.415,3.708833333,4,42.0
0.898,0.529,-5.428,1,0.2,0.0699,0.536,0.8,110.032,188963.0,4,70.0
0.856,0.709,-7.432,0,0.222,0.349,0.225,0.856,110.009,279500.0,4,71.0
0.502,0.922,-3.911,1,0.351,0.767,0.239,0.741,129.215,5.60355,3,9.0
0.387,0.417,-8.408,1,0.0286,0.571,0.0771,0.316,140.636,202977.0,3,12.0
0.724,0.695,-5.226,1,0.0622,0.073,0.0889,0.235,139.0,3.74,4,77.0
0.558,0.328,-8.156,1,0.0265,0.896,0.109,0.39,97.519,174268.0,4,39.0
0.701,0.323,-10.418,1,0.0326,0.923,0.0927,0.403,124.022,342401.0,3,40.0
0.567,0.984,-4.269,0,0.0904,6.06e-05,0.224,0.437,131.031,188987.0,4,37.0
0.385,0.694,-6.629,1,0.0562,0.0704,0.147,0.582,169.852,173640.0,3,37.0
0.743,0.741,-5.717,1,0.0415,0.121,0.0836,0.508,107.958,257033.0,4,47.0
0.545,0.365,-8.97,1,0.0396,0.136,0.201,0.233,150.125,210166.0,4,59.0
0.58,0.981,-2.603,0,0.06,0.0171,0.386,0.861,134.007,195667.0,4,64.0
0.466,0.257,-13.707,0,0.036,0.673,0.0957,0.397,107.296,255560.0,4,3.0
0.631,0.515,-9.038,1,0.0245,0.0339,0.116,0.381,154.935,282853.0,4,49.0
0.634,0.654,-5.351,0,0.0547,0.0584,0.199,0.782,149.782,135703.0,4,48.0
0.6,0.915,-2.087,0,0.0665,0.00593,0.484,0.589,119.008,207000.0,4,57.0
0.715,0.52,-6.933,1,0.0265,0.391,0.0797,0.769,108.991,188411.0,4,49.0
0.607,0.813,-5.825,0,0.0936,0.0019,0.305,0.195,133.962,325502.0,4,58.0
0.243,0.988,-3.485,1,0.197,6.17e-05,0.341,0.277,89.905,316493.0,4,54.0
0.737,0.678,-7.011,0,0.0962,0.114,0.123,0.698,102.051,231826.0,4,73.0
0.206,0.0999,-17.834,1,0.039,0.982,0.106,0.0576,74.726,250160.0,4,48.0
0.368,0.769,-5.002,1,0.0731,0.000153,0.0657,0.378,187.239,196804.0,4,60.0
0.569,0.987,-3.565,0,0.0492,0.000506,0.315,0.509,100.975,314446.0,4,58.0
0.613,0.478,-8.589,1,0.0822,0.105,0.393,0.174,146.413,162741.0,4,52.0
0.375,0.938,-3.735,1,0.0861,0.00148,0.403,0.583,80.117,177547.0,4,22.0
0.692,0.696,-7.949,1,0.0796,0.114,0.12,0.382,119.981,186027.0,4,40.0
0.361,0.577,-4.456,0,0.0286,0.246,0.0627,0.134,151.768,213947.0,4,36.0
0.453,0.654,-8.855,0,0.0317,0.0205,0.172,0.702,115.0,285000.0,4,69.0
0.477,0.899,-6.058,1,0.121,0.000238,0.0598,0.555,104.822,256293.0,4,45.0
0.436,0.178,-13.36,1,0.0448,0.996,0.259,0.464,111.858,202240.0,4,39.0
0.728,0.412,-9.236,1,0.302,0.624,0.0964,0.502,77.861,249012.0,4,50.0
0.207,0.993,-6.904,1,0.17,5.59e-05,0.109,0.0394,99.91,276992.0,3,29.0
0.44,0.267,-15.612,1,0.0465,0.872,0.284,0.287,90.907,3.129116667,4,38.0
0.667,0.717,-5.056,1,0.0245,0.285,0.0807,0.617,96.015,3.810666667,4,2.0
0.247,0.66,-7.631,1,0.0369,0.0148,0.0884,0.612,114.801,170840.0,4,44.0
0.798,0.783,-7.061,0,0.0319,0.0205,0.349,0.839,128.009,212666.0,4,27.0
0.531,0.668,-9.494,1,0.115,0.218,0.307,0.434,134.446,314440.0,4,54.0
0.507,0.365,-8.175,1,0.03,0.805,0.0833,0.248,123.969,241063.0,4,36.0
0.516,0.95,-3.857,0,0.127,0.000356,0.0828,0.321,151.989,245517.0,4,52.0
0.193,0.995,-3.579,1,0.223,0.00214,0.773,0.218,172.855,237533.0,4,23.0
0.567,0.919,-4.425,1,0.0713,0.0108,0.0819,0.593,116.033,226347.0,4,45.0
0.318,0.303,-15.572,0,0.0302,0.664,0.113,0.226,174.254,197275.0,4,60.0
0.591,0.851,-9.215,1,0.0373,0.0351,0.0446,0.623,95.0,205947.0,4,31.0
0.33,0.963,-1.163,0,0.0678,1.35e-06,0.194,0.593,160.004,261360.0,4,39.0
0.551,0.982,-2.61,1,0.0507,0.0134,0.387,0.554,108.09,160973.0,4,46.0
0.856,0.319,-14.21,0,0.0581,0.738,0.192,0.596,119.981,190960.0,4,43.0
0.615,0.821,-6.422,0,0.0647,0.00918,0.219,0.391,125.039,214760.0,4,44.0
0.307,0.792,-10.188,1,0.0415,0.0129,0.0757,0.667,176.852,257293.0,4,43.0
0.757,0.33,-11.803,1,0.0293,0.573,0.232,0.341,133.995,169466.0,4,42.0
0.533,0.162,-15.774,1,0.055,0.994,0.12,0.764,182.717,181551.0,4,28.0
0.358,0.845,-8.258,1,0.0632,0.549,0.106,0.398,170.051,141628.0,4,27.0
0.626,0.597,-9.943,0,0.33,0.614,0.122,0.578,80.985,221099.0,4,59.0
0.236,0.948,-5.621,0,0.25,0.0428,0.354,0.0983,84.768,273973.0,4,39.0
0.577,0.956,-4.568,1,0.121,0.000233,0.0916,0.0803,129.971,161000.0,4,24.0
0.605,0.988,-3.768,1,0.0693,0.0334,0.312,0.763,93.965,319253.0,4,11.0
0.208,0.442,-13.192,1,0.0308,0.658,0.131,0.534,82.067,2.863116667,5,43.0
0.623,0.417,-8.699,1,0.0354,0.296,0.135,0.721,130.032,191360.0,4,75.0
0.67,0.532,-5.905,0,0.029,0.465,0.186,0.444,101.964,247430.0,4,26.0
0.386,0.761,-4.266,0,0.0433,0.553,0.0729,0.227,129.935,5.26755,3,23.0
0.512,0.405,-13.649,0,0.299,0.727,0.726,0.516,159.745,198827.0,4,48.0
0.499,0.825,-5.146,1,0.177,0.13,0.306,0.753,185.069,3.688883333,4,64.0
0.829,0.408,-16.117,0,0.125,0.811,0.107,0.406,132.976,288331.0,4,38.0
0.551,0.839,-4.555,1,0.0787,0.0818,0.151,0.681,116.051,144013.0,4,62.0
0.496,0.947,-2.332,1,0.0555,0.000148,0.366,0.328,105.006,257114.0,4,33.0
0.859,0.635,-9.532,0,0.193,0.0356,0.13,0.53,96.571,271067.0,4,48.0
0.131,0.945,-5.546,0,0.0723,3.1e-06,0.311,0.211,145.022,247620.0,4,28.0
0.639,0.641,-6.187,1,0.037,0.227,0.104,0.665,124.953,144000.0,4,40.0
0.291,0.942,-5.213,0,0.124,0.00198,0.247,0.595,151.849,212493.0,4,38.0
0.673,0.704,-7.381,0,0.0559,0.0154,0.68,0.0965,136.999,231241.0,4,40.0
0.576,0.485,-7.335,0,0.0383,0.175,0.0994,0.359,93.716,206635.0,4,42.0
0.235,0.989,-3.79,1,0.185,1.91e-05,0.56,0.213,169.966,251573.0,4,37.0
0.448,0.985,-1.28,0,0.0446,0.00961,0.0896,0.102,135.023,304880.0,4,47.0
0.703,0.639,-7.341,1,0.0316,0.00976,0.165,0.622,138.048,220597.0,4,53.0
0.691,0.747,-7.237,0,0.0304,0.224,0.18,0.832,140.042,221629.0,4,6.0
0.62,0.872,-5.351,1,0.0456,0.00138,0.272,0.695,92.525,167427.0,4,45.0
0.665,0.709,-3.643,1,0.037,0.0371,0.323,0.841,100.001,205049.0,4,50.0
0.561,0.706,-9.446,1,0.029,0.00263,0.122,0.569,126.077,244867.0,4,63.0
0.43,0.778,-6.505,0,0.0719,0.00228,0.0605,0.54,86.894,265213.0,4,34.0
0.436,0.655,-8.37,0,0.0583,0.499,0.688,0.412,121.002,279204.0,4,89.0
0.336,0.969,-5.362,0,0.0943,1.49e-05,0.291,0.247,124.016,239027.0,4,33.0
0.601,0.402,-9.173,0,0.0301,0.333,0.0929,0.284,128.101,196387.0,4,27.0
0.292,0.0382,-17.212,1,0.0378,0.927,0.101,0.167,53.081,3.023166667,4,54.0
0.745,0.482,-11.247,1,0.45,0.465,0.0983,0.726,143.338,198042.0,4,48.0
0.555,0.587,-5.797,1,0.0249,0.37,0.0895,0.873,156.951,242347.0,4,34.0
0.428,0.677,-7.464,1,0.0933,0.0229,0.342,0.105,103.986,343773.0,4,12.0
0.813,0.649,-7.615,1,0.0818,0.108,0.357,0.972,142.738,260070.0,4,41.0
0.878,0.779,-7.283,1,0.135,0.118,0.104,0.778,115.009,183746.0,4,58.0
0.873,0.62,-8.812,1,0.293,0.0113,0.0925,0.574,105.332,204133.0,4,53.0
0.669,0.727,-4.98,1,0.204,0.0177,0.0753,0.601,131.028,195918.0,5,43.0
0.555,0.927,-4.167,0,0.0708,0.00155,0.209,0.848,156.031,212016.0,4,45.0
0.392,0.751,-5.544,0,0.0347,0.000213,0.303,0.375,179.899,258800.0,4,39.0
0.453,0.91,-4.55,1,0.321,0.00236,0.129,0.665,158.36,206842.0,4,12.0
0.499,0.97,-2.838,1,0.116,0.000683,0.0871,0.0506,106.558,340132.0,4,66.0
0.527,0.973,-3.203,0,0.19,0.000756,0.361,0.131,134.942,122222.0,4,53.0
0.718,0.111,-25.174,0,0.851,0.634,0.118,0.298,120.82,172093.0,4,5.0
0.626,0.04,-19.994,1,0.0405,0.928,0.11,0.418,117.136,2.31,4,59.0
0.761,0.797,-4.818,0,0.0645,0.123,0.196,0.782,119.975,182619.0,4,56.0
0.699,0.729,-4.633,0,0.331,0.392,0.262,0.707,78.057,174034.0,4,28.0
0.487,0.951,-3.85,0,0.0381,1.42e-05,0.136,0.654,146.609,192451.0,4,13.0
0.482,0.847,-10.456,0,0.0528,0.0791,0.126,0.702,125.111,228960.0,4,32.0
0.712,0.783,-4.908,0,0.0784,0.0972,0.193,0.357,120.113,186025.0,4,22.0
0.592,0.617,-5.476,1,0.0438,0.00774,0.126,0.629,119.085,237467.0,4,34.0
0.599,0.0424,-12.099,1,0.0572,0.996,0.185,0.186,90.001,176133.0,4,44.0
0.761,0.797,-4.818,0,0.0645,0.123,0.196,0.782,119.975,182619.0,4,56.0
0.417,0.958,-3.604,0,0.122,0.00592,0.11,0.176,129.933,211096.0,4,50.0
0.813,0.415,-5.926,1,0.0349,0.777,0.131,0.667,91.921,2.83908333,4,76.0
0.889,0.453,-8.782,1,0.261,0.0274,0.156,0.428,140.025,200168.0,4,71.0
0.639,0.385,-9.738,1,0.0366,0.909,0.114,0.399,127.229,4.525583333,4,41.0
0.799,0.687,-5.682,1,0.0431,0.193,0.0307,0.965,108.804,215773.0,4,72.0
0.834,0.663,-6.143,1,0.133,0.235,0.372,0.774,121.876,146523.0,4,80.0
0.554,0.378,-6.7,1,0.0302,0.868,0.11,0.319,124.862,232919.0,4,63.0
0.663,0.479,-13.037,0,0.0323,0.796,0.148,0.618,133.371,344813.0,4,33.0
0.537,0.267,-14.06,0,0.031,0.695,0.0983,0.219,135.966,3.65688333,4,44.0
0.572,0.567,-8.432,1,0.0298,0.00177,0.0689,0.29,130.018,313919.0,4,56.0
0.607,0.422,-13.364,0,0.499,0.209,0.0839,0.563,130.47,226987.0,3,72.0
0.355,0.791,-7.565,1,0.0453,0.00045,0.0969,0.758,106.392,285200.0,4,73.0
0.456,0.776,-6.999,0,0.0348,0.0423,0.148,0.223,174.261,358600.0,4,55.0
0.747,0.288,-8.377,0,0.0508,0.879,0.173,0.436,84.029,201839.0,4,36.0
0.516,0.494,-11.077,0,0.0311,0.403,0.112,0.814,89.452,194333.0,3,40.0
0.301,0.416,-16.015,1,0.0348,0.0296,0.329,0.517,89.081,235133.0,4,24.0
0.863,0.916,-4.523,1,0.137,0.0829,0.566,0.964,145.182,272587.0,4,54.0
0.644,0.433,-7.568,1,0.0346,0.742,0.129,0.611,85.799,206003.0,4,47.0
0.405,0.943,-5.399,0,0.0929,7.95e-05,0.159,0.521,175.008,227707.0,4,47.0
0.675,0.38,-8.622,0,0.0315,0.715,0.174,0.7,94.92,216095.0,4,60.0
0.758,0.779,-4.405,1,0.038,0.000717,0.109,0.588,124.987,147908.0,4,63.0
0.634,0.368,-14.953,0,0.0271,0.236,0.0667,0.796,102.446,229000.0,4,44.0
0.551,0.796,-5.627,0,0.0353,0.000563,0.12,0.356,98.006,235560.0,4,48.0
0.804,0.769,-5.675,0,0.349,0.0302,0.286,0.876,79.042,164127.0,4,56.0
0.778,0.846,-3.442,1,0.0355,0.0672,0.0641,0.597,111.994,156781.0,4,36.0
0.476,0.318,-10.953,1,0.0304,0.78,0.104,0.311,126.495,3.55045,4,55.0
0.445,0.968,-2.563,1,0.207,1.29e-05,0.338,0.326,114.92,207391.0,4,51.0
0.531,0.939,-4.886,1,0.0522,0.000456,0.162,0.393,128.047,224165.0,4,52.0
0.868,0.795,-6.044,1,0.269,0.0012,0.0461,0.819,166.0,156945.0,4,90.0
0.452,0.952,-6.499,1,0.218,0.00442,0.302,0.305,168.065,272800.0,4,49.0
0.575,0.467,-10.414,0,0.031,0.823,0.379,0.296,108.544,1.270883333,4,22.0
0.626,0.816,-10.593,1,0.131,0.237,0.104,0.798,105.307,2.74688333,4,71.0
0.531,0.711,-4.933,1,0.0398,0.000204,0.108,0.279,155.068,256307.0,4,66.0
0.521,0.765,-10.942,1,0.0367,0.000548,0.114,0.719,120.674,248827.0,4,42.0
0.454,0.0994,-19.617,1,0.0356,0.978,0.103,0.154,79.299,2.466666667,4,26.0
0.384,0.936,-6.933,1,0.0745,4.8e-05,0.333,0.375,110.124,217293.0,4,38.0
0.559,0.457,-9.995,1,0.0291,0.517,0.105,0.457,105.034,3.816633333,4,37.0
0.64,0.304,-10.41,1,0.0522,0.815,0.0943,0.291,119.316,153529.0,3,18.0
0.528,0.694,-7.981,1,0.0419,0.0621,0.105,0.493,179.945,205880.0,3,46.0
0.618,0.793,-5.711,1,0.0601,0.204,0.126,0.459,101.015,347526.0,4,73.0
0.552,0.333,-7.836,1,0.027,0.0868,0.557,0.274,139.657,119371.0,4,68.0
0.524,0.797,-4.777,1,0.0329,0.209,0.286,0.783,159.859,3.797333333,4,58.0
0.557,0.833,-4.559,1,0.0663,0.00226,0.161,0.815,125.205,253307.0,4,57.0
0.649,0.798,-5.589,0,0.0264,0.136,0.269,0.792,111.941,247051.0,4,35.0
0.755,0.662,-7.158,1,0.413,0.507,0.101,0.611,160.049,231000.0,4,34.0
0.424,0.873,-5.404,1,0.0542,0.202,0.0741,0.759,180.042,154813.0,4,42.0
0.641,0.224,-11.891,1,0.0325,0.627,0.112,0.159,119.875,269573.0,4,44.0
0.832,0.549,-8.259,0,0.0602,0.168,0.11,0.384,140.045,181496.0,4,71.0
0.575,0.56,-8.01,0,0.0298,0.416,0.305,0.357,134.936,263440.0,4,18.0
0.858,0.16,-12.982,0,0.0532,0.8,0.0901,0.574,110.078,248591.0,4,40.0
0.228,0.966,-5.959,1,0.0565,2.7e-05,0.337,0.337,139.78,503760.0,4,46.0
0.46,0.748,-5.52,0,0.0426,0.0575,0.121,0.261,126.325,260293.0,4,41.0
0.45,0.503,-8.192,1,0.0287,0.718,0.911,0.205,87.634,4.986,4,39.0
0.385,0.949,-3.369,1,0.0459,0.00501,0.113,0.517,166.137,226347.0,4,58.0
0.808,0.848,-5.851,1,0.0511,0.000368,0.0512,0.769,124.972,189140.0,4,48.0
0.799,0.672,-7.545,1,0.0341,0.00137,0.141,0.757,124.01,173007.0,4,20.0
0.859,0.625,-4.234,0,0.13,0.0296,0.0537,0.71,102.072,222560.0,4,61.0
0.507,0.723,-5.747,1,0.175,0.00831,0.195,0.706,142.935,206434.0,4,60.0
0.457,0.948,-3.364,1,0.0354,0.0191,0.0536,0.878,148.0,3.482666667,4,74.0
0.726,0.817,-6.397,0,0.0334,0.399,0.0871,0.501,126.977,222976.0,4,46.0
0.589,0.438,-7.431,0,0.0277,0.573,0.128,0.0752,127.329,204825.0,4,71.0
0.331,0.164,-20.87,1,0.0431,0.94,0.112,0.408,181.035,242000.0,5,24.0
0.442,0.78,-5.576,1,0.0479,0.007,0.167,0.666,154.001,236787.0,4,38.0
0.327,0.841,-4.963,1,0.062,0.000101,0.127,0.455,180.058,226119.0,4,37.0
0.607,0.654,-5.915,1,0.0962,0.469,0.085,0.294,93.473,250509.0,4,65.0
0.453,0.741,-6.269,0,0.0314,0.00943,0.197,0.597,78.485,279280.0,4,40.0
0.623,0.845,-7.485,0,0.0727,0.00114,0.126,0.539,117.968,219193.0,4,32.0
0.912,0.746,-7.013,0,0.108,0.00583,0.139,0.583,103.998,123810.0,4,38.0
0.424,0.746,-4.912,0,0.0368,0.366,0.15,0.437,81.202,206672.0,4,39.0
0.661,0.0187,-28.545,1,0.0368,0.944,0.192,0.254,81.995,147805.0,4,31.0
0.338,0.276,-7.246,0,0.0402,0.915,0.107,0.427,190.773,178285.0,3,52.0
0.81,0.344,-8.963,0,0.0326,0.125,0.0723,0.827,102.004,180480.0,4,48.0
0.36,0.313,-12.562,1,0.0327,0.947,0.0963,0.285,80.065,204000.0,3,8.0
0.697,0.572,-13.677,1,0.0407,0.00689,0.0899,0.0322,121.993,229238.0,4,34.0
0.377,0.512,-7.472,1,0.0279,0.509,0.0656,0.267,169.583,225199.0,4,17.0
0.744,0.803,-6.445,1,0.202,0.0259,0.555,0.574,94.088,250200.0,4,49.0
0.643,0.691,-9.628,0,0.0299,0.242,0.222,0.656,96.003,5.686216667,4,24.0
0.553,0.616,-6.169,1,0.0344,0.0117,0.162,0.29,84.954,2.9084,4,27.0
0.782,0.515,-12.48,1,0.079,0.0339,0.089,0.451,118.543,192783.0,4,37.0
0.62,0.438,-6.176,1,0.0302,0.766,0.366,0.255,111.803,216830.0,4,52.0
0.359,0.562,-11.706,1,0.0434,0.877,0.0837,0.519,92.685,6.954666667,4,37.0
0.518,0.858,-6.147,1,0.0672,0.00563,0.0598,0.249,117.897,309973.0,4,69.0
0.642,0.654,-4.758,1,0.0293,0.317,0.33,0.336,84.998,234541.0,4,35.0
0.537,0.713,-6.25,1,0.0272,0.227,0.1,0.367,93.198,189651.0,4,58.0
0.64,0.487,-6.599,0,0.0438,0.834,0.148,0.59,112.316,260720.0,4,19.0
0.741,0.666,-3.938,0,0.228,0.119,0.175,0.276,148.887,206197.0,4,58.0
0.446,0.895,-4.102,1,0.115,0.00593,0.0752,0.41,164.037,169813.0,4,28.0
0.523,0.602,-10.014,0,0.0285,0.000929,0.0589,0.0994,144.029,594000.0,4,40.0
0.707,0.562,-9.751,1,0.0664,0.654,0.117,0.26,141.988,260005.0,4,32.0
0.669,0.932,-5.19,1,0.0404,0.0761,0.191,0.835,119.986,184132.0,4,2.0
0.644,0.639,-8.597,1,0.0364,0.0831,0.212,0.63,89.936,221388.0,4,30.0
0.618,0.638,-4.694,1,0.0427,0.37,0.0902,0.517,169.988,2.921116667,4,37.0
0.661,0.342,-16.361,0,0.043,0.844,0.26,0.588,146.118,188400.0,4,61.0
0.69,0.494,-9.147,0,0.0275,0.407,0.114,0.84,127.314,205053.0,4,49.0
0.326,0.771,-9.388,0,0.043,0.0215,0.113,0.89,165.669,205160.0,4,34.0
0.393,0.904,-7.683,0,0.0442,5.27e-06,0.0937,0.497,89.562,307307.0,4,28.0
0.732,0.349,-9.386,0,0.0362,0.718,0.125,0.77,107.014,207307.0,4,28.0
0.483,0.5,-9.403,1,0.0241,0.354,0.103,0.368,95.981,292853.0,4,59.0
0.277,0.814,-5.321,1,0.0523,0.00571,0.467,0.313,186.062,200528.0,4,28.0
0.272,0.947,-5.327,1,0.121,0.00122,0.769,0.0577,179.935,362653.0,3,21.0
0.663,0.26,-11.577,1,0.0312,0.84,0.111,0.32,118.061,3.6224,4,56.0
0.764,0.763,-6.485,1,0.0426,0.123,0.216,0.579,116.054,241913.0,4,15.0
0.597,0.628,-14.06,1,0.0351,0.247,0.199,0.77,95.33,3.036666667,4,46.0
0.666,0.723,-5.104,0,0.0449,0.0151,0.057,0.546,159.962,158733.0,4,68.0
0.494,0.805,-8.241,0,0.0815,9.93e-05,0.485,0.287,98.001,253000.0,4,19.0
0.329,0.929,-8.5,1,0.886,0.688,0.263,0.133,86.88,141107.0,4,33.0
0.681,0.637,-5.589,1,0.059,0.921,0.811,0.975,147.192,2.906133333,4,2.0
0.522,0.0945,-17.913,0,0.0365,0.947,0.158,0.134,94.084,4.410433333,3,54.0
0.503,0.888,-2.914,0,0.0368,0.000164,0.345,0.452,170.067,196200.0,4,50.0
0.928,0.322,-10.334,0,0.0838,0.221,0.115,0.468,109.999,245621.0,4,70.0
0.39,0.694,-11.783,1,0.0399,0.00299,0.0757,0.795,115.197,235707.0,4,56.0
0.32,0.609,-9.543,0,0.0762,0.717,0.593,0.598,171.3,6.127116667,4,24.0
0.849,0.476,-10.479,1,0.445,0.0965,0.105,0.48,83.21,277133.0,4,59.0
0.588,0.72,-10.572,0,0.0368,0.0194,0.145,0.604,108.682,371853.0,4,42.0
0.343,0.961,-2.271,1,0.0688,0.00187,0.236,0.449,166.983,201557.0,4,54.0
0.408,0.967,-3.133,1,0.361,0.0104,0.0354,0.277,99.788,217619.0,4,55.0
0.745,0.586,-12.487,1,0.0359,0.457,0.119,0.604,115.857,456640.0,4,50.0
0.943,0.777,-4.273,1,0.2,0.00839,0.278,0.711,135.0,170733.0,4,41.0
0.647,0.482,-8.591,1,0.0262,0.29,0.232,0.437,142.648,3.651333333,4,65.0
0.726,0.537,-8.896,1,0.113,0.316,0.0707,0.887,96.91,145707.0,4,70.0
0.429,0.65,-9.713,0,0.0723,0.946,0.568,0.902,175.488,3.547783333,4,4.0
0.369,0.995,-2.584,0,0.12,7.6e-05,0.241,0.27,185.985,250253.0,4,65.0
0.591,0.754,-6.113,1,0.0272,0.0129,0.0965,0.369,111.95,250177.0,4,29.0
0.447,0.0848,-18.481,0,0.0378,0.954,0.113,0.268,109.703,3.066116667,4,48.0
0.608,0.547,-8.151,1,0.0368,0.131,0.0974,0.108,99.947,174406.0,4,79.0
0.48,0.817,-6.227,0,0.0465,0.00652,0.101,0.232,119.989,284549.0,3,38.0
0.675,0.766,-2.625,0,0.0399,0.0211,0.0958,0.562,118.957,215067.0,4,43.0
0.659,0.527,-7.436,0,0.0469,0.427,0.0752,0.553,144.915,196253.0,4,27.0
0.337,0.724,-8.155,0,0.221,0.0394,0.123,0.564,69.21,245720.0,4,26.0
0.457,0.909,-9.451,1,0.0317,0.0016,0.135,0.755,115.998,156667.0,4,66.0
0.476,0.666,-9.309,1,0.0346,0.297,0.0316,0.855,182.107,253867.0,4,54.0
0.395,0.397,-7.556,1,0.0368,0.735,0.11,0.303,70.568,4.746333333,4,64.0
0.859,0.777,-7.737,1,0.357,0.314,0.315,0.378,79.975,180563.0,4,26.0
0.586,0.0976,-17.64,1,0.0611,0.989,0.266,0.841,146.461,182047.0,3,28.0
0.672,0.526,-6.446,1,0.0599,0.0311,0.28,0.28,123.999,143747.0,4,51.0
0.628,0.351,-13.529,0,0.0317,0.905,0.221,0.333,115.006,183637.0,1,16.0
0.402,0.76,-8.138,0,0.0386,1.05e-05,0.0791,0.199,74.999,300503.0,4,48.0
0.584,0.59,-7.479,1,0.0323,0.533,0.0906,0.628,122.042,207213.0,4,26.0
0.809,0.545,-6.678,1,0.0735,0.392,0.151,0.244,97.008,180435.0,4,81.0
0.63,0.524,-13.34,1,0.0391,0.00921,0.0933,0.961,118.187,136173.0,4,46.0
0.642,0.823,-5.717,1,0.0289,0.00159,0.0776,0.431,122.977,227344.0,4,60.0
0.694,0.948,-5.307,1,0.0361,0.00936,0.139,0.705,115.044,0.96915,4,84.0
0.614,0.91,-3.175,0,0.0444,0.00956,0.343,0.407,128.973,232907.0,3,63.0
0.287,0.762,-7.121,1,0.0874,0.392,0.287,0.262,73.054,2.641283333,4,38.0
0.403,0.932,-4.449,1,0.0515,0.00124,0.0669,0.497,97.283,256200.0,4,40.0
0.468,0.934,-4.256,1,0.234,0.000274,0.0995,0.557,179.998,193202.0,3,47.0
0.45,0.602,-4.801,0,0.0264,0.15,0.141,0.316,170.043,256733.0,3,62.0
0.574,0.691,-7.805,0,0.0336,0.0142,0.169,0.767,95.009,136632.0,4,54.0
0.633,0.925,-4.767,0,0.0976,0.017,0.0889,0.472,117.049,179447.0,4,50.0
0.534,0.544,-8.484,0,0.0415,0.189,0.0886,0.429,163.905,192500.0,4,44.0
0.765,0.502,-7.393,1,0.0321,0.119,0.171,0.836,144.204,289440.0,4,66.0
0.577,0.749,-7.215,0,0.0279,0.599,0.183,0.255,130.97,307880.0,4,77.0
0.54,0.513,-6.978,1,0.0331,0.713,0.149,0.51,78.862,3.2943,3,57.0
0.757,0.721,-2.906,0,0.0691,0.00196,0.647,0.364,124.036,165366.0,4,83.0
0.417,0.857,-5.95,1,0.0443,0.000398,0.248,0.183,140.914,294800.0,4,15.0
0.457,0.986,-4.49,1,0.0697,0.0196,0.128,0.558,139.173,175224.0,4,25.0
0.674,0.159,-16.441,1,0.0409,0.922,0.128,0.298,120.246,3.49515,4,49.0
0.563,0.944,-7.634,1,0.0923,0.00112,0.293,0.35,106.483,212714.0,4,46.0
0.793,0.633,-4.258,0,0.171,0.00751,0.108,0.453,95.023,153093.0,4,15.0
0.577,0.614,-6.944,1,0.0393,0.517,0.35,0.525,141.927,197165.0,4,35.0
0.559,0.473,-7.712,1,0.0279,0.446,0.154,0.397,121.227,192827.0,4,73.0
0.493,0.936,-4.525,1,0.0331,8.53e-06,0.358,0.683,93.501,223547.0,4,55.0
0.632,0.601,-7.742,0,0.0354,0.448,0.125,0.24,117.01,236480.0,4,41.0
0.708,0.331,-9.486,0,0.051,0.177,0.0645,0.443,89.97,276252.0,4,48.0
0.702,0.269,-15.172,0,0.0365,0.626,0.125,0.397,99.747,386973.0,4,52.0
0.767,0.787,-9.897,1,0.0331,0.0163,0.0513,0.964,126.879,266200.0,4,75.0
0.61,0.824,-6.046,1,0.0534,0.0136,0.0606,0.819,134.992,210133.0,4,64.0
0.54,0.696,-8.911,1,0.0347,0.749,0.116,0.781,94.055,153773.0,4,32.0
0.31,0.832,-5.139,1,0.0369,2.9e-05,0.411,0.416,153.284,266200.0,4,34.0
0.35,0.775,-3.364,1,0.054,0.00433,0.0676,0.588,199.866,235547.0,4,67.0
0.527,0.971,-4.153,0,0.0486,2.74e-05,0.0866,0.325,123.993,246587.0,4,28.0
0.6,0.171,-14.263,1,0.0772,0.983,0.11,0.321,127.256,2.598833333,3,44.0
0.422,0.809,-6.389,0,0.0438,0.000118,0.149,0.728,174.92,168901.0,4,31.0
0.339,0.706,-9.141,0,0.0342,3.31e-05,0.35,0.107,98.441,204800.0,4,37.0
0.609,0.634,-10.491,1,0.0372,0.203,0.121,0.688,127.509,245200.0,4,8.0
0.0986,0.861,-6.351,1,0.0705,2.55e-06,0.672,0.137,158.397,340467.0,4,36.0
0.822,0.743,-4.772,0,0.28,0.016,0.127,0.636,84.459,242001.0,4,76.0
0.414,0.828,-6.395,1,0.0354,0.0411,0.107,0.894,175.883,225987.0,4,26.0
0.292,0.979,-5.758,1,0.18,0.164,0.4,0.059,128.721,131427.0,4,35.0
0.736,0.482,-9.981,1,0.305,0.71,0.221,0.442,115.02,159653.0,4,54.0
0.586,0.834,-6.797,1,0.0536,0.0786,0.0925,0.63,95.025,262507.0,4,32.0
0.829,0.388,-13.55,0,0.0421,0.675,0.271,0.896,116.5,223840.0,4,54.0
0.514,0.559,-8.852,0,0.126,0.568,0.115,0.756,102.037,118093.0,4,19.0
0.375,0.661,-7.113,0,0.0362,2.29e-05,0.23,0.512,91.611,209804.0,4,50.0
0.708,0.411,-11.264,1,0.0493,0.45,0.134,0.337,103.025,267240.0,4,23.0
0.587,0.947,-3.578,1,0.108,0.09,0.209,0.528,116.072,196080.0,4,26.0
0.587,0.762,-6.946,1,0.0356,0.393,0.789,0.743,91.936,379427.0,4,41.0
0.535,0.771,-8.135,1,0.393,0.00389,0.37,0.487,137.766,181520.0,4,43.0
0.833,0.397,-7.373,0,0.213,0.356,0.0889,0.491,118.028,203380.0,4,42.0
0.702,0.206,-10.468,1,0.0394,0.835,0.0932,0.54,122.839,201302.0,4,40.0
0.24,0.863,-8.046,0,0.0402,1.58e-05,0.0944,0.331,75.591,210533.0,4,44.0
0.671,0.622,-5.709,0,0.348,0.236,0.0928,0.417,155.599,251839.0,4,59.0
0.41,0.761,-9.453,0,0.0687,0.0685,0.0758,0.392,132.923,510573.0,4,65.0
0.564,0.932,-10.068,1,0.0554,0.013,0.349,0.619,112.937,146250.0,4,77.0
0.603,0.864,-11.832,1,0.0524,0.427,0.329,0.49,165.033,534307.0,4,34.0
0.506,0.947,-6.697,0,0.0454,0.000177,0.139,0.399,107.71,302560.0,4,34.0
0.508,0.153,-13.874,1,0.0381,0.974,0.122,0.188,112.494,4.486266667,4,58.0
0.532,0.33,-16.107,1,0.0446,0.952,0.108,0.343,123.293,3.117366667,4,44.0
0.753,0.632,-8.054,1,0.0423,0.122,0.198,0.718,91.047,147758.0,4,62.0
0.812,0.545,-7.97,0,0.0568,0.437,0.107,0.456,137.048,139355.0,4,51.0
0.509,0.067,-14.041,1,0.0636,0.976,0.113,0.0773,83.414,170803.0,5,58.0
0.591,0.764,-2.131,1,0.0557,0.0899,0.254,0.327,127.928,161250.0,4,43.0
0.788,0.502,-7.068,0,0.0259,0.381,0.0988,0.76,95.978,276440.0,4,34.0
0.65,0.677,-6.506,0,0.095,0.0628,0.0412,0.722,93.814,214521.0,4,36.0
0.424,0.694,-4.912,0,0.0386,0.0573,0.133,0.0801,128.034,282481.0,4,56.0
0.647,0.538,-9.572,0,0.161,0.227,0.297,0.161,159.996,180142.0,4,57.0
0.281,0.918,-3.845,1,0.32,0.166,0.323,0.36,99.455,273137.0,4,41.0
0.464,0.943,-4.777,0,0.0338,0.00247,0.191,0.36,145.004,219056.0,4,42.0
0.697,0.484,-7.398,1,0.4,0.82,0.102,0.32,82.629,230511.0,4,46.0
0.747,0.453,-10.563,0,0.429,0.372,0.125,0.374,108.911,259817.0,4,56.0
0.52,0.795,-6.681,0,0.0408,0.000396,0.0941,0.371,127.885,235850.0,4,44.0
0.323,0.297,-12.731,1,0.0282,0.607,0.119,0.281,78.838,6.531783333,3,4.0
0.526,0.775,-6.05,1,0.0352,0.707,0.217,0.962,80.106,2.78955,4,73.0
0.623,0.665,-5.387,0,0.0519,0.000493,0.0676,0.533,121.96,197600.0,4,18.0
0.922,0.927,-3.025,1,0.105,0.283,0.719,0.796,129.978,219000.0,4,80.0
0.529,0.691,-5.7,0,0.227,0.0221,0.134,0.417,80.344,221994.0,4,59.0
0.508,0.287,-8.898,0,0.0481,0.834,0.0963,0.324,96.139,332467.0,3,40.0
0.549,0.418,-13.172,1,0.0423,0.788,0.112,0.692,171.98,210377.0,4,65.0
0.226,0.585,-9.965,1,0.0343,0.128,0.112,0.655,180.495,234600.0,3,50.0
0.382,0.693,-3.827,1,0.0306,0.261,0.116,0.205,150.058,4.247116667,4,31.0
0.287,0.962,-4.235,1,0.0605,3.7e-06,0.34,0.255,173.094,252067.0,4,36.0
0.474,0.363,-7.489,1,0.0295,0.0126,0.109,0.11,139.889,241667.0,3,47.0
0.469,0.867,-5.311,1,0.0322,2.49e-06,0.451,0.211,125.436,186253.0,4,20.0
0.63,0.845,-4.969,1,0.0589,0.000103,0.513,0.73,129.965,254691.0,4,35.0
0.612,0.799,-4.603,1,0.0275,0.00898,0.172,0.687,125.976,3.13755,4,73.0
0.712,0.7,-3.272,1,0.0318,0.16,0.0586,0.723,99.996,167893.0,4,50.0
0.229,0.621,-9.231,1,0.0302,0.0238,0.106,0.165,167.598,409907.0,3,24.0
0.33,0.469,-9.286,0,0.0335,0.31,0.0402,0.433,201.327,292067.0,4,71.0
0.308,0.984,-5.367,1,0.122,1.58e-05,0.255,0.158,113.723,179796.0,4,34.0
0.453,0.819,-10.938,1,0.169,0.00336,0.891,0.45,139.127,470667.0,4,28.0
0.424,0.196,-20.783,1,0.0703,0.975,0.114,0.272,186.07,3.277383333,3,50.0
0.626,0.631,-5.625,1,0.042,0.345,0.0709,0.804,163.989,189695.0,4,24.0
0.504,0.782,-9.27,1,0.0301,0.0661,0.115,0.619,123.883,164706.0,4,56.0
0.538,0.743,-5.928,0,0.0515,0.0343,0.103,0.316,127.809,231347.0,4,49.0
0.534,0.979,-3.645,0,0.0987,0.00292,0.256,0.236,119.993,244000.0,4,48.0
0.436,0.679,-8.549,1,0.101,0.49,0.0506,0.809,189.129,203521.0,4,7.0
0.868,0.525,-7.39,0,0.271,0.0536,0.233,0.201,154.874,131590.0,4,49.0
0.578,0.755,-4.642,1,0.0319,0.006,0.0475,0.606,130.037,252530.0,4,16.0
0.423,0.53,-7.647,0,0.0823,0.0589,0.0737,0.665,116.179,206355.0,4,24.0
0.64,0.845,-5.16,0,0.0428,0.555,0.105,0.32,112.136,218813.0,4,38.0
0.633,0.939,-5.158,1,0.0642,0.000642,0.0804,0.838,119.669,262400.0,4,44.0
0.927,0.609,-6.298,1,0.121,0.317,0.111,0.932,128.089,137120.0,4,49.0
0.753,0.738,-5.598,0,0.0405,0.202,0.0564,0.761,139.989,204444.0,4,35.0
0.654,0.616,-4.869,0,0.133,0.0322,0.139,0.691,91.857,159150.0,4,31.0
0.153,0.329,-5.575,0,0.0362,0.0125,0.0604,0.0793,102.001,339187.0,3,46.0
0.514,0.648,-6.17,1,0.0411,0.0148,0.119,0.452,129.895,210507.0,4,51.0
0.403,0.614,-8.007,0,0.0735,0.00118,0.315,0.496,84.964,185476.0,4,33.0
0.445,0.886,-6.592,1,0.0647,0.00158,0.0424,0.382,81.37,227262.0,4,38.0
0.315,0.794,-6.271,1,0.0905,0.0295,0.196,0.341,130.145,318459.0,4,33.0
0.712,0.7,-3.272,1,0.0318,0.16,0.0586,0.723,99.996,167893.0,4,50.0
0.705,0.397,-11.775,1,0.0343,0.679,0.106,0.684,133.355,3.166666667,4,43.0
0.453,0.734,-6.16,0,0.0357,0.0755,0.349,0.299,141.894,200613.0,4,2.0
0.813,0.621,-9.273,1,0.209,0.0144,0.0793,0.377,112.101,206446.0,4,69.0
0.533,0.967,-3.762,0,0.102,0.000232,0.109,0.477,130.052,227813.0,4,62.0
0.242,0.973,-4.739,1,0.148,2.57e-05,0.121,0.369,148.095,505147.0,4,43.0
0.32,0.456,-9.412,0,0.0337,0.637,0.116,0.338,118.779,168000.0,4,43.0
0.472,0.813,-5.919,0,0.0399,0.12,0.382,0.684,134.922,216085.0,4,43.0
0.666,0.757,-7.617,0,0.132,0.0237,0.336,0.554,90.007,208667.0,4,28.0
0.15,0.211,-12.814,0,0.0369,0.792,0.169,0.141,82.68,225400.0,4,44.0
0.293,0.778,-5.581,1,0.034,0.0147,0.102,0.24,147.882,217347.0,4,58.0
0.529,0.748,-6.108,1,0.0265,0.0226,0.265,0.298,105.49,3.266,4,46.0
0.659,0.518,-11.073,1,0.0263,0.033,0.318,0.135,123.005,238049.0,4,46.0
0.736,0.475,-10.879,1,0.0255,0.00292,0.129,0.742,101.0,154053.0,4,34.0
0.57,0.648,-7.369,1,0.027,0.0506,0.0835,0.483,180.107,193039.0,4,51.0
0.593,0.512,-7.837,0,0.0737,0.58,0.0996,0.192,95.733,170000.0,4,70.0
0.907,0.567,-7.164,1,0.0636,0.232,0.198,0.831,130.002,150000.0,4,50.0
0.495,0.856,-5.123,0,0.0311,0.000219,0.103,0.609,158.024,2.577783333,4,79.0
0.613,0.237,-13.978,1,0.0351,0.89,0.112,0.483,117.972,2.5378,4,47.0
0.372,0.247,-12.633,1,0.0336,0.896,0.082,0.241,181.763,159711.0,4,54.0
0.636,0.568,-8.232,1,0.0401,0.655,0.346,0.884,118.444,247595.0,4,37.0
0.404,0.532,-8.989,1,0.0409,0.683,0.164,0.339,159.864,200933.0,4,62.0
0.556,0.661,-5.052,0,0.204,0.3,0.101,0.668,168.56,178148.0,4,91.0
0.508,0.902,-6.886,0,0.03,0.00131,0.111,0.557,103.71,426332.0,4,44.0
0.305,0.501,-10.179,0,0.0337,0.0984,0.138,0.349,90.574,422213.0,5,21.0
0.671,0.611,-9.991,0,0.0488,0.427,0.0876,0.52,100.017,235200.0,4,29.0
0.567,0.173,-11.964,1,0.0352,0.885,0.111,0.196,117.94,193780.0,4,54.0
0.456,0.389,-11.568,1,0.0339,0.239,0.356,0.399,179.074,347880.0,3,34.0
0.297,0.0805,-18.726,1,0.0355,0.963,0.0898,0.158,80.346,7.295333333,3,48.0
0.542,0.923,-5.005,0,0.0975,0.011,0.0707,0.724,172.977,142760.0,4,49.0
0.665,0.766,-9.454,0,0.0505,0.0492,0.113,0.905,73.683,219307.0,4,61.0
0.546,0.529,-13.6,1,0.0436,0.0629,0.0383,0.574,151.727,4.51666667,4,7.0
0.422,0.99,-4.007,1,0.1,0.0033,0.345,0.174,124.6,245947.0,4,52.0
0.373,0.703,-5.463,0,0.179,0.037,0.107,0.225,162.076,184380.0,4,53.0
0.382,0.641,-9.166,0,0.0335,0.114,0.139,0.226,137.985,328613.0,4,33.0
0.564,0.81,-6.154,1,0.0602,0.0324,0.174,0.435,60.473,249685.0,4,27.0
0.548,0.982,-4.835,1,0.0879,0.000224,0.218,0.229,93.48,249880.0,4,13.0
0.384,0.955,-2.884,0,0.266,0.0535,0.0958,0.199,171.888,217173.0,4,56.0
0.824,0.485,-10.345,0,0.0964,0.145,0.0798,0.773,118.874,129717.0,4,46.0
0.479,0.601,-8.806,1,0.0318,0.0832,0.11,0.669,124.966,313027.0,4,72.0
0.145,0.977,-5.079,0,0.107,1.12e-05,0.0766,0.092,144.857,352160.0,4,24.0
0.412,0.944,-2.896,1,0.0448,0.0724,0.801,0.79,123.091,215000.0,4,62.0
0.639,0.903,-5.013,0,0.0371,0.00963,0.174,0.96,135.938,246173.0,4,64.0
0.478,0.548,-7.399,0,0.126,0.203,0.246,0.412,147.757,223784.0,4,58.0
0.37,0.947,-7.213,1,0.0901,7.97e-06,0.0762,0.418,81.744,175745.0,4,57.0
0.744,0.816,-3.933,1,0.0372,0.144,0.0902,0.748,120.062,144000.0,4,74.0
0.301,0.578,-4.601,1,0.0421,3.56e-06,0.225,0.0978,174.897,161045.0,4,35.0
0.597,0.157,-17.199,0,0.0451,0.962,0.107,0.498,81.009,194027.0,4,56.0
0.566,0.873,-5.926,0,0.178,0.000371,0.079,0.527,121.946,263800.0,4,27.0
0.492,0.884,-11.061,0,0.0909,0.000653,0.317,0.149,135.073,297165.0,4,30.0
0.486,0.945,-2.673,1,0.0356,0.245,0.373,0.957,131.645,272933.0,4,32.0
0.68,0.319,-12.18,0,0.0489,0.987,0.0878,0.473,135.04,4.437116667,3,35.0
0.953,0.621,-7.638,0,0.221,0.017,0.0398,0.883,123.016,152333.0,4,82.0
0.154,0.923,-6.55,0,0.0867,2.93e-06,0.431,0.163,151.523,230720.0,4,33.0
0.532,0.844,-6.445,1,0.0398,0.00757,0.173,0.661,109.966,3.59155,4,53.0
0.529,0.88,-6.758,0,0.0473,0.152,0.603,0.603,103.231,188307.0,4,41.0
0.467,0.769,-5.059,1,0.0393,3.93e-05,0.32,0.607,155.957,275391.0,4,39.0
0.517,0.971,-5.189,1,0.0778,0.0057,0.325,0.363,135.004,356507.0,4,41.0
0.542,0.869,-4.047,0,0.086,0.00182,0.488,0.61,81.966,205248.0,4,50.0
0.645,0.979,-2.322,1,0.105,0.016,0.371,0.798,106.963,201267.0,4,44.0
0.6,0.548,-6.977,1,0.0328,0.784,0.116,0.263,89.98,264873.0,4,48.0
0.658,0.71,-11.493,1,0.065,0.118,0.0582,0.899,122.666,152267.0,4,36.0
0.606,0.781,-5.846,1,0.0703,0.142,0.0734,0.632,170.007,230738.0,4,54.0
0.555,0.74,-7.016,0,0.175,0.0555,0.306,0.761,172.915,190771.0,4,53.0
0.529,0.593,-8.393,1,0.474,0.0598,0.135,0.196,65.065,192810.0,4,26.0
0.486,0.935,-3.832,0,0.15,0.358,0.939,0.589,94.567,313167.0,4,39.0
0.346,0.829,-5.123,1,0.0373,0.00104,0.0539,0.505,161.954,199213.0,4,47.0
0.375,2.03e-05,-4.593,1,0.0638,0.221,0.133,0.123,105.77,790093.0,4,31.0
0.53,0.562,-9.393,0,0.0422,0.749,0.216,0.767,90.887,5.252883333,4,26.0
0.593,0.979,-4.115,0,0.102,2.43e-05,0.0887,0.387,135.03,222227.0,4,36.0
0.526,0.989,-4.121,0,0.119,8.35e-05,0.139,0.12,149.998,257600.0,4,41.0
0.576,0.829,-4.323,0,0.0593,0.00265,0.304,0.652,167.99,165323.0,4,38.0
0.366,0.941,-4.263,1,0.0714,0.000813,0.114,0.183,82.994,277187.0,4,26.0
0.779,0.667,-11.031,0,0.0555,0.614,0.0905,0.9,159.943,288293.0,3,36.0
0.507,0.852,-5.42,1,0.351,0.00587,0.354,0.51,168.166,220029.0,4,42.0
0.629,0.284,-11.694,0,0.0473,0.913,0.106,0.306,120.271,3.896466667,4,24.0
0.789,0.377,-9.369,0,0.043,0.326,0.165,0.698,138.004,287973.0,4,25.0
0.377,0.991,-1.205,0,0.0932,0.00081,0.298,0.258,122.147,238040.0,4,55.0
0.517,0.643,-10.679,0,0.0627,0.395,0.141,0.782,143.786,6.79155,3,31.0
0.688,0.375,-9.601,1,0.0535,0.286,0.133,0.45,83.635,210480.0,4,73.0
0.502,0.883,-5.205,1,0.0284,0.000136,0.154,0.129,129.993,155883.0,4,40.0
0.467,0.0936,-19.998,0,0.0371,0.817,0.113,0.178,113.699,277813.0,4,42.0
0.686,0.622,-10.536,0,0.027,0.285,0.275,0.679,107.076,197960.0,4,28.0
0.616,0.824,-3.646,0,0.128,0.00658,0.3,0.206,125.024,205208.0,4,53.0
0.442,0.363,-5.739,1,0.0271,0.566,0.109,0.325,84.88,3.108216667,4,41.0
0.487,0.953,-5.394,1,0.104,0.000203,0.503,0.249,140.001,352813.0,4,26.0
0.388,0.449,-9.114,1,0.236,0.668,0.214,0.262,180.181,141333.0,4,41.0
0.485,0.97,-7.014,0,0.0609,4.07e-06,0.28,0.572,101.99,254678.0,4,32.0
0.318,0.975,-4.21,1,0.0926,0.00562,0.345,0.668,174.206,182987.0,4,37.0
0.423,0.207,-14.793,0,0.0285,0.85,0.116,0.175,83.051,279333.0,4,23.0
0.691,0.397,-11.782,1,0.0294,0.548,0.0917,0.328,83.878,253467.0,4,40.0
0.377,0.891,-6.807,1,0.0631,0.038,0.345,0.639,103.243,550480.0,4,43.0
0.715,0.788,-9.121,1,0.213,0.0841,0.0826,0.465,179.009,121500.0,4,12.0
0.767,0.51,-5.737,1,0.152,0.0762,0.153,0.525,120.022,181084.0,4,28.0
0.381,0.886,-4.174,1,0.0719,2.58e-05,0.056,0.429,144.99,157820.0,4,23.0
0.699,0.464,-8.933,0,0.0744,0.39,0.315,0.283,110.986,287871.0,4,54.0
0.676,0.835,-4.382,0,0.044,0.00682,0.081,0.8,104.987,193776.0,4,76.0
0.531,0.772,-4.126,1,0.0446,0.0541,0.0827,0.842,175.022,180273.0,4,36.0
0.566,0.659,-6.157,0,0.0329,0.00232,0.0923,0.319,122.005,298847.0,4,37.0
0.654,0.89,-6.514,0,0.0906,0.00204,0.272,0.684,129.014,195320.0,4,4.0
0.546,0.095,-21.524,0,0.0356,0.831,0.119,0.195,116.071,4.573383333,4,44.0
0.705,0.401,-9.506,0,0.0475,0.812,0.319,0.649,104.956,167227.0,4,47.0
0.366,0.73,-12.746,1,0.0668,0.423,0.163,0.729,160.093,3.75,4,43.0
0.575,0.523,-7.078,1,0.0259,0.372,0.098,0.312,97.934,248235.0,3,33.0
0.408,0.616,-9.942,1,0.165,0.161,0.089,0.379,160.173,3.0,4,6.0
0.545,0.932,-2.189,0,0.0399,0.000665,0.127,0.464,92.956,192000.0,4,75.0
0.595,0.66,-7.763,1,0.0286,0.156,0.106,0.741,97.146,305724.0,4,28.0
0.375,0.946,-7.392,1,0.125,0.000277,0.374,0.46,107.309,310320.0,4,33.0
0.799,0.551,-6.924,1,0.0645,0.0818,0.337,0.554,95.025,166833.0,4,19.0
0.521,0.277,-10.34,1,0.0356,0.634,0.103,0.13,115.01,4.147116667,4,77.0
0.595,0.759,-4.245,0,0.0423,0.141,0.172,0.515,80.953,2.72888333,4,84.0
0.653,0.515,-7.906,1,0.267,0.0706,0.0756,0.674,176.05,164662.0,4,59.0
0.391,0.651,-11.523,1,0.0266,0.000512,0.0954,0.402,92.124,218000.0,4,44.0
0.508,0.643,-6.989,0,0.0487,0.589,0.178,0.454,159.863,228169.0,4,43.0
0.73,0.102,-17.232,1,0.0702,0.895,0.0809,0.277,136.108,164933.0,4,16.0
0.383,0.9,-5.42,1,0.134,0.00085,0.271,0.286,183.96,214797.0,4,67.0
0.446,0.142,-13.498,1,0.0335,0.96,0.101,0.156,135.724,2.934883333,4,60.0
0.331,0.917,-5.0,1,0.105,8.13e-05,0.191,0.347,147.873,226652.0,4,54.0
0.773,0.47,-7.93,1,0.0299,0.0153,0.0851,0.399,94.995,162680.0,4,71.0
0.4,0.267,-12.488,1,0.0323,0.744,0.103,0.0872,144.799,225000.0,3,69.0
0.668,0.798,-5.701,1,0.0334,0.00305,0.277,0.575,133.928,3.588,4,72.0
0.364,0.101,-18.306,0,0.035,0.977,0.116,0.049,114.628,3.838233333,3,19.0
0.263,0.759,-7.288,1,0.0431,0.0555,0.231,0.429,179.904,284496.0,4,69.0
0.407,0.936,-6.875,1,0.0579,2.28e-06,0.104,0.679,90.023,106667.0,4,39.0
0.5,0.638,-7.262,1,0.0461,0.125,0.199,0.746,122.621,239267.0,4,49.0
0.417,0.497,-7.812,1,0.0325,0.0097,0.126,0.0698,119.867,332973.0,4,43.0
0.763,0.613,-8.276,1,0.344,0.0468,0.3,0.436,99.287,201227.0,4,46.0
0.637,0.948,-6.362,1,0.119,0.0228,0.42,0.282,120.049,155987.0,4,42.0
0.534,0.392,-7.636,0,0.0267,0.649,0.0948,0.163,90.379,216533.0,4,75.0
0.297,0.872,-5.881,0,0.0405,0.000119,0.32,0.533,80.384,309987.0,4,48.0
0.929,0.67,-3.977,1,0.0488,0.068,0.318,0.938,120.935,181516.0,4,68.0
0.615,0.518,-13.831,0,0.0274,0.604,0.117,0.903,152.996,256212.0,4,49.0
0.553,0.941,-5.312,1,0.073,0.000226,0.127,0.5,108.735,222155.0,3,29.0
0.306,0.101,-20.043,0,0.0405,0.784,0.101,0.0395,109.185,198480.0,3,30.0
0.503,0.943,-7.368,1,0.156,2.77e-05,0.806,0.199,115.02,229808.0,4,44.0
0.745,0.61,-6.635,1,0.028,0.446,0.0924,0.781,117.008,3.03,4,44.0
0.269,0.207,-13.212,0,0.0627,0.989,0.193,0.367,111.391,238881.0,3,27.0
0.521,0.892,-4.911,0,0.0569,0.00749,0.0591,0.577,145.022,173379.0,4,10.0
0.399,0.91,-5.285,1,0.0482,0.000125,0.196,0.537,175.978,216987.0,4,37.0
0.801,0.143,-10.698,0,0.0475,0.865,0.132,0.562,119.891,223827.0,4,57.0
0.528,0.909,-6.95,1,0.0438,3e-05,0.376,0.823,147.988,153960.0,4,42.0
0.7,0.74,-6.547,0,0.041,0.152,0.213,0.584,101.994,257627.0,4,48.0
0.304,0.979,-3.768,1,0.12,9.92e-06,0.368,0.0379,139.985,127857.0,4,25.0
0.39,0.939,-3.828,0,0.0787,5.08e-05,0.0968,0.495,161.997,205394.0,4,71.0
0.24,0.851,-11.941,1,0.0492,0.00017,0.344,0.512,171.036,231560.0,4,54.0
0.849,0.701,-4.407,0,0.06,0.407,0.112,0.505,98.005,261667.0,4,95.0
0.448,0.99,-4.186,1,0.209,0.000524,0.0965,0.055,105.929,194151.0,4,42.0
0.3,0.205,-14.32,1,0.038,0.973,0.227,0.477,84.659,3.126666667,3,4.0
0.714,0.393,-14.943,1,0.935,0.914,0.167,0.469,114.094,304108.0,4,12.0
0.551,0.573,-11.152,1,0.138,0.604,0.0909,0.607,66.268,264576.0,4,46.0
0.759,0.538,-8.256,0,0.384,0.151,0.126,0.831,146.933,184490.0,4,82.0
0.388,0.101,-13.673,1,0.0482,0.761,0.166,0.187,168.468,287080.0,3,7.0
0.395,0.866,-7.047,1,0.069,0.113,0.112,0.835,150.768,237373.0,4,44.0
0.494,0.862,-9.158,0,0.0273,0.012,0.228,0.59,112.596,292800.0,4,65.0
0.457,0.962,-3.334,1,0.159,0.000515,0.132,0.137,140.062,260653.0,4,39.0
0.696,0.527,-14.275,1,0.0329,0.108,0.0377,0.974,128.962,2.66445,4,51.0
0.69,0.594,-6.736,1,0.0299,0.0736,0.0848,0.542,116.995,253556.0,4,13.0
0.73,0.711,-9.741,0,0.0375,0.579,0.357,0.896,127.993,202123.0,4,36.0
0.617,0.772,-5.043,0,0.038,0.0468,0.147,0.42,134.976,228133.0,4,41.0
0.23,0.708,-8.762,1,0.0403,3e-05,0.234,0.201,145.007,381360.0,3,22.0
0.366,0.859,-5.957,1,0.0531,0.0334,0.139,0.569,178.021,201147.0,4,43.0
0.579,0.89,-5.993,1,0.0572,7.17e-05,0.144,0.469,128.017,246450.0,4,48.0
0.726,0.493,-10.556,0,0.041,0.139,0.0935,0.396,121.004,232066.0,4,48.0
0.643,0.783,-6.458,1,0.0856,0.047,0.083,0.579,154.084,2.731166667,4,77.0
0.792,0.808,-4.051,0,0.111,0.25,0.0866,0.766,115.047,193043.0,4,23.0
0.595,0.675,-6.696,1,0.035,0.0879,0.12,0.411,134.08,3.052666667,4,46.0
0.697,0.567,-7.628,1,0.0686,0.336,0.193,0.168,94.991,194480.0,4,36.0
0.378,0.851,-4.378,1,0.0375,0.000336,0.495,0.41,170.017,217120.0,4,49.0
0.419,0.983,-7.125,1,0.046,7.46e-06,0.282,0.578,135.01,240352.0,4,14.0
0.434,0.546,-6.099,0,0.0294,0.687,0.109,0.398,134.302,272440.0,4,3.0
0.186,0.114,-22.247,1,0.0371,0.747,0.111,0.0338,112.81,2.964,4,40.0
0.654,0.53,-7.409,1,0.0556,0.000113,0.0534,0.584,119.284,222960.0,4,61.0
0.508,0.776,-5.438,1,0.0336,0.00114,0.293,0.549,101.952,185427.0,4,26.0
0.53,0.283,-11.962,1,0.0367,0.876,0.106,0.282,114.982,3.60288333,4,52.0
0.644,0.831,-7.118,0,0.0334,0.138,0.115,0.252,104.996,230893.0,4,56.0
0.306,0.398,-12.767,1,0.0412,0.0857,0.0756,0.0948,85.622,191828.0,4,62.0
0.446,0.852,-5.286,0,0.0315,0.000289,0.226,0.387,90.007,266762.0,4,44.0
0.488,0.959,-5.575,1,0.0758,0.00333,0.025,0.67,166.799,254293.0,4,51.0
0.949,0.696,-11.919,1,0.226,0.00154,0.0878,0.558,127.995,240000.0,4,33.0
0.653,0.873,-3.829,1,0.0315,0.0619,0.144,0.627,139.937,3.84,4,52.0
0.65,0.424,-11.238,1,0.0646,0.87,0.0869,0.865,91.977,170440.0,4,35.0
0.613,0.768,-12.483,0,0.048,0.0773,0.119,0.747,170.899,247250.0,4,30.0
0.693,0.824,-8.139,0,0.0415,0.00726,0.0826,0.822,108.018,176708.0,4,52.0
0.753,0.461,-8.857,0,0.0585,0.496,0.116,0.897,103.919,179908.0,4,55.0
0.811,0.756,-8.497,1,0.214,0.0321,0.118,0.65,124.998,117366.0,4,50.0
0.622,0.779,-5.672,1,0.0314,0.0808,0.103,0.728,145.021,208000.0,4,41.0
0.456,0.832,-7.053,1,0.0351,0.00591,0.11,0.796,163.048,147005.0,4,31.0
0.667,0.827,-5.631,1,0.0368,0.0863,0.0565,0.573,107.95,161944.0,4,73.0
0.558,0.982,-3.125,0,0.063,0.0221,0.117,0.684,109.372,313667.0,4,4.0
0.709,0.62,-9.382,1,0.034,0.318,0.0426,0.936,93.723,123520.0,4,62.0
0.787,0.852,-6.442,0,0.146,0.0175,0.167,0.887,117.988,196039.0,4,58.0
0.534,0.866,-6.013,1,0.0309,0.213,0.0921,0.792,176.268,167840.0,4,17.0
0.454,0.913,-4.008,1,0.107,0.408,0.248,0.521,137.688,293183.0,4,78.0
0.743,0.847,-6.853,1,0.265,0.227,0.356,0.499,94.941,143000.0,4,41.0
0.696,0.499,-5.484,1,0.0312,0.0886,0.105,0.476,79.985,283253.0,4,39.0
0.29,0.816,-3.916,0,0.0465,0.0416,0.0894,0.0671,132.803,6.875733333,4,18.0
0.528,0.518,-7.641,1,0.0281,0.425,0.125,0.395,139.98,291947.0,3,48.0
0.113,0.127,-20.496,1,0.0355,0.943,0.152,0.0984,77.345,2.270833333,4,41.0
0.513,0.573,-8.069,0,0.0486,0.902,0.0724,0.551,80.027,11.2,4,25.0
0.873,0.651,-4.179,1,0.0374,0.0251,0.213,0.828,115.002,178290.0,4,53.0
0.411,0.49,-11.926,1,0.0354,0.000239,0.219,0.0394,115.343,202817.0,3,10.0
0.352,0.873,-7.366,1,0.142,0.0253,0.89,0.497,104.662,281926.0,4,32.0
0.686,0.873,-5.002,1,0.0916,0.356,0.0936,0.711,65.998,167320.0,4,54.0
0.543,0.608,-6.708,1,0.0311,0.119,0.338,0.368,141.023,245843.0,4,53.0
0.617,0.895,-4.207,0,0.0497,0.00353,0.598,0.471,134.972,260458.0,4,25.0
0.396,0.301,-17.747,1,0.0306,0.87,0.124,0.0795,89.882,200773.0,4,32.0
0.794,0.632,-6.163,1,0.0649,0.142,0.128,0.355,145.926,291893.0,4,75.0
0.307,0.909,-7.08,0,0.0574,0.135,0.125,0.443,173.674,366136.0,4,67.0
0.736,0.721,-9.665,0,0.0419,0.0773,0.201,0.774,115.943,143013.0,4,24.0
0.41,0.439,-3.789,0,0.0353,0.273,0.0595,0.32,144.045,244783.0,4,56.0
0.376,0.721,-8.232,1,0.104,0.659,0.113,0.36,94.947,166467.0,4,55.0
0.721,0.344,-9.743,0,0.0593,0.855,0.932,0.442,126.001,184143.0,4,42.0
0.582,0.67,-6.919,0,0.26,0.0752,0.064,0.536,96.542,200816.0,4,46.0
0.358,0.3,-9.564,1,0.0423,0.777,0.0889,0.557,185.132,198787.0,3,59.0
0.403,0.483,-6.608,1,0.113,0.00233,0.139,0.296,191.904,213818.0,3,47.0
0.702,0.578,-13.415,1,0.031,0.382,0.0425,0.975,111.617,363640.0,4,68.0
0.451,0.264,-15.72,1,0.0351,0.16,0.112,0.145,121.423,240267.0,3,43.0
0.599,0.729,-6.471,1,0.0254,0.181,0.135,0.638,133.402,321400.0,4,46.0
0.891,0.585,-6.122,0,0.131,0.0752,0.134,0.24,125.024,111387.0,4,64.0
0.598,0.427,-8.764,0,0.0317,0.0546,0.21,0.0605,76.469,175721.0,4,86.0
0.529,0.812,-9.238,0,0.0706,0.768,0.311,0.768,138.841,5.006666667,3,42.0
0.716,0.752,-4.316,1,0.05,0.0112,0.598,0.412,113.0,172500.0,4,62.0
0.736,0.439,-11.845,1,0.0396,0.222,0.31,0.432,80.493,223800.0,4,42.0
0.585,0.233,-15.949,1,0.028,0.892,0.114,0.481,140.666,4.45221667,4,57.0
0.303,0.975,-4.93,1,0.126,2.41e-05,0.272,0.172,173.799,454433.0,4,39.0
0.489,0.94,-4.871,0,0.0591,0.000227,0.318,0.538,164.995,240044.0,4,36.0
0.373,0.815,-8.702,1,0.053,0.000111,0.161,0.0415,128.962,294267.0,4,42.0
0.675,0.308,-8.081,1,0.0348,0.824,0.0607,0.69,97.446,194373.0,4,44.0
0.499,0.87,-4.431,1,0.126,0.0183,0.0512,0.893,188.853,137400.0,4,56.0
0.603,0.783,-4.023,1,0.062,0.449,0.119,0.775,172.041,173104.0,4,73.0
0.783,0.706,-11.098,0,0.0703,0.00214,0.109,0.124,121.982,283266.0,4,47.0
0.523,0.769,-5.855,1,0.0269,0.04,0.136,0.876,136.162,244587.0,4,73.0
0.562,0.671,-7.801,0,0.0379,8.73e-06,0.792,0.376,134.962,226733.0,4,60.0
0.553,0.621,-7.474,0,0.0274,0.00591,0.347,0.425,95.055,276493.0,4,44.0
0.286,0.954,-3.391,0,0.108,0.000211,0.305,0.489,173.142,159516.0,4,36.0
0.839,0.523,-12.104,1,0.215,0.269,0.165,0.515,141.94,175775.0,4,51.0
0.947,0.671,-8.916,0,0.243,0.0404,0.0639,0.532,126.045,169867.0,4,46.0
0.686,0.735,-4.616,1,0.264,0.00921,0.342,0.0596,171.355,322227.0,4,76.0
0.256,0.466,-13.522,0,0.0403,0.227,0.12,0.047,145.073,1095394.0,3,23.0
0.496,0.703,-6.905,1,0.0376,0.525,0.305,0.936,130.915,2.44533333,4,64.0
0.409,0.172,-16.44,0,0.0389,0.922,0.111,0.352,132.151,3.82155,4,63.0
0.434,0.889,-5.684,1,0.0509,0.395,0.273,0.845,113.326,2.55563333,5,79.0
0.682,0.764,-5.806,1,0.0838,0.00265,0.265,0.55,156.009,186132.0,4,34.0
0.345,0.913,-5.346,1,0.0471,6.46e-05,0.0756,0.357,134.965,357693.0,4,54.0
0.293,0.59,-5.271,1,0.182,0.169,0.17,0.45,74.147,170296.0,4,23.0
0.31,0.61,-9.415,0,0.0723,0.147,0.179,0.144,88.132,1385907.0,4,43.0
0.532,0.783,-5.697,1,0.0523,0.0038,0.161,0.643,124.08,247427.0,4,85.0
0.865,0.64,-7.201,1,0.325,0.0185,0.308,0.4,114.621,189919.0,5,65.0
0.671,0.878,-4.219,0,0.0414,0.13,0.385,0.772,132.082,240453.0,4,46.0
0.675,0.776,-7.893,1,0.0415,0.23,0.16,0.169,126.94,234560.0,4,34.0
0.555,0.946,-3.922,1,0.158,0.000116,0.0477,0.568,114.755,211227.0,4,50.0
0.707,0.611,-7.058,0,0.032,0.473,0.0729,0.884,134.933,397707.0,4,38.0
0.567,0.763,-4.361,0,0.0579,0.15,0.0704,0.777,111.079,202844.0,4,42.0
0.253,0.646,-9.326,1,0.0306,9.77e-05,0.0856,0.178,91.926,235893.0,4,52.0
0.475,0.836,-5.446,1,0.0529,0.0175,0.104,0.723,123.144,180173.0,4,55.0
0.613,0.953,-3.435,1,0.0855,0.00148,0.152,0.537,105.046,213800.0,4,76.0
0.0764,0.131,-17.381,1,0.0408,0.953,0.0937,0.0373,80.959,2.795683333,1,41.0
0.763,0.869,-5.862,0,0.057,0.154,0.105,0.796,125.573,258733.0,4,21.0
0.663,0.712,-7.268,1,0.0479,0.524,0.0804,0.527,113.439,3.942,4,60.0
0.501,0.868,-7.406,0,0.129,0.000159,0.239,0.621,159.965,173305.0,4,44.0
0.586,0.725,-6.844,0,0.381,0.248,0.0825,0.867,131.139,200000.0,5,62.0
0.506,0.966,-6.093,1,0.0876,0.000296,0.348,0.232,119.978,203500.0,4,25.0
0.651,0.699,-7.867,0,0.0277,0.039,0.124,0.832,133.793,5.56361667,4,59.0
0.721,0.621,-4.378,1,0.306,0.00469,0.199,0.568,159.967,228933.0,4,60.0
0.703,0.703,-4.672,1,0.133,0.605,0.12,0.697,76.017,183783.0,4,74.0
0.653,0.5,-9.179,1,0.0257,0.104,0.0892,0.347,131.045,3.72626667,4,46.0
0.516,0.595,-4.63,1,0.0313,0.0275,0.109,0.222,119.972,340707.0,4,82.0
0.59,0.929,-3.236,1,0.0478,0.0714,0.0598,0.674,119.818,254467.0,4,62.0
0.422,0.675,-7.089,1,0.0723,0.106,0.0588,0.626,190.033,200725.0,4,26.0
0.636,0.676,-3.442,1,0.0263,0.0807,0.0831,0.273,113.98,208760.0,4,78.0
0.713,0.96,-7.85,1,0.447,0.0287,0.657,0.411,117.105,126231.0,4,32.0
0.58,0.963,-5.918,1,0.0388,0.0311,0.396,0.814,170.593,468093.0,4,39.0
0.302,0.0783,-14.968,1,0.0325,0.956,0.12,0.231,140.485,1.96266667,5,40.0
0.502,0.96,-4.523,1,0.143,0.288,0.676,0.438,76.04,260000.0,4,47.0
0.537,0.294,-11.122,0,0.0454,0.826,0.149,0.577,155.841,240585.0,4,47.0
0.65,0.902,-3.281,1,0.0539,0.229,0.111,0.627,99.977,191820.0,4,19.0
0.701,0.0565,-19.018,0,0.106,0.948,0.108,0.319,123.79,1.766666667,4,41.0
0.646,0.882,-5.648,0,0.0346,0.143,0.335,0.908,120.837,257093.0,4,64.0
0.64,0.679,-12.356,1,0.0302,0.424,0.0878,0.965,99.296,265893.0,4,56.0
0.511,0.701,-7.861,1,0.0252,0.000253,0.0631,0.189,84.318,310333.0,4,51.0
0.623,0.449,-13.333,1,0.0253,0.212,0.0613,0.572,84.383,4.26666667,4,78.0
0.539,0.893,-6.149,0,0.0647,0.0609,0.114,0.244,170.009,236727.0,4,30.0
0.472,0.735,-9.822,0,0.0305,0.00596,0.166,0.643,110.809,186733.0,4,58.0
0.546,0.847,-9.797,1,0.0473,0.000301,0.0935,0.314,108.495,320416.0,4,32.0
0.527,0.0896,-18.975,1,0.0332,0.992,0.107,0.0509,152.111,1.752433333,3,44.0
0.601,0.89,-4.824,1,0.0965,0.000156,0.123,0.688,112.085,261960.0,4,48.0
0.558,0.658,-7.661,1,0.0535,0.0298,0.135,0.519,122.031,226669.0,4,42.0
0.654,0.621,-8.555,1,0.0328,0.384,0.119,0.41,113.955,233448.0,4,47.0
0.621,0.901,-5.396,1,0.0302,0.17,0.0875,0.744,113.967,300773.0,4,74.0
0.119,0.0425,-25.683,0,0.0538,0.905,0.158,0.106,176.675,2.229333333,3,23.0
0.124,0.0359,-21.203,0,0.0632,0.877,0.125,0.0223,70.922,654123.0,4,18.0
0.301,0.959,-3.463,0,0.111,2.54e-05,0.167,0.251,139.928,171739.0,4,40.0
0.649,0.712,-6.153,1,0.0416,0.0013,0.107,0.285,123.009,366045.0,4,26.0
0.392,0.891,-6.133,0,0.0485,0.000144,0.091,0.348,191.717,256640.0,4,34.0
0.475,0.971,-3.541,1,0.102,5.49e-05,0.367,0.641,152.868,216213.0,4,45.0
0.344,0.523,-7.418,1,0.0314,0.0792,0.12,0.183,87.121,298427.0,3,24.0
0.481,0.909,-4.124,0,0.038,1.56e-05,0.385,0.576,102.878,288173.0,4,41.0
0.44,0.128,-17.651,1,0.0425,0.951,0.1,0.179,81.028,6.011783333,4,44.0
0.593,0.949,-5.459,1,0.066,5.31e-05,0.0819,0.419,106.008,200661.0,4,50.0
0.701,0.866,-4.589,0,0.0838,0.0243,0.17,0.327,124.008,151000.0,4,68.0
0.709,0.727,-9.014,1,0.0287,0.356,0.133,0.936,122.973,257591.0,4,33.0
0.392,0.428,-8.405,0,0.0246,0.52,0.365,0.317,84.505,263747.0,4,53.0
0.413,0.44,-9.951,1,0.0299,0.0663,0.126,0.271,140.482,226825.0,4,33.0
0.293,0.667,-5.707,1,0.0692,1.12e-05,0.111,0.306,117.921,249592.0,4,24.0
0.563,0.663,-7.266,1,0.292,0.481,0.152,0.651,81.014,214321.0,4,30.0
0.427,0.865,-5.059,1,0.383,0.0985,0.371,0.839,93.427,200131.0,4,49.0
0.409,0.975,-5.04,1,0.109,2.67e-06,0.343,0.27,134.971,222933.0,4,20.0
0.683,0.634,-5.612,1,0.0312,0.254,0.14,0.405,104.093,186974.0,4,41.0
0.632,0.793,-7.184,0,0.0274,0.00853,0.157,0.609,136.012,228840.0,4,55.0
0.284,0.9,-5.659,1,0.0551,8.81e-05,0.0834,0.623,91.062,293027.0,3,36.0
0.603,0.443,-7.73,1,0.0288,0.533,0.097,0.421,134.891,4.103783333,4,48.0
0.688,0.753,-11.391,1,0.051,0.308,0.0795,0.871,133.139,293400.0,4,24.0
0.841,0.667,-5.638,1,0.222,0.044,0.169,0.256,94.993,122568.0,4,65.0
0.499,0.934,-3.661,0,0.0966,0.0468,0.703,0.357,110.044,321573.0,4,56.0
0.684,0.438,-8.309,1,0.0388,0.222,0.262,0.253,123.997,322563.0,4,59.0
0.518,0.94,-3.199,0,0.0616,0.00881,0.26,0.514,85.018,202640.0,4,43.0
0.61,0.414,-9.503,0,0.0518,0.674,0.141,0.509,121.968,546000.0,4,34.0
0.357,0.425,-7.301,1,0.0333,0.584,0.322,0.27,102.078,198040.0,3,88.0
0.245,0.97,-5.319,0,0.0965,0.00121,0.317,0.311,178.956,209644.0,4,45.0
0.69,0.272,-10.492,1,0.0255,0.324,0.658,0.337,62.997,216828.0,3,38.0
0.527,0.944,-4.763,0,0.0519,0.000105,0.0915,0.534,125.009,247747.0,4,35.0
0.467,0.563,-6.199,0,0.0339,0.214,0.364,0.431,172.241,221996.0,4,35.0
0.696,0.319,-16.729,0,0.0624,0.502,0.116,0.382,144.024,260000.0,4,27.0
0.657,0.913,-4.984,1,0.0528,0.00392,0.466,0.906,108.036,254620.0,4,61.0
0.545,0.485,-9.941,1,0.151,0.3,0.119,0.341,80.401,4.15288333,4,10.0
0.704,0.528,-13.382,1,0.0358,0.22,0.14,0.73,117.472,238267.0,4,61.0
0.896,0.709,-7.315,1,0.289,0.0666,0.141,0.746,102.031,254000.0,4,38.0
0.569,0.499,-13.927,0,0.0506,0.166,0.0738,0.496,169.963,235000.0,4,40.0
0.333,0.88,-3.08,1,0.0963,0.000455,0.33,0.49,162.838,264280.0,4,43.0
0.803,0.576,-7.451,0,0.0518,0.109,0.122,0.634,99.989,183901.0,4,51.0
0.736,0.745,-5.631,0,0.0282,0.358,0.0738,0.917,106.029,176240.0,4,39.0
0.341,0.662,-5.023,0,0.0335,0.105,0.113,0.2,174.875,334907.0,4,66.0
0.704,0.225,-14.454,0,0.0994,0.902,0.106,0.243,120.006,245426.0,4,85.0
0.491,0.867,-2.313,0,0.103,0.167,0.458,0.602,167.965,189187.0,4,67.0
0.559,0.35,-12.01,1,0.0245,0.605,0.102,0.413,78.035,2.592216667,4,51.0
0.749,0.723,-4.15,1,0.0612,0.00614,0.191,0.416,139.933,193714.0,4,11.0
0.504,0.604,-9.249,1,0.0479,0.365,0.112,0.409,81.087,199947.0,4,28.0
0.326,0.377,-14.254,1,0.0503,0.961,0.067,0.645,118.223,353419.0,5,16.0
0.605,0.662,-5.216,0,0.0347,0.452,0.0706,0.742,106.036,183347.0,4,27.0
0.663,0.81,-6.778,0,0.347,0.241,0.0963,0.664,166.067,231867.0,4,10.0
0.395,0.787,-5.433,1,0.157,0.684,0.175,0.515,174.626,190893.0,4,30.0
0.31,0.832,-5.139,1,0.0369,2.9e-05,0.411,0.416,153.284,266200.0,4,34.0
0.679,0.768,-7.246,1,0.0787,0.254,0.0916,0.685,126.117,266627.0,4,54.0
0.677,0.71,-7.914,1,0.0756,0.00978,0.196,0.864,107.965,226002.0,4,50.0
0.245,0.531,-11.252,1,0.0424,0.394,0.266,0.503,66.936,191467.0,4,16.0
0.463,0.984,-4.043,0,0.0802,7.71e-05,0.318,0.364,85.87,240400.0,4,42.0
0.287,0.91,-5.759,1,0.0571,4.12e-05,0.277,0.367,84.499,262427.0,4,51.0
0.685,0.25,-15.138,1,0.0416,0.911,0.108,0.317,103.387,3.11325,4,60.0
0.432,0.446,-16.373,1,0.091,0.347,0.115,0.15,127.081,411732.0,4,20.0
0.736,0.703,-6.09,0,0.0676,0.302,0.308,0.795,125.941,184967.0,4,47.0
0.663,0.786,-5.325,1,0.0353,0.212,0.0957,0.319,145.977,203751.0,4,61.0
0.686,0.127,-14.361,1,0.0342,0.754,0.0573,0.372,93.699,138387.0,4,74.0
0.686,0.751,-5.747,0,0.0604,0.00604,0.0979,0.851,100.222,270520.0,4,64.0
0.923,0.633,-7.226,0,0.315,0.0136,0.861,0.727,136.991,133080.0,4,51.0
0.479,0.55,-7.123,0,0.0288,0.0373,0.321,0.214,99.698,205427.0,4,32.0
0.366,0.894,-4.682,0,0.0568,3.45e-05,0.267,0.304,82.305,247267.0,3,67.0
0.875,0.407,-10.505,1,0.0376,0.0769,0.116,0.777,109.088,198773.0,4,68.0
0.156,0.138,-18.612,0,0.0326,0.965,0.139,0.0982,59.862,95303.0,4,35.0
0.672,0.855,-3.764,1,0.0397,0.021,0.323,0.646,123.056,182200.0,4,82.0
0.556,0.297,-10.841,1,0.0344,0.717,0.141,0.282,130.617,275493.0,3,50.0
0.65,0.957,-3.4,0,0.0439,0.0102,0.193,0.877,128.009,370387.0,4,50.0
0.644,0.616,-5.755,0,0.0325,0.14,0.0745,0.345,147.083,199773.0,4,54.0
0.584,0.754,-8.482,0,0.0404,0.0315,0.127,0.398,139.964,185143.0,4,27.0
0.473,0.985,-3.312,1,0.132,8.91e-05,0.13,0.082,125.003,264940.0,4,39.0
0.842,0.941,-6.912,1,0.0517,0.136,0.0645,0.716,119.075,191987.0,4,32.0
0.589,0.691,-9.078,1,0.0717,0.318,0.0875,0.966,179.908,233340.0,4,20.0
0.384,0.292,-6.762,1,0.0311,0.623,0.0998,0.433,166.626,181350.0,4,40.0
0.723,0.895,-3.707,0,0.102,0.088,0.0717,0.963,143.373,188667.0,4,73.0
0.418,0.835,-4.824,0,0.0449,2.33e-06,0.289,0.549,104.986,294867.0,4,63.0
0.524,0.935,-12.208,1,0.0649,0.00471,0.0955,0.467,96.026,246453.0,4,41.0
0.714,0.392,-10.873,1,0.0842,0.849,0.0779,0.656,145.001,192008.0,4,49.0
0.654,0.801,-7.529,1,0.085,0.0338,0.348,0.458,81.095,180227.0,4,45.0
0.751,0.709,-7.291,0,0.037,0.0149,0.176,0.795,118.249,259267.0,4,53.0
0.302,0.907,-4.644,0,0.0708,0.000784,0.148,0.0624,111.539,328094.0,1,43.0
0.467,0.851,-7.116,0,0.0401,0.00364,0.136,0.211,160.031,235680.0,4,48.0
0.795,0.644,-7.521,0,0.0319,0.28,0.201,0.804,119.01,197145.0,4,39.0
0.389,0.256,-9.01,1,0.0508,0.822,0.114,0.382,74.517,195038.0,3,56.0
0.463,0.939,-6.56,1,0.041,3.57e-06,0.331,0.494,101.989,267794.0,3,26.0
0.689,0.74,-9.161,0,0.0393,0.0666,0.187,0.788,121.212,318040.0,4,44.0
0.465,0.658,-9.507,0,0.0383,0.000788,0.0842,0.464,79.012,151490.0,4,51.0
0.42,0.243,-12.448,1,0.045,0.891,0.0981,0.268,167.278,213281.0,3,49.0
0.577,0.896,-6.662,0,0.0392,0.0108,0.206,0.591,127.967,247307.0,4,53.0
0.615,0.74,-4.225,0,0.0469,0.201,0.351,0.771,148.049,277160.0,4,28.0
0.34,0.579,-7.656,1,0.0296,0.0414,0.201,0.631,168.21,227173.0,4,28.0
0.53,0.699,-7.282,1,0.0639,0.393,0.0636,0.711,118.362,4.505783333,4,32.0
0.801,0.699,-8.18,0,0.279,0.00575,0.146,0.655,94.605,238467.0,4,76.0
0.468,0.998,-2.158,1,0.235,0.000405,0.39,0.0705,99.928,171880.0,4,42.0
0.799,0.543,-6.094,0,0.24,0.0512,0.134,0.25,187.906,85742.0,4,71.0
0.514,0.917,-5.706,0,0.0344,0.000168,0.0951,0.374,97.606,232067.0,4,39.0
0.471,0.478,-6.388,1,0.0311,0.126,0.0981,0.277,127.971,237213.0,4,43.0
0.775,0.757,-4.607,0,0.228,0.489,0.28,0.541,140.044,251237.0,4,77.0
0.912,0.608,-7.686,1,0.397,0.0458,0.248,0.327,136.994,136900.0,4,77.0
0.58,0.888,-5.424,0,0.0305,0.00143,0.367,0.678,125.982,163610.0,4,33.0
0.563,0.82,-6.74,0,0.0489,0.00546,0.191,0.558,123.035,182470.0,4,47.0
0.574,0.66,-6.804,1,0.103,0.0283,0.0451,0.579,88.541,227185.0,4,31.0
0.54,0.711,-5.797,1,0.0265,0.0111,0.166,0.25,90.607,225787.0,4,39.0
0.721,0.97,-7.283,0,0.056,0.000263,0.0669,0.898,140.044,227079.0,4,10.0
0.82,0.543,-9.568,0,0.334,0.193,0.163,0.824,139.992,181786.0,4,57.0
0.211,0.973,-3.292,1,0.154,0.0015,0.0597,0.309,154.295,184640.0,4,47.0
0.558,0.563,-6.01,0,0.0277,0.0331,0.107,0.349,105.037,234866.0,4,33.0
0.502,0.912,-4.556,1,0.0564,2.55e-05,0.106,0.72,116.761,301920.0,4,82.0
0.464,0.957,-6.629,0,0.116,0.000982,0.31,0.251,154.953,192772.0,4,38.0
0.499,0.21,-9.122,1,0.042,0.891,0.726,0.39,140.23,4.76445,3,63.0
0.441,0.532,-13.569,1,0.0333,3.4e-05,0.252,0.408,103.67,264533.0,4,24.0
0.563,0.417,-7.983,1,0.0384,0.598,0.303,0.395,75.401,234973.0,4,53.0
0.378,0.0761,-23.045,1,0.0351,0.979,0.185,0.0698,111.29,4.145833333,4,50.0
0.446,0.64,-4.191,0,0.032,0.128,0.0758,0.182,110.076,198545.0,4,53.0
0.575,0.904,-3.501,0,0.0384,0.00141,0.149,0.769,105.071,214330.0,4,38.0
0.232,0.876,-8.287,1,0.0415,1.38e-05,0.255,0.133,103.556,294760.0,4,44.0
0.467,0.332,-10.83,1,0.0278,0.595,0.145,0.161,105.056,266840.0,4,40.0
0.536,0.286,-12.444,1,0.0287,0.41,0.136,0.242,89.74,3.36045,4,52.0
0.653,0.524,-9.016,0,0.0502,0.112,0.203,0.553,83.97,160191.0,4,94.0
0.355,0.928,-5.97,0,0.0946,0.000219,0.0593,0.0401,92.0,350501.0,4,21.0
0.416,0.681,-7.122,0,0.0384,0.00971,0.105,0.266,149.892,288147.0,4,53.0
0.521,0.76,-6.726,0,0.036,0.00165,0.172,0.501,78.954,268240.0,4,43.0
0.463,0.97,-4.369,1,0.17,8.56e-05,0.0983,0.112,114.927,152089.0,4,42.0
0.619,0.504,-6.838,1,0.0436,0.643,0.114,0.392,129.434,210704.0,4,39.0
0.542,0.828,-3.91,0,0.0536,0.00175,0.06,0.785,126.037,194626.0,4,55.0
0.628,0.504,-10.092,1,0.0482,0.345,0.334,0.375,126.083,244369.0,4,50.0
0.632,0.76,-4.798,0,0.0342,0.00245,0.0494,0.671,119.95,257758.0,4,58.0
0.67,0.266,-17.091,1,0.0423,0.898,0.223,0.314,144.458,208383.0,4,51.0
0.359,0.949,-7.649,1,0.101,0.0556,0.236,0.212,134.118,212480.0,4,61.0
0.276,0.639,-11.674,1,0.0471,0.0178,0.292,0.643,186.502,230507.0,4,61.0
0.646,0.669,-7.31,0,0.0275,0.0148,0.373,0.484,114.999,191685.0,4,47.0
0.646,0.913,-2.811,1,0.0376,0.0206,0.14,0.662,119.996,272467.0,4,47.0
0.801,0.724,-5.061,1,0.362,0.411,0.0901,0.7,141.088,207660.0,4,28.0
0.581,0.201,-15.421,0,0.0509,0.937,0.137,0.448,126.745,6.558883333,4,42.0
0.503,0.49,-8.553,1,0.0279,0.323,0.0873,0.68,148.884,222400.0,4,60.0
0.779,0.755,-4.132,1,0.298,0.143,0.485,0.414,139.933,141912.0,4,50.0
0.197,0.855,-5.469,0,0.0637,0.000516,0.0979,0.0875,175.415,239992.0,4,43.0
0.396,0.201,-15.007,0,0.0343,0.98,0.156,0.122,91.439,5.973416667,4,44.0
0.884,0.677,-5.603,1,0.283,0.0778,0.0732,0.584,101.868,263227.0,4,71.0
0.623,0.519,-7.23,1,0.11,0.0571,0.103,0.495,167.951,180000.0,4,34.0
0.702,0.748,-9.304,1,0.0463,0.0334,0.104,0.967,123.02,214146.0,4,59.0
0.569,0.465,-7.294,1,0.0317,0.632,0.113,0.321,74.955,237827.0,4,45.0
0.676,0.0791,-12.692,1,0.033,0.876,0.0972,0.18,95.833,210716.0,4,49.0
0.446,0.778,-4.774,1,0.173,0.000201,0.0492,0.683,94.508,209480.0,4,66.0
0.528,0.621,-8.559,1,0.0455,0.346,0.11,0.46,98.419,175737.0,4,61.0
0.421,0.451,-6.684,0,0.032,0.683,0.108,0.456,179.938,214518.0,3,22.0
0.434,0.893,-3.814,1,0.0471,0.131,0.125,0.762,135.502,213200.0,4,20.0
0.721,0.322,-7.243,1,0.0378,0.729,0.223,0.781,75.968,102954.0,4,50.0
0.532,0.929,-4.847,0,0.0591,0.00139,0.0884,0.795,141.073,224373.0,4,56.0
0.394,0.674,-6.608,0,0.0708,0.133,0.133,0.192,140.022,216342.0,5,38.0
0.542,0.905,-5.653,1,0.054,0.00172,0.136,0.374,153.398,203347.0,4,82.0
0.344,0.809,-8.984,1,0.124,0.000563,0.0935,0.394,125.281,211653.0,4,33.0
0.697,0.667,-6.354,1,0.0395,0.0038,0.236,0.698,136.051,187059.0,3,40.0
0.462,0.0298,-25.49,1,0.0381,0.974,0.107,0.0877,90.083,3.2892,4,56.0
0.545,0.78,-4.975,0,0.0896,0.00753,0.0817,0.477,126.014,220129.0,4,31.0
0.337,0.984,-4.136,1,0.234,0.000694,0.366,0.0884,104.977,278287.0,4,20.0
0.666,0.603,-7.314,1,0.0258,0.00031,0.0993,0.195,116.84,168667.0,3,55.0
0.529,0.827,-7.619,1,0.0369,0.00434,0.134,0.678,79.033,296813.0,4,45.0
0.933,0.526,-6.398,1,0.244,0.00879,0.276,0.833,131.99,148484.0,4,64.0
0.522,0.97,-4.576,0,0.209,5.53e-05,0.246,0.488,121.054,227012.0,4,62.0
0.415,0.95,-4.676,1,0.0621,0.00126,0.133,0.552,160.017,194288.0,4,62.0
0.476,0.3,-11.227,1,0.06,0.47,0.0951,0.403,76.71,237187.0,4,29.0
0.322,0.646,-8.573,1,0.0333,0.52,0.972,0.153,113.154,3.495333333,4,44.0
0.408,0.716,-6.049,1,0.0438,0.599,0.0764,0.332,113.932,3.916666667,4,13.0
0.551,0.438,-10.297,0,0.187,0.243,0.0972,0.248,130.814,221054.0,5,60.0
0.314,0.768,-7.713,0,0.0588,0.464,0.979,0.419,94.369,410280.0,4,25.0
0.212,0.0672,-23.246,0,0.0505,0.961,0.0991,0.035,105.887,2.470833333,4,43.0
0.405,0.155,-12.775,1,0.056,0.921,0.116,0.152,68.694,188800.0,4,43.0
0.29,0.751,-5.853,1,0.0436,0.0177,0.089,0.678,151.097,219266.0,1,40.0
0.419,0.967,-3.349,0,0.087,0.537,0.186,0.837,147.158,139840.0,4,41.0
0.717,0.577,-5.436,1,0.0491,0.708,0.0899,0.235,104.927,185520.0,3,76.0
0.528,0.965,-7.984,0,0.0465,0.141,0.0797,0.587,136.065,225493.0,4,69.0
0.419,0.2,-19.053,0,0.106,0.868,0.145,0.48,88.73,184189.0,4,29.0
0.398,0.355,-12.434,0,0.0305,0.512,0.146,0.634,143.147,5.963116667,4,45.0
0.708,0.307,-15.327,1,0.0669,0.783,0.0894,0.192,107.953,166139.0,4,34.0
0.574,0.599,-2.6,1,0.0273,0.529,0.369,0.716,94.941,186387.0,4,32.0
0.612,0.807,-2.81,1,0.0336,0.0495,0.101,0.398,124.053,4.006666667,4,87.0
0.629,0.112,-10.288,1,0.0405,0.611,0.107,0.227,126.379,226240.0,4,46.0
0.423,0.497,-6.025,1,0.0296,0.108,0.118,0.0756,114.629,273360.0,4,15.0
0.646,0.508,-5.924,0,0.279,0.476,0.108,0.194,92.102,146087.0,4,46.0
0.674,0.231,-14.035,1,0.0308,0.924,0.119,0.26,130.029,3.50365,4,34.0
0.343,0.91,-5.734,1,0.0648,0.00136,0.0717,0.15,163.975,225732.0,4,54.0
0.553,0.905,-3.912,1,0.0577,0.000852,0.299,0.689,144.993,200887.0,4,43.0
0.811,0.859,-6.317,1,0.168,0.205,0.0761,0.784,90.686,2.16488333,4,63.0
0.343,0.732,-5.189,1,0.044,0.00533,0.0685,0.392,180.162,180772.0,4,49.0
0.452,0.205,-10.901,1,0.0524,0.899,0.108,0.548,179.224,3.77445,3,36.0
0.599,0.906,-5.133,0,0.0641,0.0158,0.108,0.712,120.024,302423.0,4,41.0
0.585,0.397,-11.083,1,0.0275,0.225,0.0782,0.153,96.02,218413.0,4,35.0
0.529,0.472,-12.475,0,0.0303,0.176,0.0831,0.362,136.074,332333.0,4,23.0
0.53,0.97,-6.248,0,0.0675,0.00354,0.356,0.158,111.881,261680.0,4,48.0
0.553,0.0793,-19.394,1,0.0592,0.994,0.119,0.349,102.19,2.861766667,4,49.0
0.615,0.515,-9.216,1,0.0241,0.216,0.0951,0.278,102.014,270588.0,4,25.0
0.392,0.588,-5.218,0,0.0406,0.46,0.0842,0.246,133.117,3.638816667,4,27.0
0.299,0.545,-8.326,1,0.0339,0.000143,0.101,0.0387,144.017,600283.0,4,31.0
0.505,0.948,-4.724,1,0.0659,0.00018,0.128,0.594,133.561,182907.0,4,45.0
0.71,0.875,-6.983,1,0.0426,0.366,0.164,0.582,123.01,318680.0,4,31.0
0.687,0.782,-4.196,1,0.0334,0.356,0.254,0.734,115.168,229910.0,4,50.0
0.532,0.992,-2.68,0,0.135,0.000794,0.1,0.5,90.019,203244.0,4,43.0
0.584,0.836,-4.487,1,0.0348,0.132,0.144,0.495,124.131,220347.0,4,56.0
0.545,0.865,-5.708,0,0.0286,0.00664,0.168,0.543,99.009,233933.0,4,79.0
0.635,0.492,-8.68,0,0.0523,0.763,0.121,0.234,128.119,175956.0,4,20.0
0.549,0.601,-13.54,1,0.346,0.747,0.288,0.963,161.966,148000.0,4,34.0
0.765,0.473,-5.829,1,0.0514,0.287,0.391,0.34,119.992,237300.0,4,80.0
0.71,0.597,-6.468,1,0.239,0.221,0.432,0.49,95.769,225400.0,4,60.0
0.795,0.63,-7.217,0,0.0841,0.0419,0.0894,0.785,108.701,181107.0,4,69.0
0.483,0.615,-8.538,1,0.0497,0.452,0.0512,0.594,80.576,8.61875,3,71.0
0.561,0.823,-4.851,1,0.097,0.0029,0.492,0.525,93.504,200760.0,4,45.0
0.694,0.841,-6.499,0,0.0393,0.229,0.369,0.813,109.073,175143.0,4,28.0
0.779,0.963,-2.125,0,0.0399,0.0334,0.664,0.759,127.941,222187.0,4,63.0
0.745,0.572,-7.57,0,0.0657,0.00578,0.667,0.58,126.04,460000.0,4,41.0
0.378,0.799,-6.355,0,0.109,0.0408,0.149,0.521,174.027,157413.0,4,33.0
0.487,0.678,-6.908,1,0.0277,0.0814,0.168,0.869,87.241,147187.0,4,21.0
0.269,0.948,-2.409,1,0.147,0.000157,0.33,0.104,119.947,90492.0,4,39.0
0.603,0.732,-5.643,0,0.15,0.195,0.246,0.134,195.976,209573.0,4,50.0
0.806,0.304,-9.588,1,0.0438,0.954,0.104,0.635,120.042,2.738366667,3,39.0
0.429,0.571,-10.989,1,0.0419,0.2,0.113,0.318,168.008,246526.0,4,24.0
0.291,0.846,-8.196,1,0.0485,0.0531,0.239,0.593,77.952,217360.0,4,30.0
0.266,0.946,-2.855,1,0.171,0.00781,0.26,0.498,168.465,179973.0,4,51.0
0.539,0.849,-3.878,1,0.121,0.0323,0.3,0.148,126.024,246291.0,4,35.0
0.64,0.753,-8.025,0,0.0462,0.0451,0.0356,0.807,108.511,5.15355,4,32.0
0.503,0.881,-7.909,1,0.0448,2.45e-05,0.324,0.408,132.302,228850.0,4,36.0
0.293,0.229,-17.521,1,0.0333,0.994,0.0758,0.0952,111.949,215947.0,4,35.0
0.455,0.229,-13.057,1,0.0318,0.531,0.111,0.229,79.059,229280.0,4,16.0
0.721,0.539,-14.064,1,0.351,0.685,0.282,0.963,102.648,4.030216667,4,57.0
0.506,0.322,-9.157,0,0.0269,0.574,0.0893,0.219,73.836,253413.0,4,37.0
0.419,0.383,-11.782,1,0.0256,0.0724,0.0896,0.35,87.568,257480.0,4,73.0
0.417,0.954,-4.152,0,0.0627,0.00151,0.407,0.146,96.993,281333.0,4,59.0
0.745,0.549,-5.956,1,0.0608,0.386,0.138,0.328,75.011,143104.0,4,49.0
0.529,0.992,0.101,1,0.131,0.00101,0.341,0.392,110.05,192273.0,4,40.0
0.487,0.914,-4.866,1,0.0461,0.000873,0.28,0.704,157.919,161733.0,4,44.0
0.404,0.514,-6.849,1,0.031,0.00137,0.252,0.163,120.2,219998.0,4,31.0
0.422,0.33,-14.202,1,0.133,0.942,0.964,0.475,80.024,4.80245,4,39.0
0.462,0.884,-6.231,1,0.0469,1.89e-05,0.107,0.334,152.055,163800.0,4,34.0
0.252,0.884,-4.197,0,0.087,0.00019,0.307,0.75,89.975,232618.0,4,40.0
0.586,0.636,-4.195,0,0.125,0.512,0.145,0.151,149.636,203200.0,4,26.0
0.503,0.906,-3.611,0,0.13,0.0079,0.417,0.346,84.033,188670.0,4,42.0
0.793,0.596,-7.426,1,0.392,0.0303,0.623,0.708,82.113,269693.0,4,51.0
0.564,0.368,-10.228,1,0.0281,0.587,0.18,0.544,139.01,3.497283333,4,38.0
0.605,0.609,-7.063,1,0.0278,0.188,0.0982,0.275,119.914,3.838883333,4,62.0
0.232,0.946,-4.395,1,0.0661,0.0122,0.088,0.262,181.958,297120.0,4,41.0
0.831,0.815,-6.181,1,0.0854,0.0273,0.376,0.59,100.981,148005.0,4,32.0
0.783,0.361,-7.949,0,0.1,0.0474,0.0861,0.413,75.0,207090.0,4,43.0
0.756,0.781,-6.025,1,0.0668,0.136,0.329,0.887,146.908,144487.0,4,46.0
0.341,0.552,-10.503,1,0.0423,8.02e-05,0.0591,0.486,121.361,182493.0,4,64.0
0.818,0.341,-13.407,1,0.0976,0.558,0.0799,0.928,126.741,172000.0,4,19.0
0.476,0.361,-9.312,1,0.0287,0.518,0.0817,0.389,106.484,190853.0,4,54.0
0.726,0.463,-7.828,1,0.0799,0.00817,0.255,0.321,123.881,231733.0,4,83.0
0.758,0.835,-5.454,1,0.04,0.0311,0.0712,0.836,120.045,258867.0,4,60.0
0.306,0.54,-7.196,1,0.0414,0.625,0.152,0.147,75.382,227707.0,4,50.0
0.787,0.699,-3.405,0,0.0384,0.69,0.152,0.611,108.022,217778.0,4,55.0
0.792,0.694,-8.496,0,0.33,0.0619,0.25,0.804,177.094,309773.0,4,60.0
0.596,0.576,-7.955,1,0.0388,0.376,0.107,0.485,160.176,216933.0,4,60.0
0.482,0.733,-9.978,0,0.0771,5.69e-05,0.605,0.187,122.972,218627.0,4,44.0
0.554,0.639,-7.163,0,0.0278,0.359,0.205,0.644,180.638,304800.0,4,60.0
0.698,0.886,-8.049,0,0.425,0.248,0.751,0.698,125.109,261135.0,4,28.0
0.391,0.536,-8.8,1,0.0376,0.0369,0.129,0.589,96.044,245290.0,4,27.0
0.469,0.862,-6.48,0,0.109,0.000248,0.0661,0.322,87.048,217459.0,4,55.0
0.551,0.86,-7.839,1,0.0796,0.262,0.0558,0.723,136.921,141507.0,4,68.0
0.378,0.988,-2.863,1,0.31,0.0167,0.103,0.227,95.206,202105.0,4,36.0
0.643,0.726,-9.314,1,0.0255,0.000772,0.07,0.925,100.687,308333.0,4,64.0
0.444,0.982,-3.269,1,0.0945,0.000114,0.35,0.257,139.98,216160.0,4,40.0
0.888,0.699,-10.425,1,0.164,0.0159,0.111,0.697,103.066,198253.0,4,55.0
0.723,0.49,-14.745,0,0.0296,0.111,0.0923,0.795,129.012,252773.0,4,72.0
0.482,0.79,-5.221,1,0.038,0.303,0.1,0.47,169.064,280213.0,4,62.0
0.383,0.909,-6.623,1,0.0825,2.62e-06,0.311,0.503,179.985,162000.0,4,34.0
0.547,0.523,-9.176,1,0.0572,0.724,0.103,0.89,169.598,142907.0,4,61.0
0.446,0.906,-13.128,1,0.0353,0.00231,0.151,0.899,154.177,190160.0,4,41.0
0.247,0.833,-5.086,1,0.0706,0.0272,0.215,0.228,165.995,274825.0,4,45.0
0.324,0.416,-8.92,0,0.0368,0.262,0.11,0.151,113.986,236053.0,4,78.0
0.489,0.59,-6.892,0,0.03,0.372,0.129,0.264,139.966,256697.0,4,29.0
0.774,0.445,-8.747,0,0.054,0.579,0.367,0.545,138.01,256573.0,4,45.0
0.797,0.855,-3.984,1,0.0467,0.515,0.115,0.884,130.755,183530.0,4,41.0
0.271,0.48,-13.697,0,0.0328,0.821,0.0841,0.57,105.868,1041200.0,3,16.0
0.57,0.704,-8.32,1,0.0314,0.0104,0.0905,0.437,115.041,214987.0,4,51.0
0.556,0.792,-10.683,1,0.0715,0.858,0.596,0.776,98.554,5.158216667,4,16.0
0.874,0.318,-6.869,1,0.0454,0.0353,0.217,0.919,116.117,215067.0,4,60.0
0.78,0.653,-7.085,1,0.0311,0.42,0.0997,0.527,116.008,215293.0,4,42.0
0.671,0.739,-5.051,1,0.0545,0.338,0.0632,0.43,131.973,3.647116667,4,46.0
0.356,0.914,-5.698,1,0.0689,0.00108,0.139,0.149,136.104,180027.0,4,49.0
0.523,0.462,-11.471,1,0.073,0.887,0.68,0.961,173.331,160731.0,4,29.0
0.733,0.427,-8.855,1,0.0344,0.672,0.14,0.603,119.996,196647.0,4,48.0
0.799,0.686,-5.691,0,0.268,0.131,0.202,0.5,113.989,189474.0,4,51.0
0.479,0.963,-4.564,1,0.059,0.000306,0.111,0.573,131.931,191338.0,4,54.0
0.597,0.481,-11.095,0,0.0464,0.651,0.0764,0.459,100.056,5.636966667,4,19.0
0.499,0.4,-10.713,1,0.0602,0.863,0.0929,0.543,72.799,204524.0,4,39.0
0.598,0.646,-7.283,0,0.0287,0.452,0.135,0.372,127.928,181560.0,4,44.0
0.336,0.987,-6.044,0,0.128,2.14e-06,0.0738,0.094,113.549,237627.0,4,31.0
0.613,0.654,-7.683,1,0.032,0.00732,0.0679,0.313,112.985,300483.0,4,36.0
0.5,0.195,-15.948,0,0.0283,0.887,0.141,0.304,84.996,198754.0,4,25.0
0.324,0.056,-20.22,0,0.033,0.965,0.109,0.122,30.557,3.293316667,4,52.0
0.628,0.744,-4.718,1,0.0379,0.0257,0.313,0.277,119.921,169397.0,4,80.0
0.559,0.931,-5.863,1,0.0721,0.00318,0.0624,0.644,90.911,190760.0,4,67.0
0.735,0.56,-7.03,0,0.145,0.0688,0.0629,0.587,174.97,276427.0,4,27.0
0.625,0.524,-10.965,1,0.046,0.0405,0.122,0.516,125.348,415467.0,4,46.0
0.484,0.278,-17.089,1,0.037,0.672,0.0923,0.362,145.351,5.259783333,4,42.0
0.915,0.514,-5.636,0,0.188,0.0142,0.106,0.834,94.984,141581.0,4,64.0
0.478,0.856,-4.274,1,0.101,0.127,0.158,0.339,89.863,3.668666667,4,37.0
0.651,0.516,-13.628,1,0.0277,0.00244,0.0973,0.453,115.154,388800.0,4,61.0
0.382,0.798,-7.308,1,0.0661,0.0927,0.143,0.521,135.009,4.963916667,4,8.0
0.549,0.867,-4.666,1,0.0371,0.0108,0.171,0.486,110.032,186760.0,4,34.0
0.612,0.789,-8.142,1,0.0339,0.0687,0.135,0.657,135.952,212627.0,4,48.0
0.701,0.39,-8.235,1,0.032,0.732,0.107,0.457,119.956,199145.0,4,63.0
0.751,0.703,-5.687,1,0.0287,0.368,0.196,0.907,97.931,185960.0,4,65.0
0.803,0.497,-14.659,0,0.403,0.792,0.15,0.594,139.912,192857.0,4,33.0
0.357,0.623,-7.166,0,0.0423,0.0103,0.24,0.544,183.926,223427.0,3,30.0
0.394,0.576,-7.489,1,0.029,0.289,0.177,0.684,121.008,235067.0,4,28.0
0.628,0.722,-7.702,1,0.0482,0.453,0.962,0.446,123.999,3.61955,4,37.0
0.655,0.934,-4.771,0,0.0421,0.0934,0.0896,0.719,94.197,3.256666667,4,39.0
0.512,0.943,-5.185,0,0.106,0.0136,0.261,0.486,163.134,265053.0,4,6.0
0.741,0.658,-7.758,1,0.0853,0.643,0.307,0.746,142.057,246013.0,4,48.0
0.546,0.927,-4.581,1,0.046,0.0683,0.322,0.614,140.08,164335.0,4,52.0
0.516,0.957,-4.244,1,0.0953,8.76e-05,0.136,0.276,112.991,245757.0,4,51.0
0.249,0.66,-6.905,1,0.0342,0.504,0.0891,0.435,149.813,248947.0,4,69.0
0.546,0.76,-6.887,0,0.0399,0.00629,0.0737,0.41,101.936,188027.0,4,58.0
0.783,0.706,-11.098,0,0.0703,0.00214,0.109,0.124,121.982,283266.0,4,47.0
0.396,0.415,-7.56,0,0.0283,0.846,0.141,0.38,81.778,189893.0,3,58.0
0.64,0.614,-7.428,0,0.0271,0.0161,0.0951,0.826,94.001,201525.0,4,50.0
0.667,0.417,-10.732,1,0.047,0.666,0.671,0.329,109.954,230404.0,4,43.0
0.366,0.606,-10.274,1,0.0371,0.000994,0.0762,0.137,143.183,574733.0,4,50.0
0.592,0.837,-6.987,0,0.0375,0.45,0.145,0.67,167.992,166613.0,4,50.0
0.198,0.89,-5.786,0,0.0864,9.49e-05,0.099,0.0705,172.014,276485.0,3,27.0
0.391,0.756,-11.317,1,0.0648,0.413,0.879,0.839,131.648,258467.0,4,57.0
0.522,0.817,-9.069,1,0.0668,0.118,0.135,0.678,170.97,203680.0,4,41.0
0.512,0.785,-4.21,1,0.12,0.0608,0.0673,0.598,79.183,523203.0,4,57.0
0.485,0.911,-4.833,1,0.0429,0.0315,0.323,0.724,113.075,181787.0,4,38.0
0.337,0.859,-6.454,0,0.051,0.339,0.78,0.873,171.259,507600.0,4,35.0
0.636,0.774,-5.219,1,0.0449,0.00335,0.076,0.906,109.999,206662.0,4,52.0
0.734,0.707,-6.255,1,0.15,0.289,0.0777,0.816,81.988,166000.0,4,37.0
0.656,0.194,-13.487,0,0.0834,0.975,0.0918,0.0671,119.803,3.233333333,4,49.0
0.831,0.66,-5.284,0,0.0301,0.362,0.0674,0.942,110.019,245580.0,4,52.0
0.256,0.992,-4.505,1,0.136,8.41e-06,0.096,0.144,101.895,279373.0,4,47.0
0.445,0.856,-3.674,1,0.0327,0.000202,0.367,0.486,105.872,308333.0,3,72.0
0.637,0.87,-3.796,1,0.13,0.00379,0.0771,0.735,82.044,248956.0,4,43.0
0.929,0.836,-6.833,1,0.277,0.233,0.111,0.815,137.069,199560.0,4,42.0
0.507,0.52,-8.725,0,0.0355,0.0228,0.108,0.169,127.03,320547.0,4,50.0
0.427,0.634,-7.257,1,0.0534,0.508,0.13,0.38,169.933,6.686216667,4,12.0
0.59,0.592,-6.977,1,0.0319,0.0195,0.126,0.188,123.501,275480.0,4,43.0
0.465,0.889,-9.942,1,0.0969,0.111,0.104,0.118,97.446,472201.0,4,24.0
0.599,0.377,-9.829,1,0.105,0.441,0.105,0.543,74.314,213137.0,4,61.0
0.366,0.0642,-29.454,1,0.0314,0.934,0.0737,0.115,105.904,7.507866667,4,40.0
0.872,0.643,-6.775,1,0.0503,0.202,0.0732,0.542,114.963,197543.0,4,36.0
0.706,0.917,-4.123,0,0.0355,0.015,0.0385,0.382,125.407,370983.0,4,36.0
0.521,0.625,-7.47,1,0.067,0.0301,0.121,0.136,101.019,334067.0,4,71.0
0.631,0.763,-6.749,1,0.0269,0.00786,0.207,0.387,115.121,329627.0,4,52.0
0.644,0.617,-7.139,1,0.0287,0.000203,0.0902,0.805,99.057,208212.0,4,38.0
0.137,0.122,-18.731,1,0.0359,0.717,0.0998,0.0575,77.732,3.501883333,4,16.0
0.546,0.836,-6.448,1,0.0375,0.000195,0.331,0.531,120.013,198710.0,4,38.0
0.496,0.897,-3.807,1,0.0408,0.00689,0.0949,0.749,146.064,202450.0,4,35.0
0.749,0.562,-8.45,1,0.0281,0.215,0.105,0.807,115.008,253296.0,4,69.0
0.442,0.846,-5.214,1,0.0764,0.0538,0.282,0.622,128.235,217653.0,4,69.0
0.799,0.828,-4.846,0,0.0782,0.424,0.145,0.627,105.04,4.271183333,4,57.0
0.426,0.787,-6.053,1,0.0408,0.000279,0.0614,0.477,138.19,218720.0,4,37.0
0.721,0.745,-3.508,0,0.0366,0.151,0.372,0.699,90.988,3.21241667,4,77.0
0.474,0.789,-1.717,1,0.0357,0.000537,0.127,0.58,94.008,225520.0,4,42.0
0.482,0.719,-8.794,1,0.0558,0.0146,0.155,0.909,87.743,159707.0,4,33.0
0.831,0.696,-5.488,1,0.264,0.000397,0.209,0.709,128.117,210479.0,4,23.0
0.476,0.929,-6.576,1,0.0566,2.03e-06,0.352,0.326,119.951,320787.0,4,37.0
0.644,0.349,-5.315,0,0.0364,0.206,0.125,0.246,94.971,198947.0,4,64.0
0.393,0.81,-5.003,1,0.0509,1.37e-05,0.263,0.261,144.958,218907.0,4,44.0
0.693,0.979,-5.101,0,0.0913,0.00655,0.0265,0.653,149.099,201533.0,4,58.0
0.396,0.899,-13.453,0,0.0516,0.0063,0.986,0.626,146.407,288973.0,4,28.0
0.525,0.922,-6.136,1,0.0735,0.000167,0.77,0.494,142.971,188243.0,4,44.0
0.604,0.0631,-22.73,1,0.0376,0.909,0.109,0.208,116.404,4.589733333,4,48.0
0.446,0.9,-3.541,0,0.0489,0.000102,0.0404,0.88,187.961,190787.0,4,67.0
0.573,0.341,-11.324,1,0.0327,0.854,0.107,0.334,128.989,3.479116667,4,49.0
0.38,0.508,-10.232,1,0.151,0.732,0.116,0.341,106.213,208599.0,4,51.0
0.696,0.922,-5.672,1,0.0474,0.479,0.267,0.828,106.468,174240.0,4,29.0
0.373,0.924,-9.1,0,0.0553,0.00011,0.0836,0.347,135.02,297293.0,4,55.0
0.588,0.363,-9.153,1,0.0281,0.185,0.149,0.509,142.993,209493.0,4,51.0
0.332,0.841,-6.888,0,0.043,3.34e-05,0.806,0.556,132.712,239314.0,4,38.0
0.695,0.687,-5.385,0,0.19,0.0551,0.118,0.709,108.037,163013.0,4,45.0
0.779,0.633,-8.317,0,0.214,0.0338,0.162,0.466,96.047,143107.0,4,51.0
0.463,0.836,-2.224,1,0.0419,0.00142,0.342,0.379,169.916,159637.0,4,64.0
0.533,0.478,-16.319,1,0.0324,0.662,0.0931,0.96,182.921,303933.0,3,29.0
0.254,0.945,-4.877,1,0.153,0.000281,0.207,0.223,155.979,228832.0,4,55.0
0.82,0.417,-10.209,0,0.305,0.3,0.108,0.502,125.043,177467.0,4,57.0
0.331,0.076,-20.659,1,0.0358,0.932,0.112,0.103,164.069,2.958933333,4,42.0
0.363,0.553,-7.698,1,0.0299,0.00754,0.909,0.0908,142.865,330840.0,4,57.0
0.66,0.475,-10.152,1,0.0299,0.751,0.108,0.214,123.031,4.900216667,4,26.0
0.754,0.65,-7.727,0,0.372,0.0594,0.103,0.309,135.161,190241.0,4,13.0
0.692,0.809,-5.935,1,0.0255,0.1,0.185,0.927,104.023,4.389783333,4,73.0
0.694,0.394,-15.881,1,0.0428,0.0781,0.247,0.719,104.126,3.97911667,4,75.0
0.363,0.81,-4.019,0,0.0397,0.00805,0.128,0.555,118.581,233320.0,4,36.0
0.834,0.888,-3.944,1,0.222,0.00308,0.288,0.563,114.92,219192.0,4,47.0
0.851,0.703,-7.351,0,0.303,0.00949,0.0895,0.596,74.017,242600.0,4,78.0
0.707,0.689,-7.097,0,0.0387,0.0255,0.383,0.41,119.987,3.266033333,4,81.0
0.464,0.334,-10.109,0,0.122,0.128,0.0693,0.577,79.0,252296.0,5,21.0
0.2,0.293,-18.822,1,0.0364,0.0133,0.254,0.0417,149.445,183187.0,4,50.0
0.289,0.863,-6.916,0,0.125,0.000228,0.213,0.133,180.033,341464.0,4,38.0
0.81,0.705,-8.041,0,0.239,0.392,0.109,0.681,96.696,244733.0,4,47.0
0.684,0.686,-6.823,1,0.0484,0.116,0.0732,0.912,140.646,159105.0,4,48.0
0.527,0.611,-9.157,0,0.0588,0.251,0.298,0.686,95.107,283827.0,4,24.0
0.481,0.645,-8.535,0,0.318,0.0863,0.332,0.612,151.307,157560.0,4,65.0
0.389,0.476,-9.342,1,0.0316,0.619,0.255,0.566,148.117,217107.0,4,75.0
0.628,0.95,-6.367,0,0.0652,0.00577,0.237,0.249,105.008,206347.0,4,38.0
0.43,0.581,-7.527,0,0.0335,1.72e-05,0.294,0.126,119.987,450733.0,4,35.0
0.808,0.745,-5.26,0,0.342,0.145,0.292,0.829,165.995,210800.0,4,85.0
0.63,0.319,-17.106,1,0.0467,0.504,0.0926,0.431,90.956,5.10245,4,47.0
0.48,0.985,-3.765,0,0.227,0.000411,0.22,0.233,179.841,174147.0,4,21.0
0.442,0.749,-4.692,1,0.229,0.562,0.323,0.774,208.634,184036.0,4,39.0
0.535,0.724,-5.192,1,0.191,0.102,0.207,0.501,180.077,258477.0,4,50.0
0.626,0.486,-9.638,0,0.135,0.253,0.344,0.472,124.484,400040.0,4,34.0
0.736,0.751,-5.588,1,0.034,0.0381,0.105,0.839,150.064,3.495366667,4,74.0
0.8,0.56,-4.818,0,0.261,0.057,0.134,0.45,163.071,200221.0,4,84.0
0.703,0.715,-6.086,0,0.284,0.355,0.109,0.945,98.006,243437.0,4,35.0
0.747,0.58,-5.763,1,0.0275,0.159,0.131,0.796,122.951,183857.0,3,21.0
0.672,0.717,-7.476,1,0.226,0.103,0.398,0.473,157.905,3.006333333,4,85.0
0.663,0.823,-10.912,0,0.0413,0.353,0.115,0.581,119.999,288587.0,4,34.0
0.304,0.0573,-21.785,1,0.0451,0.974,0.09,0.523,59.714,5.898216667,4,35.0
0.547,0.82,-6.728,1,0.0805,0.261,0.3,0.933,118.208,172867.0,4,76.0
0.658,0.339,-11.831,1,0.0459,0.473,0.115,0.357,90.013,282692.0,4,38.0
0.438,0.263,-9.017,1,0.0346,0.924,0.101,0.452,82.449,168482.0,4,36.0
0.469,0.827,-4.363,0,0.0343,0.000307,0.189,0.698,154.908,182029.0,4,29.0
0.724,0.374,-10.426,1,0.0297,0.0878,0.105,0.545,92.568,163880.0,4,40.0
0.684,0.556,-12.212,1,0.0429,0.0336,0.151,0.654,116.269,214707.0,4,22.0
0.605,0.574,-9.382,0,0.0447,0.245,0.474,0.726,128.074,251489.0,4,36.0
0.484,0.862,-6.39,0,0.0278,0.0061,0.547,0.565,106.922,294800.0,3,55.0
0.828,0.518,-9.244,1,0.0811,0.0481,0.107,0.292,100.952,175870.0,4,42.0
0.252,0.8,-4.845,1,0.0368,0.12,0.118,0.29,139.361,335333.0,4,65.0
0.545,0.78,-4.975,0,0.0896,0.00753,0.0817,0.477,126.014,220129.0,4,31.0
0.502,0.9,-1.516,1,0.0418,0.0166,0.225,0.704,98.922,196773.0,4,54.0
0.646,0.272,-13.817,1,0.0297,0.458,0.132,0.457,102.006,259400.0,4,22.0
0.572,0.623,-4.828,1,0.176,0.0544,0.0865,0.594,185.812,149469.0,4,58.0
0.457,0.926,-5.461,1,0.038,0.000487,0.0949,0.41,93.964,202027.0,4,52.0
0.718,0.691,-6.44,1,0.0387,0.0159,0.0627,0.552,100.008,213107.0,4,71.0
0.59,0.742,-12.486,1,0.0328,0.00455,0.114,0.662,118.04,270933.0,4,39.0
0.497,0.357,-9.796,0,0.0306,0.616,0.319,0.306,101.276,260147.0,4,24.0
0.477,0.67,-6.162,1,0.0292,0.000183,0.135,0.323,106.105,244845.0,4,34.0
0.405,0.844,-6.882,1,0.0737,0.000259,0.123,0.0654,119.995,345533.0,4,44.0
0.66,0.485,-8.101,1,0.0258,0.244,0.0585,0.828,99.828,302520.0,4,3.0
0.479,0.846,-2.944,1,0.0338,0.0242,0.132,0.527,151.968,3.556666667,4,31.0
0.937,0.797,-4.768,0,0.206,0.0733,0.147,0.64,120.001,194000.0,4,63.0
0.525,0.62,-6.939,1,0.0358,0.359,0.142,0.324,120.062,123039.0,4,27.0
0.55,0.631,-11.493,1,0.0385,0.000898,0.0503,0.908,114.553,229027.0,4,47.0
0.495,0.219,-16.671,0,0.0332,0.834,0.154,0.554,116.639,199267.0,5,18.0
0.765,0.871,-7.523,0,0.0536,0.07,0.125,0.505,119.989,256467.0,4,49.0
0.405,0.689,-5.75,1,0.0365,0.0843,0.207,0.397,155.189,191560.0,4,56.0
0.505,0.839,-4.966,0,0.0569,0.0111,0.211,0.326,139.961,259520.0,4,63.0
0.184,0.964,-4.995,1,0.161,3.7e-05,0.208,0.145,71.802,308857.0,5,37.0
0.486,0.675,-6.345,1,0.0353,0.466,0.97,0.417,129.08,3.312666667,4,36.0
0.752,0.315,-7.459,1,0.0323,0.675,0.129,0.524,109.614,303800.0,4,51.0
0.665,0.69,-7.275,1,0.0369,0.0325,0.116,0.454,120.032,219933.0,4,63.0
0.517,0.711,-5.84,0,0.0627,0.000763,0.568,0.582,108.846,211336.0,4,62.0
0.58,0.571,-9.116,1,0.0321,0.378,0.358,0.818,128.15,248013.0,4,60.0
0.491,0.931,-7.372,1,0.0566,0.000749,0.106,0.552,111.623,230507.0,4,31.0
0.64,0.614,-7.428,0,0.0271,0.0161,0.0951,0.826,94.001,201525.0,4,50.0
0.795,0.117,-10.155,0,0.0375,0.972,0.0878,0.125,110.978,235479.0,4,48.0
0.471,0.349,-16.633,1,0.0656,0.975,0.286,0.358,147.193,394400.0,4,21.0
0.395,0.701,-4.128,1,0.0804,0.381,0.116,0.852,200.991,232600.0,4,38.0
0.352,0.483,-9.116,1,0.0542,0.136,0.112,0.362,164.016,3.258816667,4,25.0
0.223,0.992,-5.847,1,0.146,1.61e-06,0.357,0.103,141.117,258691.0,4,31.0
0.674,0.771,-5.612,1,0.0246,0.28,0.133,0.718,109.618,333720.0,4,66.0
0.502,0.758,-9.76,1,0.0407,0.00915,0.284,0.729,112.499,213693.0,4,66.0
0.488,0.792,-7.406,1,0.105,0.0439,0.616,0.718,175.172,296027.0,4,38.0
0.641,0.677,-9.002,0,0.0462,0.0813,0.111,0.0708,122.992,347413.0,4,40.0
0.506,0.9,-5.137,1,0.0414,0.000656,0.467,0.348,150.009,232367.0,4,58.0
0.817,0.552,-10.8,0,0.386,0.032,0.826,0.808,102.011,291067.0,4,65.0
0.37,0.626,-8.489,1,0.16,0.848,0.547,0.961,181.77,4.047783333,3,3.0
0.59,0.141,-15.304,1,0.0347,0.907,0.0935,0.157,120.224,1.7255,4,37.0
0.523,0.598,-9.364,0,0.0265,0.0225,0.301,0.522,76.713,155581.0,4,26.0
0.319,0.866,-4.722,0,0.0359,1.42e-06,0.155,0.554,109.626,252693.0,4,40.0
0.269,0.895,-6.382,1,0.118,0.083,0.153,0.16,168.479,299507.0,4,62.0
0.354,0.523,-5.938,1,0.0269,0.514,0.139,0.179,176.688,203616.0,3,45.0
0.857,0.404,-10.669,1,0.0444,0.573,0.0958,0.302,105.068,211627.0,4,59.0
0.846,0.543,-8.865,0,0.0404,0.579,0.134,0.606,117.372,191640.0,4,32.0
0.774,0.497,-13.448,1,0.0293,0.279,0.119,0.768,115.994,177400.0,4,3.0
0.489,0.866,-7.433,1,0.0933,0.753,0.876,0.416,138.63,268560.0,4,62.0
0.585,0.567,-8.35,1,0.0263,0.247,0.102,0.564,106.127,243560.0,4,63.0
0.202,0.827,-5.838,0,0.0892,0.00148,0.0781,0.363,153.247,231221.0,3,47.0
0.728,0.623,-8.066,1,0.305,0.0391,0.214,0.805,145.973,171781.0,4,74.0
0.369,0.792,-4.591,1,0.0494,5.52e-05,0.109,0.391,178.193,221747.0,4,44.0
0.336,0.739,-5.394,0,0.0481,0.0325,0.137,0.578,169.932,203653.0,4,35.0
0.722,0.757,-4.451,1,0.0267,0.0747,0.221,0.938,109.993,3.289333333,4,41.0
0.588,0.162,-15.891,1,0.0334,0.911,0.107,0.401,86.967,188545.0,4,45.0
0.26,0.929,-5.841,1,0.143,0.343,0.139,0.358,81.971,225267.0,4,39.0
0.21,0.621,-3.374,0,0.043,0.0188,0.173,0.0992,119.64,263928.0,4,39.0
0.593,0.85,-4.127,0,0.0276,0.0192,0.347,0.588,116.008,223453.0,4,27.0
0.624,0.247,-10.32,1,0.0419,0.861,0.198,0.345,95.63,251387.0,4,19.0
0.37,0.895,-5.501,1,0.0902,0.00811,0.0993,0.268,140.818,250267.0,4,52.0
0.618,0.748,-8.905,1,0.358,0.0384,0.0473,0.663,134.114,191947.0,4,76.0
0.482,0.27,-15.922,1,0.0268,0.573,0.123,0.0762,139.979,230500.0,4,26.0
0.587,0.639,-6.883,0,0.0769,0.0924,0.269,0.258,94.927,174082.0,4,56.0
0.105,0.756,-8.151,0,0.0695,0.000585,0.42,0.0381,155.697,390427.0,4,24.0
0.59,0.108,-14.382,1,0.0291,0.935,0.113,0.336,86.294,3.257783333,4,24.0
0.385,0.979,-3.436,1,0.109,0.000934,0.282,0.25,154.977,209213.0,4,29.0
0.301,0.212,-14.013,1,0.0405,0.962,0.113,0.336,181.378,4.6042,4,51.0
0.349,0.927,-3.089,0,0.0844,0.000609,0.143,0.0934,159.998,246016.0,4,37.0
0.67,0.597,-9.85,0,0.0362,0.355,0.328,0.778,131.036,176000.0,4,55.0
0.634,0.514,-10.115,1,0.0836,0.189,0.123,0.639,99.979,173600.0,4,59.0
0.308,0.984,-3.031,0,0.119,3.93e-05,0.0777,0.0714,105.91,201000.0,4,56.0
0.668,0.661,-5.694,0,0.0496,0.000897,0.201,0.361,118.696,199013.0,4,55.0
0.446,0.241,-12.103,1,0.031,0.596,0.131,0.118,124.355,3.97733333,4,44.0
0.398,0.57,-7.068,1,0.034,0.056,0.0606,0.234,140.974,304213.0,4,69.0
0.557,0.69,-5.465,1,0.0251,0.122,0.0959,0.144,103.924,193924.0,4,45.0
0.42,0.276,-16.211,1,0.0305,0.793,0.292,0.505,208.589,194227.0,4,44.0
0.597,0.713,-8.087,0,0.0336,0.121,0.282,0.77,95.696,189718.0,4,32.0
0.539,0.811,-11.224,0,0.0886,0.0616,0.0644,0.553,133.829,176600.0,4,44.0
0.835,0.959,-7.56,0,0.198,0.519,0.652,0.507,93.749,7.697333333,4,31.0
0.678,0.296,-11.525,1,0.0299,0.797,0.113,0.245,111.018,238296.0,4,51.0
0.66,0.578,-5.27,1,0.0301,0.0248,0.119,0.587,110.976,179884.0,4,26.0
0.631,0.571,-12.135,1,0.0637,0.864,0.347,0.822,117.187,4.407783333,4,17.0
0.537,0.573,-9.106,1,0.0369,0.568,0.062,0.615,105.795,2.907783333,4,44.0
0.685,0.59,-7.101,0,0.0481,0.000228,0.0862,0.513,140.076,233143.0,4,11.0
0.6,0.826,-5.367,1,0.065,0.0132,0.0896,0.445,106.985,236487.0,4,46.0
0.408,0.947,-3.522,1,0.0532,0.00108,0.168,0.306,101.053,262533.0,4,51.0
0.619,0.939,-6.787,1,0.0397,0.0173,0.327,0.677,115.164,286320.0,4,64.0
0.502,0.526,-7.78,1,0.0666,0.735,0.294,0.464,179.69,203498.0,4,32.0
0.629,0.0192,-19.952,1,0.0833,0.989,0.106,0.335,169.254,188160.0,4,52.0
0.382,0.909,-7.644,1,0.0985,0.000109,0.172,0.446,88.642,141227.0,4,40.0
0.273,0.42,-8.161,1,0.0394,0.19,0.169,0.137,72.522,227000.0,4,14.0
0.679,0.246,-13.997,1,0.0423,0.91,0.0765,0.216,115.114,238880.0,4,37.0
0.325,0.865,-4.592,1,0.0507,0.000111,0.196,0.254,177.887,208974.0,4,50.0
0.314,0.756,-5.875,1,0.0632,0.00025,0.288,0.926,94.835,198205.0,4,40.0
0.532,0.9,-4.997,1,0.0652,0.0134,0.231,0.339,141.944,177562.0,4,31.0
0.444,0.911,-6.117,0,0.0398,0.0139,0.0868,0.556,106.437,282507.0,4,57.0
0.613,0.953,-3.435,1,0.0855,0.00148,0.152,0.537,105.046,213800.0,4,76.0
0.645,0.705,-5.008,1,0.299,0.000813,0.128,0.376,137.133,229670.0,4,72.0
0.781,0.746,-6.327,0,0.38,0.503,0.106,0.858,95.73,156709.0,4,60.0
0.754,0.558,-10.605,0,0.3,0.0002,0.0466,0.678,204.065,324000.0,4,32.0
0.33,0.963,-1.163,0,0.0678,1.35e-06,0.194,0.593,160.004,261360.0,4,39.0
0.845,0.517,-9.35,1,0.31,0.202,0.134,0.641,117.929,206400.0,4,52.0
0.365,0.701,-9.914,0,0.0575,0.000405,0.196,0.558,93.477,442581.0,3,58.0
0.359,0.981,-3.622,0,0.303,0.00125,0.284,0.271,178.98,4.71088333,4,76.0
0.289,0.934,-6.085,1,0.157,0.000121,0.086,0.347,173.872,187840.0,4,53.0
0.469,0.437,-11.948,0,0.0298,0.487,0.112,0.567,151.967,223067.0,4,16.0
0.404,0.72,-9.18,0,0.0623,5.59e-05,0.0466,0.475,121.864,258467.0,4,73.0
0.5,0.862,-7.412,0,0.0397,0.0322,0.0765,0.917,190.086,248611.0,4,34.0
0.847,0.689,-9.104,1,0.203,0.038,0.108,0.61,92.082,256000.0,4,51.0
0.692,0.236,-7.726,1,0.0655,0.981,0.678,0.789,142.213,3.885283333,4,15.0
0.601,0.52,-12.806,1,0.0322,0.476,0.0854,0.599,121.013,196808.0,5,11.0
0.512,0.669,-3.751,1,0.0339,0.427,0.0917,0.393,120.219,290640.0,3,30.0
0.524,0.654,-9.047,1,0.037,8.95e-05,0.1,0.333,118.014,256720.0,4,27.0
0.849,0.423,-12.877,0,0.11,0.763,0.278,0.414,136.143,137647.0,4,33.0
0.642,0.688,-6.38,1,0.0292,0.319,0.119,0.874,98.06,3.067333333,4,40.0
0.761,0.518,-8.871,1,0.134,0.244,0.107,0.522,133.976,261493.0,4,86.0
0.385,0.972,-3.816,0,0.0648,0.000193,0.302,0.398,141.041,186635.0,4,36.0
0.453,0.689,-5.952,1,0.0414,0.0701,0.149,0.477,145.762,174120.0,4,68.0
0.387,0.945,-2.803,1,0.0705,3.88e-05,0.174,0.674,151.945,176413.0,4,22.0
0.748,0.641,-6.485,0,0.0708,0.478,0.114,0.829,100.063,226097.0,4,60.0
0.92,0.861,-5.435,1,0.218,0.211,0.0288,0.718,97.969,211400.0,4,54.0
0.501,0.813,-8.192,1,0.0639,0.0455,0.131,0.495,136.59,138707.0,4,68.0
0.738,0.683,-5.099,0,0.0622,0.0485,0.0692,0.802,97.484,240093.0,4,55.0
0.417,0.914,-5.008,0,0.0639,8.48e-06,0.226,0.422,83.98,223773.0,4,47.0
0.821,0.64,-8.357,1,0.288,0.0698,0.12,0.357,150.091,188000.0,4,10.0
0.605,0.722,-5.852,1,0.0517,0.47,0.104,0.961,124.711,175053.0,4,30.0
0.549,0.125,-18.696,1,0.0463,0.962,0.11,0.163,121.251,2.498666667,4,41.0
0.457,0.764,-6.419,0,0.193,0.0258,0.0721,0.61,129.514,132371.0,5,51.0
0.613,0.953,-4.936,1,0.153,0.00018,0.116,0.213,119.976,192560.0,4,59.0
0.668,0.739,-4.919,1,0.0308,0.0383,0.13,0.571,131.918,231467.0,4,64.0
0.672,0.755,-9.769,1,0.302,0.215,0.0612,0.418,143.989,253333.0,4,10.0
0.546,0.537,-7.44,1,0.0268,0.000135,0.125,0.0923,109.908,4.93711667,4,54.0
0.285,0.538,-5.818,1,0.0345,0.608,0.403,0.491,83.739,4.48165,3,30.0
0.685,0.697,-5.511,1,0.067,0.166,0.129,0.65,86.019,142667.0,4,57.0
0.748,0.268,-9.687,1,0.0299,0.839,0.126,0.193,118.017,4.286,4,49.0
0.625,0.85,-3.904,1,0.0495,0.346,0.174,0.633,94.661,241667.0,4,72.0
0.509,0.251,-14.152,1,0.0358,0.9,0.105,0.114,121.86,235707.0,4,38.0
0.434,0.213,-17.591,1,0.0357,0.927,0.108,0.193,91.755,3.099083333,4,5.0
0.603,0.865,-3.02,0,0.0383,0.00986,0.109,0.546,122.984,210907.0,4,49.0
0.788,0.764,-4.94,0,0.0476,0.476,0.169,0.903,122.414,4.17,4,31.0
0.485,0.307,-13.129,1,0.0565,0.663,0.123,0.132,80.171,4.3,4,47.0
0.496,0.749,-6.345,1,0.0294,0.362,0.115,0.787,78.968,191040.0,4,26.0
0.442,0.855,-2.985,0,0.0288,0.00049,0.273,0.363,175.543,243640.0,4,66.0
0.322,0.205,-16.208,1,0.032,0.128,0.0776,0.432,121.824,216333.0,3,52.0
0.64,0.651,-14.981,0,0.0517,0.142,0.0341,0.801,111.676,271573.0,4,71.0
0.581,0.933,-6.315,0,0.0426,0.000311,0.0704,0.546,130.0,298411.0,4,43.0
0.736,0.51,-7.767,0,0.0782,0.171,0.113,0.408,97.01,183812.0,4,53.0
0.502,0.504,-7.497,1,0.0275,0.102,0.282,0.866,170.438,170773.0,4,28.0
0.658,0.733,-8.018,0,0.127,0.44,0.21,0.687,179.901,154401.0,4,14.0
0.36,0.209,-12.289,1,0.0322,0.77,0.129,0.213,75.349,3.61245,4,52.0
0.69,0.21,-8.531,1,0.0718,0.763,0.325,0.49,68.851,216453.0,4,45.0
0.331,0.885,-6.606,1,0.0924,0.205,0.123,0.589,175.294,236960.0,4,57.0
0.535,0.153,-14.438,0,0.0285,0.88,0.0821,0.297,110.031,4.596683333,4,31.0
0.496,0.805,-15.32,1,0.0412,0.00136,0.75,0.766,158.087,170886.0,4,20.0
0.664,0.655,-7.327,0,0.0461,0.059,0.17,0.13,129.987,217609.0,4,80.0
0.73,0.388,-9.511,1,0.051,0.514,0.0735,0.279,105.716,350267.0,3,57.0
0.324,0.925,-3.213,1,0.206,0.0797,0.0849,0.672,197.662,236427.0,4,30.0
0.626,0.56,-5.82,0,0.0288,0.148,0.109,0.229,93.989,4.06675,4,83.0
0.505,0.369,-10.369,1,0.147,0.947,0.163,0.548,160.283,2.979783333,5,4.0
0.401,0.567,-9.131,1,0.0355,0.171,0.103,0.362,171.059,217973.0,3,44.0
0.415,0.172,-10.192,1,0.0287,0.202,0.115,0.157,98.158,348480.0,3,40.0
0.745,0.653,-7.511,0,0.074,0.0889,0.104,0.68,90.006,193280.0,4,54.0
0.432,0.751,-5.124,1,0.0423,0.0134,0.126,0.776,171.85,235360.0,4,63.0
0.551,0.918,-5.205,1,0.0642,0.015,0.093,0.6,170.399,231720.0,4,47.0
0.733,0.903,-6.019,1,0.0627,0.00592,0.0803,0.728,124.992,205497.0,4,28.0
0.262,0.471,-7.795,1,0.0331,0.824,0.109,0.27,170.356,6.357333333,4,24.0
0.682,0.41,-12.165,0,0.0279,0.174,0.123,0.371,94.987,198893.0,4,32.0
0.554,0.167,-11.794,0,0.0275,0.786,0.117,0.25,67.913,264360.0,4,43.0
0.466,0.77,-5.852,0,0.0322,0.00596,0.202,0.475,140.233,122878.0,4,35.0
0.507,0.452,-6.8,1,0.0269,0.359,0.109,0.322,81.632,229920.0,3,62.0
0.448,0.589,-8.276,1,0.0263,0.000617,0.212,0.0401,100.019,203993.0,4,35.0
0.594,0.672,-5.849,0,0.126,0.436,0.26,0.221,120.816,163741.0,4,17.0
0.261,0.692,-14.388,1,0.0564,0.0846,0.911,0.497,144.566,293867.0,4,38.0
0.712,0.673,-8.295,1,0.0643,0.0206,0.327,0.389,121.008,230840.0,4,54.0
0.896,0.528,-5.981,0,0.0849,0.114,0.773,0.312,104.991,237714.0,4,63.0
0.274,0.984,-3.378,1,0.29,0.00155,0.314,0.359,169.235,168824.0,4,38.0
0.825,0.546,-9.518,0,0.386,0.321,0.068,0.866,148.246,221933.0,4,44.0
0.614,0.817,-4.588,0,0.144,0.0379,0.146,0.842,81.009,158429.0,4,61.0
0.629,0.662,-5.395,0,0.0439,0.0212,0.16,0.463,120.028,168200.0,4,42.0
0.42,0.813,-5.118,1,0.0313,0.000318,0.211,0.512,89.968,270665.0,4,40.0
0.492,0.567,-6.159,1,0.0327,0.000114,0.358,0.245,111.01,323373.0,4,45.0
0.563,0.26,-10.837,1,0.0458,0.633,0.0888,0.115,116.912,316533.0,3,11.0
0.308,0.883,-7.931,1,0.171,0.00185,0.214,0.255,111.604,216467.0,4,33.0
0.645,0.764,-6.392,1,0.409,0.271,0.563,0.76,174.085,230333.0,4,33.0
0.55,0.877,-5.41,1,0.0691,0.121,0.109,0.6,152.038,231907.0,4,36.0
0.534,0.543,-6.857,1,0.0245,0.579,0.112,0.418,78.996,3.851116667,4,60.0
0.616,0.33,-12.076,0,0.0469,0.582,0.122,0.571,143.57,6.469333333,4,34.0
0.573,0.901,-4.924,0,0.0434,0.405,0.307,0.794,98.454,202627.0,4,49.0
0.529,0.357,-10.937,1,0.029,0.0266,0.107,0.221,94.944,204318.0,4,53.0
0.625,0.728,-8.276,1,0.0263,0.0553,0.129,0.868,110.005,221389.0,4,25.0
0.443,0.959,-7.182,0,0.0586,5.08e-06,0.105,0.514,100.017,238200.0,4,32.0
0.452,0.887,-5.791,1,0.0427,0.000156,0.187,0.409,142.054,194625.0,4,29.0
0.326,0.886,-5.677,1,0.165,0.0132,0.125,0.395,103.686,244745.0,4,52.0
0.694,0.78,-6.844,1,0.0728,0.00184,0.222,0.621,130.058,168555.0,4,47.0
0.532,0.663,-5.886,0,0.0292,0.425,0.0734,0.756,75.14,159347.0,4,71.0
0.671,0.217,-11.186,1,0.0587,0.493,0.0974,0.411,117.815,360307.0,3,33.0
0.645,0.792,-7.34,0,0.036,0.0562,0.119,0.666,90.565,232453.0,4,75.0
0.421,0.661,-13.126,1,0.0433,0.414,0.0962,0.554,100.965,341627.0,4,64.0
0.522,0.872,-5.709,1,0.0579,0.000236,0.743,0.292,128.126,211875.0,4,52.0
0.537,0.502,-13.158,1,0.0296,0.747,0.0911,0.349,149.893,6.282616667,4,19.0
0.446,0.734,-8.907,0,0.0561,0.00211,0.741,0.128,120.085,395133.0,4,45.0
0.737,0.929,-3.374,0,0.0316,0.0562,0.0909,0.807,119.985,215911.0,4,47.0
0.397,0.966,-4.957,0,0.133,0.000577,0.184,0.375,167.868,185871.0,4,55.0
0.713,0.734,-5.843,1,0.0311,0.0724,0.112,0.598,99.986,206400.0,4,33.0
0.495,0.191,-14.75,1,0.0404,0.918,0.119,0.219,102.495,2.038166667,4,53.0
0.527,0.871,-8.708,1,0.0354,0.0229,0.419,0.107,120.722,188560.0,4,60.0
0.527,0.906,-4.741,1,0.0557,0.0796,0.103,0.686,80.921,263707.0,4,16.0
0.462,0.981,-2.371,0,0.127,0.00166,0.0856,0.547,154.995,194573.0,4,59.0
0.685,0.61,-5.221,0,0.0439,0.323,0.102,0.323,94.384,186467.0,3,76.0
0.807,0.541,-7.307,0,0.169,0.39,0.383,0.447,95.024,214536.0,4,65.0
0.375,0.636,-5.973,0,0.0273,0.174,0.236,0.493,148.101,3.098,4,49.0
0.545,0.64,-9.937,0,0.224,0.00249,0.196,0.606,80.544,230480.0,4,76.0
0.439,0.971,-5.855,0,0.177,0.0148,0.255,0.24,118.369,163880.0,4,53.0
0.58,0.788,-4.714,1,0.259,0.0123,0.368,0.72,148.992,182426.0,4,77.0
0.669,0.516,-10.024,0,0.0397,0.354,0.0576,0.381,126.979,190332.0,4,9.0
0.595,0.489,-6.66,1,0.0271,0.497,0.119,0.0902,120.315,269973.0,4,72.0
0.648,0.791,-5.295,0,0.038,0.000216,0.0208,0.72,115.978,209720.0,4,58.0
0.91,0.711,-5.589,0,0.0564,0.0245,0.0829,0.631,108.045,197215.0,4,55.0
0.754,0.759,-5.218,1,0.302,0.153,0.101,0.435,126.366,214667.0,4,78.0
0.7,0.932,-6.926,1,0.0349,0.208,0.335,0.811,109.929,207907.0,4,16.0
0.742,0.942,-2.983,0,0.034,0.299,0.537,0.958,122.061,269880.0,4,3.0
0.296,0.924,-7.266,1,0.109,0.0152,0.927,0.597,150.393,215540.0,4,26.0
0.679,0.715,-6.383,1,0.0407,0.0755,0.271,0.571,127.435,214148.0,4,74.0
0.804,0.558,-6.314,0,0.303,0.00684,0.12,0.477,87.528,182513.0,4,57.0
0.271,0.933,-4.544,1,0.121,0.00028,0.0784,0.0773,135.977,317191.0,4,42.0
0.467,0.983,-4.13,1,0.159,1.17e-05,0.342,0.301,130.017,231462.0,4,34.0
0.62,0.734,-9.659,1,0.564,0.0353,0.336,0.197,172.063,211139.0,5,16.0
0.175,0.945,-4.632,1,0.0832,0.000226,0.285,0.169,118.282,265440.0,4,47.0
0.629,0.648,-14.063,1,0.0382,0.0203,0.299,0.691,104.014,187246.0,4,40.0
0.746,0.978,-5.324,1,0.0978,0.0555,0.026,0.653,153.809,304227.0,4,63.0
0.543,0.912,-10.71,1,0.0601,0.00162,0.0565,0.836,103.731,256733.0,4,71.0
0.628,0.576,-4.694,0,0.0565,0.212,0.315,0.693,92.01,227680.0,4,36.0
0.568,0.62,-4.776,0,0.0282,0.488,0.109,0.197,126.06,235933.0,4,19.0
0.623,0.852,-8.573,0,0.0446,0.0241,0.297,0.341,128.984,316304.0,4,26.0
0.89,0.505,-3.106,0,0.0481,0.00373,0.0474,0.94,119.011,174402.0,4,60.0
0.587,0.767,-5.713,1,0.0449,0.225,0.112,0.664,100.38,201707.0,4,70.0
0.46,0.215,-16.813,0,0.0291,0.914,0.125,0.198,96.269,4.095233333,4,51.0
0.545,0.964,-3.439,1,0.0378,0.0248,0.19,0.719,94.053,207229.0,4,57.0
0.291,0.746,-5.459,0,0.0412,0.00192,0.168,0.429,177.503,232088.0,4,38.0
0.606,0.679,-7.445,1,0.0321,0.0151,0.0962,0.707,122.016,177768.0,4,66.0
0.599,0.914,-4.926,0,0.0662,0.00246,0.21,0.587,100.044,179685.0,4,52.0
0.455,0.758,-11.361,1,0.0454,0.223,0.0986,0.54,141.304,294000.0,4,60.0
0.596,0.308,-17.814,1,0.0495,0.977,0.108,0.834,183.398,174472.0,4,36.0
0.535,0.257,-9.224,1,0.0317,0.608,0.108,0.105,143.943,212266.0,3,24.0
0.552,0.343,-11.082,1,0.0375,0.12,0.087,0.0375,119.961,331213.0,3,36.0
0.571,0.901,-9.152,1,0.0568,0.0457,0.0753,0.645,137.317,221747.0,4,58.0
0.208,0.0314,-26.419,1,0.0466,0.994,0.103,0.0694,96.712,3.485116667,4,32.0
0.286,0.882,-2.362,1,0.039,0.00435,0.107,0.0438,139.584,183214.0,4,35.0
0.435,0.951,-7.475,1,0.0576,5.24e-06,0.0952,0.203,135.034,282043.0,4,27.0
0.6,0.736,-7.745,1,0.0362,0.00447,0.353,0.48,121.933,171639.0,4,36.0
0.328,0.903,-9.951,0,0.0511,4.03e-05,0.0918,0.408,126.157,340870.0,4,21.0
0.388,0.947,-4.367,1,0.0642,0.000221,0.358,0.193,142.013,276560.0,4,42.0
0.709,0.631,-10.065,0,0.0546,0.19,0.141,0.379,121.994,287143.0,4,26.0
0.441,0.941,-5.878,1,0.12,0.0111,0.111,0.122,94.471,456467.0,4,39.0
0.365,0.978,-6.314,1,0.0698,0.00016,0.206,0.108,101.886,301053.0,4,50.0
0.685,0.94,-2.713,1,0.0867,0.112,0.276,0.58,140.001,227987.0,4,34.0
0.523,0.0989,-17.411,0,0.0577,0.975,0.108,0.419,87.35,4.153333333,4,37.0
0.325,0.201,-11.595,0,0.0282,0.758,0.0977,0.172,81.869,3.73155,4,62.0
0.453,0.554,-11.327,0,0.0832,0.925,0.667,0.939,99.11,4.364216667,4,20.0
0.656,0.399,-6.617,1,0.0283,0.758,0.172,0.238,142.098,3.950866667,4,53.0
0.219,0.968,-4.233,1,0.107,2.54e-05,0.333,0.0383,129.927,328800.0,4,27.0
0.481,0.956,-4.557,0,0.0394,0.00465,0.285,0.57,160.015,217707.0,4,51.0
0.672,0.839,-6.196,1,0.0275,0.149,0.335,0.74,111.007,187424.0,4,38.0
0.457,0.804,-4.756,0,0.0362,0.000206,0.197,0.523,155.022,171033.0,4,58.0
0.306,0.647,-9.969,1,0.0316,0.0768,0.366,0.321,148.087,384467.0,3,60.0
0.378,0.611,-6.396,1,0.0335,0.000928,0.11,0.159,139.9,268800.0,4,38.0
0.591,0.42,-6.986,1,0.0317,0.0146,0.101,0.52,129.918,197783.0,4,50.0
0.533,0.839,-9.474,0,0.0599,0.0779,0.224,0.778,139.949,386553.0,4,33.0
0.597,0.494,-8.718,1,0.0341,0.331,0.0835,0.502,94.952,215213.0,4,41.0
0.39,0.971,-3.669,1,0.152,2.64e-05,0.193,0.518,180.054,228880.0,4,25.0
0.618,0.82,-4.593,0,0.0577,0.000543,0.546,0.51,130.709,200640.0,4,46.0
0.581,0.658,-7.537,1,0.028,0.00534,0.124,0.2,104.986,244691.0,4,57.0
0.462,0.659,-7.343,1,0.0268,0.526,0.231,0.72,82.984,3.02925,4,28.0
0.409,0.915,-7.205,1,0.0667,0.00444,0.342,0.409,138.143,283186.0,4,52.0
0.479,0.754,-5.537,1,0.0292,0.000898,0.125,0.426,144.083,255133.0,4,42.0
0.817,0.504,-5.882,0,0.0427,0.101,0.196,0.764,125.982,172143.0,4,45.0
0.776,0.68,-7.157,0,0.151,0.186,0.29,0.617,87.962,221820.0,4,37.0
0.772,0.583,-5.84,1,0.223,0.0242,0.267,0.382,136.017,134317.0,4,29.0
0.522,0.461,-11.774,1,0.0367,0.798,0.112,0.5,107.707,5.724216667,4,45.0
0.721,0.458,-7.838,0,0.0619,0.758,0.155,0.526,111.501,215662.0,4,45.0
0.586,0.864,-6.326,1,0.35,0.173,0.589,0.598,137.148,183000.0,4,35.0
0.574,0.407,-8.321,1,0.0243,0.902,0.0927,0.223,82.047,202227.0,4,54.0
0.633,0.846,-6.347,1,0.0337,0.000819,0.0762,0.448,89.23,323933.0,4,69.0
0.397,0.488,-10.011,1,0.0278,0.302,0.108,0.353,130.055,236667.0,4,33.0
0.379,0.691,-4.344,1,0.0614,0.00114,0.105,0.264,142.941,228947.0,4,43.0
0.738,0.632,-8.107,0,0.0862,0.242,0.072,0.697,118.003,223792.0,4,44.0
0.542,0.292,-12.848,1,0.165,0.987,0.06,0.85,170.958,2.892666667,3,9.0
0.282,0.963,-5.558,1,0.0584,0.000651,0.338,0.643,96.155,266124.0,4,42.0
0.493,0.716,-5.721,0,0.0283,0.0827,0.84,0.757,81.904,437358.0,4,36.0
0.455,0.892,-3.46,1,0.0345,0.0789,0.341,0.666,175.979,247507.0,4,55.0
0.731,0.955,-2.843,1,0.0748,0.0172,0.326,0.762,104.991,3.37155,4,38.0
0.402,0.931,-4.455,1,0.0562,0.000277,0.243,0.32,102.185,204844.0,4,52.0
0.528,0.904,-5.854,1,0.0343,0.000833,0.174,0.678,122.372,230040.0,4,61.0
0.475,0.208,-17.923,0,0.259,0.668,0.171,0.292,84.661,18.70978333,4,8.0
0.476,0.798,-4.208,1,0.0394,0.0581,0.276,0.738,168.179,140673.0,4,52.0
0.606,0.204,-15.159,1,0.0416,0.717,0.127,0.434,130.078,3.6687,4,46.0
0.516,0.719,-10.668,0,0.0399,0.0367,0.51,0.802,131.602,346987.0,4,13.0
0.614,0.568,-5.477,0,0.0276,0.00797,0.0997,0.516,107.849,293960.0,4,76.0
0.398,0.538,-7.972,1,0.0472,0.83,0.746,0.369,124.625,402400.0,4,39.0
0.749,0.463,-8.433,1,0.0828,0.208,0.337,0.19,90.028,226987.0,4,92.0
0.589,0.676,-5.061,1,0.0284,0.0976,0.324,0.632,108.008,143856.0,4,25.0
0.495,0.844,-4.448,1,0.0433,9.75e-05,0.447,0.46,119.958,185916.0,4,23.0
0.666,0.967,-4.573,1,0.104,0.00309,0.331,0.504,131.982,157656.0,4,38.0
0.686,0.51,-7.495,1,0.0287,0.392,0.0867,0.835,97.993,3.578033333,4,28.0
0.577,0.447,-16.187,0,0.0412,0.424,0.0837,0.675,84.476,212827.0,4,37.0
0.701,0.621,-4.972,1,0.0556,0.0237,0.232,0.494,110.03,189995.0,4,69.0
0.426,0.746,-8.706,1,0.0825,0.337,0.955,0.503,95.923,571895.0,4,35.0
0.653,0.668,-10.294,0,0.0388,0.106,0.149,0.958,126.03,172791.0,4,44.0
0.548,0.532,-7.596,1,0.0323,0.186,0.217,0.405,85.03,272394.0,4,85.0
0.413,0.862,-4.118,1,0.0362,7.5e-06,0.0932,0.547,91.017,187827.0,4,32.0
0.54,0.933,-3.107,1,0.0782,0.0188,0.0379,0.699,122.481,277173.0,4,40.0
0.728,0.626,-7.447,0,0.0371,0.0121,0.056,0.918,108.037,186826.0,4,23.0
0.498,0.721,-5.232,1,0.0282,0.136,0.0933,0.589,140.022,226440.0,4,65.0
0.76,0.702,-9.404,0,0.0716,0.0104,0.38,0.659,92.324,179600.0,4,62.0
0.631,0.45,-7.74,1,0.0431,0.186,0.164,0.237,137.934,194830.0,3,47.0
0.455,0.662,-7.767,1,0.0362,0.833,0.0811,0.734,88.469,5.698616667,4,29.0
0.308,0.758,-8.132,1,0.061,0.204,0.166,0.215,130.156,449812.0,4,32.0
0.5,0.197,-8.93,1,0.0354,0.717,0.0755,0.177,131.243,284000.0,3,58.0
0.525,0.374,-13.045,1,0.0346,0.331,0.0775,0.344,110.305,264000.0,4,32.0
0.568,0.788,-6.28,1,0.0377,0.0101,0.141,0.46,104.959,183070.0,4,77.0
0.716,0.58,-12.747,0,0.239,0.0694,0.906,0.707,99.077,279640.0,4,57.0
0.562,0.906,-3.789,1,0.053,0.542,0.855,0.781,120.784,430293.0,4,4.0
0.589,0.797,-5.464,1,0.15,0.0289,0.383,0.232,102.489,291813.0,4,69.0
0.775,0.554,-6.439,0,0.0381,0.0854,0.0533,0.513,120.068,263267.0,4,35.0
0.618,0.963,-3.466,1,0.162,0.00172,0.0359,0.375,103.031,247229.0,4,42.0
0.629,0.736,-13.502,1,0.0808,0.375,0.0576,0.677,167.635,138240.0,4,25.0
0.901,0.697,-3.439,1,0.28,0.145,0.287,0.67,93.941,229827.0,4,78.0
0.689,0.706,-4.48,0,0.0312,0.0833,0.105,0.623,106.52,226268.0,4,81.0
0.477,0.806,-7.725,0,0.119,0.0118,0.45,0.758,187.527,208453.0,4,20.0
0.41,0.885,-7.042,1,0.0351,0.000104,0.307,0.618,100.051,290800.0,4,39.0
0.326,0.962,-3.823,1,0.198,0.00128,0.248,0.188,126.983,214500.0,4,44.0
0.554,0.978,-5.07,1,0.106,0.000714,0.084,0.438,96.655,289520.0,4,40.0
0.679,0.789,-8.184,1,0.0414,0.292,0.108,0.962,164.345,172507.0,4,31.0
0.723,0.718,-7.714,0,0.0487,0.0082,0.22,0.675,114.014,223160.0,4,46.0
0.38,0.539,-5.48,0,0.0284,0.505,0.107,0.53,133.069,408413.0,3,19.0
0.904,0.542,-6.99,1,0.103,0.229,0.0751,0.473,122.012,190119.0,4,45.0
0.372,0.255,-6.834,1,0.0344,0.436,0.33,0.254,114.402,2.69355,1,84.0
0.472,0.259,-10.901,1,0.108,0.92,0.1,0.647,180.871,4.150666667,4,21.0
0.393,0.321,-12.376,0,0.0345,0.43,0.0865,0.129,175.77,211000.0,3,16.0
0.276,0.56,-7.156,0,0.0343,0.867,0.0682,0.214,169.239,218520.0,4,30.0
0.492,0.117,-17.819,1,0.0387,0.982,0.0812,0.332,120.839,242467.0,4,45.0
0.737,0.634,-10.164,0,0.508,0.891,0.11,0.496,179.706,126667.0,4,32.0
0.526,0.763,-12.663,0,0.0341,0.00126,0.359,0.514,136.205,215160.0,4,75.0
0.64,0.675,-7.171,0,0.0606,0.0401,0.258,0.643,93.023,207253.0,4,34.0
0.598,0.567,-11.271,0,0.161,0.47,0.317,0.78,120.701,183130.0,4,23.0
0.646,0.669,-7.31,0,0.0275,0.0148,0.373,0.484,114.999,191685.0,4,47.0
0.721,0.848,-3.892,0,0.0505,0.00383,0.111,0.857,118.077,252107.0,4,34.0
0.431,0.927,-9.072,0,0.0432,5.99e-06,0.42,0.632,109.55,419307.0,4,50.0
0.485,0.669,-4.95,1,0.0336,0.0802,0.422,0.486,134.008,250480.0,4,55.0
0.791,0.734,-5.464,1,0.0629,0.522,0.167,0.962,105.854,244920.0,4,72.0
0.248,0.98,-7.1,1,0.0878,3.19e-06,0.0688,0.513,152.956,154347.0,4,46.0
0.548,0.971,-3.915,1,0.16,0.00324,0.065,0.373,135.028,226568.0,3,59.0
0.686,0.187,-12.062,1,0.0391,0.721,0.12,0.772,89.616,2.336216667,4,36.0
0.558,0.0259,-30.016,1,0.0458,0.996,0.0969,0.37,157.811,125520.0,4,64.0
0.356,0.247,-9.279,1,0.0282,0.433,0.104,0.044,150.124,233507.0,4,33.0
0.547,0.18,-14.609,1,0.0505,0.977,0.131,0.544,130.038,178800.0,4,1.0
0.742,0.483,-11.369,1,0.155,0.213,0.0733,0.638,89.883,174067.0,4,46.0
0.738,0.486,-10.293,1,0.0318,0.708,0.124,0.411,129.511,252987.0,4,52.0
0.435,0.786,-7.856,1,0.0526,0.368,0.0489,0.735,99.895,310773.0,1,26.0
0.217,0.373,-7.695,1,0.0473,0.0128,0.0769,0.154,114.364,554613.0,4,25.0
0.54,0.963,-3.12,1,0.53,0.12,0.262,0.766,89.87,193707.0,5,41.0
0.619,0.736,-7.651,1,0.0425,0.0328,0.0864,0.299,93.993,3.47666667,4,77.0
0.687,0.773,-4.341,0,0.0551,0.0128,0.148,0.674,100.009,184459.0,4,50.0
0.429,0.631,-11.514,0,0.0769,7.85e-05,0.175,0.376,162.734,168440.0,4,77.0
0.761,0.781,-6.778,0,0.141,0.0681,0.0607,0.473,123.023,285375.0,4,76.0
0.574,0.58,-6.091,1,0.0278,0.076,0.12,0.4,149.974,3.121783333,4,71.0
0.43,0.962,-4.469,1,0.0798,0.00105,0.13,0.15,99.992,288875.0,4,32.0
0.675,0.575,-4.896,0,0.0303,0.736,0.119,0.778,85.962,323427.0,4,39.0
0.572,0.835,-6.219,1,0.0317,0.171,0.0702,0.795,129.981,241600.0,4,79.0
0.81,0.376,-7.941,1,0.0411,0.208,0.0622,0.635,122.618,279867.0,4,53.0
0.583,0.18,-15.012,1,0.0306,0.743,0.12,0.39,168.646,272027.0,3,21.0
0.741,0.697,-7.028,1,0.0277,0.0664,0.133,0.774,116.109,160133.0,4,78.0
0.693,0.577,-7.165,0,0.0281,0.268,0.308,0.547,96.975,183810.0,4,11.0
0.421,0.95,-1.226,0,0.238,0.000661,0.126,0.572,171.949,195613.0,4,28.0
0.462,0.43,-11.384,0,0.474,0.874,0.527,0.539,67.21,225354.0,3,49.0
0.389,0.613,-6.724,1,0.108,0.486,0.689,0.505,131.098,2.30245,4,24.0
0.645,0.575,-10.482,1,0.0455,0.232,0.116,0.333,131.844,5.793333333,4,45.0
0.24,0.914,-4.929,1,0.0991,0.00313,0.95,0.455,86.228,8.256,4,24.0
0.577,0.921,-4.048,1,0.0395,0.0177,0.19,0.531,127.938,199472.0,4,28.0
0.346,0.594,-7.44,1,0.0662,0.228,0.0964,0.362,176.051,203728.0,4,37.0
0.364,0.904,-4.168,1,0.0451,0.00341,0.153,0.73,139.887,199693.0,4,45.0
0.688,0.228,-12.337,1,0.0351,0.907,0.131,0.419,109.771,196364.0,3,49.0
0.398,0.838,-6.679,1,0.102,0.00127,0.576,0.747,116.913,191293.0,4,2.0
0.772,0.435,-12.612,1,0.088,0.0333,0.514,0.92,112.264,247293.0,4,25.0
0.206,0.971,-6.639,1,0.112,4.45e-06,0.256,0.139,132.436,327985.0,4,28.0
0.625,0.814,-5.181,1,0.0657,0.0172,0.158,0.535,144.991,205485.0,4,84.0
0.307,0.917,-7.599,1,0.0977,1.65e-05,0.0566,0.266,101.879,266200.0,4,63.0
0.462,0.659,-7.343,1,0.0268,0.526,0.231,0.72,82.984,181755.0,4,31.0
0.715,0.601,-13.251,1,0.303,0.0495,0.447,0.802,123.45,169551.0,4,32.0
0.218,0.947,-5.188,1,0.135,0.00117,0.127,0.234,196.76,214667.0,4,52.0
0.786,0.854,-6.058,1,0.11,0.0436,0.146,0.963,128.572,340693.0,4,51.0
0.403,0.777,-6.416,1,0.0354,0.0999,0.124,0.149,76.329,240933.0,4,69.0
0.787,0.416,-15.913,0,0.164,0.888,0.312,0.347,150.487,284667.0,3,36.0
0.442,0.461,-9.818,1,0.0392,0.562,0.425,0.496,127.05,166240.0,4,33.0
0.801,0.854,-8.218,0,0.417,0.0824,0.0715,0.637,118.008,197288.0,4,37.0
0.379,0.734,-5.648,0,0.204,0.188,0.146,0.515,174.952,199062.0,4,45.0
0.644,0.71,-4.078,0,0.04,0.312,0.101,0.229,143.061,179372.0,4,58.0
0.573,0.683,-6.644,1,0.176,0.461,0.0935,0.817,169.519,142787.0,4,73.0
0.708,0.785,-3.303,1,0.0369,0.0125,0.104,0.869,105.054,3.636216667,4,34.0
0.588,0.897,-6.353,0,0.0484,0.00656,0.139,0.264,108.006,312789.0,3,48.0
0.741,0.711,-7.744,0,0.0416,0.0122,0.0836,0.649,113.971,265307.0,4,58.0
0.708,0.307,-15.327,1,0.0669,0.783,0.0894,0.192,107.953,166139.0,4,34.0
0.405,0.556,-11.17,1,0.0321,0.095,0.154,0.283,140.749,254707.0,4,41.0
0.423,0.808,-4.728,0,0.0347,0.000809,0.068,0.0981,95.066,237474.0,4,46.0
0.484,0.957,-5.411,1,0.108,8.33e-06,0.126,0.158,101.052,220587.0,4,37.0
0.761,0.458,-7.248,1,0.0511,0.0968,0.0841,0.785,139.961,154458.0,4,1.0
0.487,0.609,-8.111,0,0.0249,0.291,0.336,0.349,99.983,175307.0,4,16.0
0.645,0.713,-5.355,1,0.0393,0.00835,0.113,0.566,74.989,214507.0,4,82.0
0.569,0.724,-6.931,1,0.0358,0.669,0.288,0.857,140.094,5.45245,4,44.0
0.699,0.882,-3.896,0,0.0311,0.00296,0.13,0.657,120.016,3.280216667,4,75.0
0.62,0.532,-7.297,1,0.023,0.0392,0.112,0.369,143.993,252293.0,4,56.0
0.487,0.678,-6.908,1,0.0277,0.0814,0.168,0.869,87.241,147187.0,4,21.0
0.529,0.913,-3.843,0,0.0864,0.0379,0.314,0.434,139.906,174023.0,4,59.0
0.403,0.591,-9.16,1,0.0812,0.849,0.153,0.774,108.8,6.191016667,4,9.0
0.41,0.959,-4.563,1,0.0869,0.000324,0.0766,0.83,193.155,171600.0,4,68.0
0.186,0.0105,-32.796,1,0.0441,0.992,0.0723,0.0371,104.294,2.439566667,3,26.0
0.576,0.965,-3.689,0,0.156,0.000209,0.0939,0.493,106.009,274528.0,4,45.0
0.606,0.63,-7.867,0,0.0603,0.237,0.149,0.707,74.982,148083.0,4,45.0
0.677,0.725,-9.295,1,0.0745,0.0617,0.357,0.561,95.75,199500.0,4,45.0
0.481,0.727,-5.861,1,0.0492,0.0564,0.249,0.392,141.899,251831.0,4,73.0
0.84,0.393,-15.199,1,0.0405,0.557,0.102,0.809,128.234,180600.0,4,42.0
0.66,0.726,-7.201,1,0.0508,0.00766,0.27,0.275,123.468,340933.0,5,26.0
0.528,0.658,-4.552,0,0.0299,0.178,0.257,0.251,82.018,226933.0,4,30.0
0.59,0.762,-5.559,1,0.0361,0.0503,0.317,0.662,95.017,156947.0,4,44.0
0.542,0.626,-7.105,1,0.0242,0.0789,0.277,0.813,89.734,305213.0,4,58.0
0.398,0.664,-10.003,1,0.0393,0.0923,0.359,0.19,139.861,399720.0,4,42.0
0.666,0.545,-8.031,0,0.0354,0.686,0.117,0.378,86.385,228760.0,4,57.0
0.493,0.935,-3.148,0,0.0843,0.00431,0.138,0.221,107.994,296173.0,4,43.0
0.626,0.322,-15.166,0,0.0335,0.725,0.131,0.382,85.409,350960.0,4,32.0
0.6,0.51,-8.318,1,0.0446,0.16,0.424,0.512,120.4,190297.0,4,27.0
0.509,0.569,-11.183,1,0.046,0.0757,0.0973,0.0859,119.969,489411.0,4,42.0
0.234,0.596,-6.869,1,0.0441,0.0397,0.0878,0.104,103.198,400853.0,3,39.0
0.283,0.942,-4.877,1,0.0584,1.05e-05,0.4,0.618,102.221,256663.0,4,35.0
0.648,0.936,-4.745,1,0.0762,0.085,0.482,0.566,120.708,248880.0,4,62.0
0.396,0.412,-14.045,1,0.0389,0.882,0.207,0.606,82.804,3.614,4,13.0
0.367,0.983,-4.264,1,0.0649,9.49e-06,0.184,0.85,175.006,231827.0,4,52.0
0.853,0.665,-4.877,1,0.0887,0.213,0.0772,0.778,112.04,162617.0,4,43.0
0.748,0.538,-8.728,0,0.0748,0.207,0.0869,0.654,119.994,234933.0,4,28.0
0.527,0.362,-12.265,0,0.0513,0.773,0.102,0.908,130.25,157933.0,4,11.0
0.52,0.457,-7.877,0,0.0364,0.137,0.102,0.61,185.945,185955.0,4,53.0
0.582,0.579,-7.053,1,0.0683,0.398,0.0587,0.494,127.034,577000.0,4,12.0
0.273,0.688,-10.883,1,0.0326,9.48e-05,0.051,0.347,100.077,345733.0,4,56.0
0.729,0.82,-7.124,0,0.241,0.0191,0.0927,0.471,156.412,225333.0,4,49.0
0.635,0.258,-16.841,0,0.0308,0.566,0.121,0.208,124.108,380133.0,4,22.0
0.711,0.407,-11.142,1,0.0325,0.553,0.171,0.875,116.626,2.223333333,4,46.0
0.364,0.968,-2.792,1,0.0547,6.92e-06,0.0904,0.626,166.857,185527.0,4,31.0
0.564,0.947,-4.998,1,0.0448,7.81e-06,0.373,0.351,100.002,270960.0,4,55.0
0.514,0.613,-6.196,1,0.0247,0.000556,0.0764,0.357,135.909,319560.0,4,42.0
0.791,0.522,-9.455,0,0.104,0.351,0.138,0.152,130.007,243926.0,4,26.0
0.47,0.32,-11.859,1,0.0302,0.624,0.145,0.0342,109.835,283080.0,4,31.0
0.584,0.703,-7.236,0,0.0837,0.0211,0.535,0.65,94.01,106102.0,4,52.0
0.615,0.599,-6.345,1,0.0282,0.256,0.0988,0.397,124.009,193548.0,4,43.0
0.686,0.824,-5.413,1,0.34,0.157,0.242,0.405,170.079,183827.0,4,61.0
0.435,0.883,-5.494,0,0.0346,0.426,0.182,0.446,146.972,196824.0,4,43.0
0.67,0.819,-5.245,1,0.0325,0.00596,0.343,0.395,122.983,234754.0,4,50.0
0.543,0.878,-5.994,1,0.0472,0.0485,0.125,0.189,144.157,312533.0,4,51.0
0.464,0.604,-10.691,1,0.0484,0.539,0.849,0.457,133.484,450133.0,3,17.0
0.651,0.933,-3.978,0,0.0457,0.0203,0.306,0.798,134.048,185467.0,4,60.0
0.223,0.0212,-24.983,0,0.043,0.988,0.14,0.0365,122.178,6.378216667,4,35.0
0.552,0.909,-4.87,1,0.0502,5.79e-05,0.204,0.232,135.041,226689.0,4,49.0
0.508,0.874,-4.451,0,0.0335,5.41e-05,0.3,0.516,97.011,221623.0,4,25.0
0.903,0.365,-10.653,0,0.101,0.168,0.0728,0.519,127.213,296533.0,4,39.0
0.555,0.805,-6.313,1,0.0632,0.117,0.697,0.656,87.05,7.069133333,4,29.0
0.788,0.822,-4.687,1,0.0495,0.146,0.0938,0.853,115.99,274489.0,4,21.0
0.56,0.28,-11.245,0,0.0392,0.797,0.159,0.722,143.854,149167.0,4,41.0
0.735,0.378,-6.842,1,0.0488,0.209,0.0737,0.726,95.073,187333.0,4,46.0
0.212,0.239,-17.042,0,0.0365,0.919,0.149,0.117,119.345,149752.0,3,45.0
0.721,0.716,-7.037,0,0.0657,0.0334,0.237,0.667,104.994,221714.0,4,79.0
0.484,0.276,-4.32,1,0.0346,0.907,0.0973,0.212,107.256,199535.0,4,48.0
0.339,0.829,-7.239,1,0.058,0.00737,0.0596,0.5,162.794,244507.0,4,55.0
0.718,0.712,-5.242,1,0.222,0.0225,0.0442,0.42,97.005,187747.0,4,59.0
0.525,0.798,-5.619,1,0.0558,0.635,0.365,0.766,114.309,3.873333333,4,4.0
0.247,0.984,-3.326,1,0.149,2.8e-05,0.379,0.0383,99.379,385867.0,4,27.0
0.64,0.922,-6.283,0,0.0385,0.00369,0.332,0.716,125.105,234227.0,4,72.0
0.337,0.95,-2.218,0,0.0751,0.000943,0.104,0.474,86.179,159566.0,4,36.0
0.519,0.961,-3.214,0,0.0642,0.000207,0.195,0.344,93.466,234467.0,4,66.0
0.923,0.587,-2.98,1,0.122,0.0474,0.0695,0.569,97.996,151686.0,4,53.0
0.458,0.937,-6.143,1,0.0726,0.0481,0.157,0.276,160.211,265973.0,4,31.0
0.592,0.767,-2.788,0,0.027,0.0021,0.127,0.328,96.483,329733.0,4,81.0
0.284,0.157,-11.954,0,0.0401,0.838,0.0865,0.139,73.575,255600.0,5,11.0
0.573,0.754,-4.788,1,0.0329,0.0248,0.104,0.241,132.964,231587.0,4,61.0
0.749,0.592,-7.04,0,0.0382,0.0427,0.133,0.502,130.033,242160.0,4,42.0
0.499,0.636,-10.517,1,0.034,0.264,0.0575,0.98,105.642,292467.0,4,12.0
0.815,0.729,-6.594,0,0.422,0.00909,0.0562,0.0284,132.02,238400.0,4,17.0
0.765,0.87,-5.191,1,0.0499,0.168,0.125,0.684,106.06,3.066,4,61.0
0.494,0.771,-4.309,1,0.0626,0.0649,0.11,0.371,136.053,3.807333333,4,72.0
0.475,0.843,-4.528,0,0.038,0.000591,0.346,0.428,108.034,204280.0,4,40.0
0.973,0.78,-6.255,1,0.377,0.0171,0.152,0.656,124.818,292788.0,4,29.0
0.288,0.62,-10.103,1,0.0428,0.24,0.0882,0.617,94.445,150627.0,4,58.0
0.681,0.845,-5.147,0,0.0525,0.0304,0.197,0.761,132.023,3.067333333,4,62.0
0.489,0.724,-8.367,1,0.0352,0.313,0.287,0.15,117.292,5.00666667,4,16.0
0.866,0.861,-3.34,1,0.172,0.037,0.0264,0.714,100.749,282867.0,4,34.0
0.631,0.61,-7.048,0,0.118,0.0518,0.185,0.208,90.025,204667.0,4,34.0
0.652,0.807,-5.847,0,0.026,0.355,0.103,0.829,110.028,228493.0,4,18.0
0.475,0.997,-3.141,1,0.0993,7.87e-05,0.127,0.258,94.992,240240.0,4,31.0
0.184,0.954,-7.719,1,0.103,1.22e-05,0.0932,0.222,83.346,158200.0,3,41.0
0.523,0.568,-12.584,1,0.0751,0.652,0.1,0.813,135.448,259760.0,4,49.0
0.842,0.827,-5.483,1,0.33,0.072,0.126,0.791,149.971,172389.0,4,58.0
0.436,0.661,-6.034,1,0.0353,0.247,0.105,0.149,168.043,230680.0,4,39.0
0.426,0.954,-6.121,1,0.0474,0.00144,0.149,0.721,135.302,218666.0,4,54.0
0.648,0.882,-8.615,0,0.125,0.0041,0.0851,0.717,130.018,302869.0,4,27.0
0.55,0.854,-5.968,1,0.036,0.661,0.112,0.965,159.231,149373.0,4,72.0
0.554,0.395,-11.648,1,0.107,0.967,0.378,0.765,82.882,195779.0,4,27.0
0.528,0.453,-9.398,1,0.0396,0.355,0.104,0.281,119.761,196678.0,4,79.0
0.349,0.869,-11.481,1,0.0934,0.423,0.76,0.193,127.44,179800.0,4,45.0
0.576,0.863,-6.037,1,0.219,0.0269,0.547,0.563,108.068,255195.0,4,43.0
0.641,0.78,-6.675,1,0.0351,0.0671,0.0562,0.746,94.228,210480.0,4,61.0
0.358,0.4,-10.715,0,0.0301,0.0115,0.162,0.0638,150.071,255348.0,4,44.0
0.392,0.929,-3.635,1,0.442,0.11,0.164,0.294,170.313,296471.0,4,38.0
0.583,0.573,-5.42,1,0.0811,0.208,0.285,0.783,184.062,233630.0,4,40.0
0.587,0.932,-4.697,1,0.0687,0.00257,0.0694,0.564,100.004,207882.0,4,46.0
0.64,0.83,-7.849,0,0.279,0.129,0.331,0.894,171.933,212093.0,4,2.0
0.508,0.248,-13.409,1,0.0348,0.642,0.291,0.497,74.283,170373.0,4,35.0
0.685,0.328,-11.655,0,0.0353,0.537,0.0861,0.35,131.908,185640.0,4,48.0
0.445,0.675,-8.774,1,0.0315,0.00122,0.233,0.318,164.99,206545.0,4,55.0
0.535,0.526,-7.431,0,0.0283,0.0491,0.129,0.253,139.918,210614.0,4,45.0
0.713,0.868,-6.644,0,0.0305,0.00206,0.225,0.641,119.98,242960.0,4,63.0
0.456,0.513,-11.221,0,0.0277,0.00447,0.114,0.771,153.995,280603.0,3,23.0
0.664,0.609,-6.509,1,0.0707,0.304,0.0926,0.194,130.041,3.50933333,4,86.0
0.736,0.771,-6.75,1,0.096,0.00302,0.0973,0.651,160.315,104928.0,4,27.0
0.467,0.974,-3.28,1,0.0848,4.74e-06,0.413,0.183,99.985,322062.0,4,32.0
0.394,0.303,-13.401,0,0.0486,0.75,0.0656,0.837,207.806,4.488883333,4,36.0
0.463,0.576,-9.567,1,0.0634,0.902,0.101,0.767,103.704,3.990666667,4,4.0
0.326,0.922,-3.04,1,0.0433,0.0091,0.164,0.753,192.907,197813.0,4,35.0
0.558,0.82,-4.377,0,0.0357,0.0146,0.136,0.549,121.448,268733.0,3,41.0
0.536,0.969,-2.62,0,0.0915,0.43,0.082,0.805,84.881,239575.0,4,37.0
0.759,0.756,-8.145,0,0.266,0.0903,0.265,0.613,87.059,303493.0,4,69.0
0.509,0.487,-7.478,0,0.0272,0.0641,0.0886,0.512,146.202,204000.0,3,33.0
0.259,0.241,-15.955,1,0.042,0.554,0.0849,0.275,178.453,3.58821667,3,64.0
0.588,0.761,-3.78,0,0.0324,0.000753,0.648,0.41,133.009,197912.0,4,54.0
0.472,0.849,-3.738,1,0.0315,0.00362,0.0973,0.31,144.065,169451.0,4,64.0
0.623,0.723,-13.22,1,0.0418,0.00498,0.0726,0.676,96.814,274000.0,4,26.0
0.793,0.703,-9.548,1,0.0581,0.000726,0.075,0.856,130.27,450800.0,4,67.0
0.584,0.854,-4.13,0,0.0293,0.000999,0.48,0.584,119.978,297227.0,4,50.0
0.513,0.874,-4.902,0,0.208,0.00166,0.0647,0.2,149.823,198358.0,4,49.0
0.825,0.685,-5.21,1,0.0776,0.155,0.102,0.304,102.03,202147.0,4,57.0
0.543,0.316,-11.666,1,0.0307,0.95,0.0978,0.178,124.946,213373.0,4,63.0
0.59,0.851,-11.754,1,0.0297,0.0174,0.154,0.968,146.213,218307.0,4,63.0
0.314,0.756,-9.607,1,0.0646,0.00175,0.114,0.656,124.689,324441.0,4,28.0
0.671,0.649,-6.869,0,0.379,0.0242,0.0395,0.512,120.632,143947.0,4,57.0
0.518,0.87,-7.577,1,0.0339,0.0845,0.149,0.899,145.29,188080.0,4,30.0
0.575,0.211,-10.509,1,0.0332,0.842,0.1,0.215,115.109,308419.0,3,30.0
0.586,0.781,-5.877,1,0.252,0.00375,0.133,0.265,128.972,356400.0,4,43.0
0.598,0.924,-4.785,0,0.324,0.693,0.2,0.538,127.9,90475.0,4,49.0
0.759,0.613,-6.167,0,0.0459,0.023,0.106,0.482,129.011,255093.0,4,53.0
0.76,0.713,-11.087,1,0.0318,0.00248,0.122,0.881,99.032,149813.0,4,18.0
0.452,0.524,-10.108,1,0.0351,0.315,0.103,0.246,151.505,312360.0,4,78.0
0.805,0.684,-8.304,0,0.0295,0.00601,0.12,0.962,130.042,231227.0,4,34.0
0.702,0.244,-15.286,0,0.0355,0.431,0.0963,0.444,141.317,3.36911667,4,67.0
0.342,0.888,-4.404,1,0.0617,0.00116,0.214,0.287,159.118,142147.0,4,27.0
0.466,0.884,-6.434,0,0.15,0.573,0.494,0.637,85.347,7.232216667,4,36.0
0.493,0.624,-7.271,0,0.0316,0.888,0.396,0.664,104.761,4.988883333,4,16.0
0.571,0.376,-10.433,0,0.0303,0.874,0.522,0.18,129.884,334973.0,4,45.0
0.479,0.588,-10.773,1,0.0339,0.00214,0.319,0.305,177.014,314440.0,4,64.0
0.576,0.974,-2.785,1,0.0828,0.0202,0.348,0.531,129.088,224867.0,4,68.0
0.746,0.418,-13.563,1,0.0708,0.984,0.132,0.736,94.459,149800.0,4,39.0
0.729,0.989,-4.613,0,0.049,0.0102,0.443,0.84,126.47,352906.0,4,72.0
0.579,0.841,-7.135,1,0.0708,0.147,0.0912,0.929,174.933,210862.0,5,21.0
0.533,0.88,-5.106,0,0.0557,0.0508,0.218,0.592,103.01,208587.0,4,34.0
0.659,0.743,-5.59,1,0.326,0.00647,0.0741,0.849,160.025,171809.0,4,58.0
0.488,0.875,-5.371,0,0.0497,0.00737,0.233,0.174,123.106,216211.0,4,42.0
0.572,0.958,-3.587,1,0.144,0.00302,0.14,0.433,116.962,160907.0,4,48.0
0.414,0.413,-10.809,1,0.104,0.628,0.635,0.375,208.16,253427.0,3,20.0
0.622,0.899,-9.519,0,0.0516,0.0196,0.395,0.885,88.515,217173.0,4,41.0
0.635,0.637,-4.119,1,0.0272,0.0109,0.102,0.472,134.974,265556.0,4,47.0
0.319,0.29,-9.51,0,0.037,0.445,0.165,0.152,128.462,234923.0,4,43.0
0.593,0.74,-6.12,1,0.0339,0.363,0.102,0.502,118.008,208107.0,4,73.0
0.712,0.748,-6.215,1,0.116,0.614,0.113,0.536,120.908,201575.0,4,38.0
0.433,0.242,-10.731,1,0.0322,0.353,0.118,0.163,139.958,227893.0,4,41.0
0.787,0.424,-9.452,0,0.034,0.408,0.111,0.843,114.977,205598.0,4,41.0
0.629,0.471,-11.197,1,0.0304,0.314,0.0936,0.814,121.039,236027.0,4,35.0
0.353,0.92,-2.339,1,0.0436,1.65e-05,0.157,0.413,95.242,170187.0,4,42.0
0.664,0.496,-9.51,1,0.0274,0.0551,0.25,0.61,82.988,213634.0,4,33.0
0.533,0.564,-12.91,0,0.0358,0.242,0.163,0.361,101.986,274267.0,4,35.0
0.835,0.48,-16.069,1,0.153,0.177,0.191,0.697,92.17,252667.0,4,20.0
0.459,0.837,-9.168,1,0.0592,0.685,0.173,0.729,88.942,10.54933333,4,47.0
0.724,0.56,-7.429,0,0.0375,0.085,0.153,0.373,74.984,225551.0,4,38.0
0.466,0.673,-6.373,1,0.106,0.305,0.322,0.82,202.836,169561.0,4,30.0
0.692,0.903,-6.041,0,0.0566,0.0525,0.1,0.304,122.093,167213.0,4,35.0
0.512,0.988,-3.62,1,0.137,5.56e-06,0.32,0.248,106.478,242535.0,3,48.0
0.537,0.757,-3.374,1,0.0274,0.473,0.341,0.421,103.882,196400.0,4,68.0
0.609,0.88,-4.391,0,0.0676,0.00061,0.0814,0.645,120.006,203547.0,4,41.0
0.765,0.522,-9.466,1,0.301,0.356,0.154,0.541,96.792,175670.0,4,33.0
0.8,0.545,-10.82,0,0.0406,0.365,0.161,0.645,128.032,223866.0,4,43.0
0.774,0.753,-5.446,0,0.0517,0.152,0.0371,0.896,119.002,219147.0,4,80.0
0.417,0.902,-4.406,1,0.0688,3.22e-05,0.516,0.405,129.553,325846.0,4,32.0
0.517,0.982,-1.49,1,0.0485,0.000142,0.212,0.831,97.991,168093.0,4,24.0
0.471,0.877,-5.576,0,0.0378,0.0193,0.276,0.419,150.092,301093.0,4,64.0
0.737,0.802,-4.771,1,0.0878,0.468,0.0931,0.682,144.015,172325.0,4,89.0
0.62,0.403,-6.998,0,0.0393,0.636,0.128,0.528,135.84,3.85023333,4,57.0
0.228,0.879,-4.326,1,0.0701,0.000141,0.0484,0.352,145.418,248493.0,4,56.0
0.475,0.423,-10.163,1,0.0315,0.583,0.0904,0.657,159.911,193453.0,4,37.0
0.76,0.564,-7.208,1,0.0479,0.677,0.146,0.702,119.039,217640.0,4,30.0
0.526,0.357,-9.876,1,0.0269,0.54,0.119,0.293,142.607,3.661333333,4,38.0
0.533,0.376,-11.913,0,0.0393,0.0302,0.0926,0.187,165.007,4.33245,4,78.0
0.15,0.843,-8.369,1,0.0439,0.000127,0.665,0.729,180.034,145932.0,4,23.0
0.435,0.901,-3.694,0,0.0429,0.000303,0.185,0.547,143.646,279173.0,4,59.0
0.473,0.203,-12.627,1,0.102,0.941,0.126,0.419,168.884,163587.0,4,50.0
0.447,0.927,-3.3,0,0.0508,0.000297,0.0972,0.104,119.034,264480.0,4,40.0
0.767,0.776,-8.915,1,0.144,0.0143,0.326,0.608,111.686,301893.0,4,56.0
0.361,0.645,-15.931,1,0.0461,0.00278,0.11,0.874,154.868,245667.0,4,42.0
0.453,0.658,-13.472,1,0.0539,0.741,0.135,0.761,203.871,155333.0,4,64.0
0.378,0.895,-3.922,1,0.151,0.00222,0.303,0.405,122.225,156813.0,4,10.0
0.438,0.905,-6.161,1,0.0419,9.44e-06,0.363,0.723,134.163,162667.0,4,67.0
0.782,0.825,-8.605,0,0.0436,0.0428,0.1,0.917,98.273,177792.0,4,56.0
0.724,0.755,-5.936,1,0.08,0.114,0.089,0.589,115.029,203425.0,4,35.0
0.579,0.973,-2.152,0,0.09,0.000145,0.226,0.677,116.025,237347.0,4,56.0
0.278,0.962,-5.284,0,0.112,0.00229,0.32,0.322,169.921,201547.0,4,42.0
0.549,0.79,-4.781,1,0.0343,0.0655,0.691,0.43,110.79,216013.0,4,54.0
0.49,0.678,-4.679,0,0.0253,0.0037,0.0838,0.181,77.014,265477.0,4,53.0
0.548,0.543,-7.309,1,0.0315,0.234,0.107,0.584,80.979,134780.0,4,42.0
0.391,0.684,-11.35,1,0.0302,0.000724,0.0913,0.283,107.074,364048.0,4,40.0
0.44,0.881,-3.357,1,0.0462,0.015,0.682,0.218,157.987,258907.0,4,33.0
0.188,0.844,-4.223,0,0.067,0.00135,0.0855,0.216,159.336,235013.0,4,58.0
0.444,0.756,-8.034,1,0.0544,0.00164,0.101,0.397,109.592,272333.0,4,17.0
0.374,0.815,-4.498,1,0.0374,6.9e-05,0.287,0.501,172.099,184890.0,4,27.0
0.167,0.953,-2.919,1,0.0694,0.0472,0.0941,0.46,145.06,260867.0,4,37.0
0.505,0.837,-6.843,1,0.0278,2.74e-06,0.368,0.635,152.039,200040.0,4,22.0
0.696,0.83,-4.866,1,0.146,0.0717,0.171,0.677,138.057,147562.0,4,61.0
0.498,0.167,-16.381,1,0.0282,0.896,0.136,0.352,85.35,3.03956667,4,5.0
0.372,0.984,-5.835,0,0.0628,0.000172,0.346,0.267,164.989,257468.0,4,41.0
0.663,0.649,-6.936,0,0.0296,0.0173,0.113,0.594,137.955,198890.0,4,51.0
0.241,0.634,-9.43,1,0.044,0.25,0.0953,0.375,151.263,548270.0,3,24.0
0.433,0.985,-6.361,0,0.173,0.000441,0.367,0.0891,134.999,404093.0,4,42.0
0.749,0.752,-10.3,1,0.126,0.0108,0.235,0.887,104.7,193573.0,4,56.0
0.394,0.988,-2.852,1,0.174,0.000309,0.412,0.251,160.066,247412.0,4,33.0
0.178,0.684,-6.301,1,0.0415,5.82e-05,0.172,0.283,201.324,201333.0,4,24.0
0.411,0.978,-3.801,0,0.0532,0.00138,0.0782,0.353,160.478,322640.0,4,60.0
0.411,0.977,-4.47,0,0.202,0.000449,0.11,0.388,185.129,304865.0,4,40.0
0.456,0.419,-10.594,1,0.0247,0.117,0.178,0.425,146.148,256486.0,4,58.0
0.677,0.826,-6.8,1,0.368,0.395,0.571,0.498,124.821,183880.0,4,59.0
0.332,0.789,-4.788,0,0.0791,0.126,0.0588,0.276,81.706,218586.0,4,54.0
0.733,0.212,-13.685,1,0.0292,0.346,0.0742,0.498,84.46,274667.0,4,41.0
0.362,0.797,-8.824,0,0.0424,0.00328,0.0668,0.753,107.249,242573.0,4,51.0
0.214,0.931,-3.347,0,0.143,0.000705,0.0797,0.233,162.115,348387.0,4,64.0
0.708,0.188,-19.226,1,0.0504,0.907,0.106,0.469,76.522,2.643466667,4,43.0
0.652,0.302,-9.949,1,0.0328,0.389,0.153,0.398,129.902,138154.0,4,56.0
0.588,0.783,-5.788,0,0.0421,0.0112,0.101,0.876,79.496,183813.0,4,52.0
0.802,0.325,-9.327,1,0.0466,0.164,0.156,0.648,110.995,246200.0,4,63.0
0.855,0.463,-7.454,1,0.0367,0.217,0.347,0.866,102.931,2.046216667,4,90.0
0.375,0.6,-9.313,1,0.033,0.0966,0.759,0.916,169.976,151693.0,4,51.0
0.256,0.968,-4.597,1,0.346,0.039,0.311,0.246,190.928,240147.0,5,36.0
0.83,0.907,-8.508,1,0.2,0.000867,0.358,0.757,95.263,167880.0,4,48.0
0.531,0.546,-10.936,0,0.372,0.26,0.379,0.7,92.06,162437.0,4,62.0
0.536,0.985,-4.982,0,0.0395,0.0489,0.369,0.826,99.082,230867.0,4,50.0
0.589,0.633,-5.15,1,0.0235,0.00506,0.172,0.479,84.063,174374.0,3,53.0
0.837,0.646,-7.675,1,0.309,0.0851,0.251,0.492,115.041,194812.0,4,42.0
0.548,0.675,-7.318,0,0.0364,0.448,0.297,0.965,168.891,134446.0,4,55.0
0.307,0.909,-7.08,0,0.0574,0.135,0.125,0.443,173.674,366136.0,4,67.0
0.697,0.919,-6.174,1,0.029,0.00694,0.203,0.943,118.341,256400.0,4,55.0
0.545,0.578,-8.745,1,0.0406,0.0114,0.0692,0.819,128.038,238907.0,4,64.0
0.602,0.516,-7.575,0,0.0533,0.521,0.214,0.337,140.057,193448.0,4,54.0
0.553,0.506,-13.271,0,0.046,0.144,0.438,0.51,143.278,3.77021667,4,63.0
0.48,0.438,-13.568,0,0.0821,0.00696,0.424,0.323,141.996,221707.0,4,42.0
0.651,0.676,-4.224,0,0.0522,0.785,0.148,0.779,175.366,148640.0,4,7.0
0.497,0.5,-10.225,1,0.0543,0.315,0.687,0.626,132.526,316800.0,4,32.0
0.539,0.48,-11.833,0,0.0705,0.558,0.259,0.475,88.883,186928.0,4,40.0
0.353,0.321,-11.44,1,0.0306,0.453,0.124,0.171,139.405,423293.0,4,20.0
0.617,0.901,-6.637,1,0.0747,0.00158,0.202,0.583,108.017,185833.0,4,46.0
0.498,0.903,-3.521,1,0.0442,0.00229,0.134,0.254,95.058,252000.0,4,38.0
0.641,0.939,-7.822,1,0.0571,0.000223,0.0777,0.0963,128.015,412603.0,4,29.0
0.485,0.835,-4.173,1,0.0312,0.000969,0.0467,0.366,136.909,217600.0,4,44.0
0.351,0.883,-6.952,1,0.0562,0.0363,0.499,0.88,195.666,175400.0,4,42.0
0.31,0.7,-5.678,1,0.047,0.011,0.0828,0.763,188.386,4.25821667,4,83.0
0.48,0.418,-9.622,0,0.0312,0.505,0.11,0.319,132.404,294000.0,4,62.0
0.556,0.939,-4.56,1,0.086,0.000126,0.638,0.307,134.987,185187.0,4,35.0
0.521,0.517,-18.555,0,0.042,0.678,0.0961,0.525,183.978,296973.0,4,35.0
0.508,0.855,-7.552,1,0.0619,0.000602,0.389,0.631,153.916,204032.0,4,43.0
0.561,0.299,-11.392,1,0.0315,0.837,0.357,0.107,123.92,309360.0,4,62.0
0.618,0.75,-6.938,0,0.0641,0.324,0.431,0.864,88.179,197525.0,4,58.0
0.792,0.724,-5.872,0,0.0442,0.322,0.151,0.667,120.005,177818.0,4,44.0
0.883,0.533,-12.851,0,0.0547,0.00597,0.0731,0.2,112.017,328766.0,4,59.0
0.625,0.319,-12.119,0,0.0805,0.79,0.0921,0.438,127.799,236027.0,4,66.0
0.871,0.346,-9.481,1,0.0522,0.298,0.108,0.659,110.054,207680.0,4,75.0
0.752,0.563,-8.066,0,0.209,0.146,0.103,0.551,145.05,178776.0,4,40.0
0.486,0.986,-6.466,1,0.0683,3.55e-05,0.342,0.531,155.65,161893.0,4,45.0
0.447,0.923,-4.636,0,0.0669,2.91e-05,0.171,0.683,131.552,187627.0,4,43.0
0.547,0.571,-10.075,1,0.0457,0.536,0.096,0.694,176.191,383160.0,4,38.0
0.681,0.792,-3.441,1,0.131,0.00893,0.234,0.648,97.966,199484.0,4,54.0
0.595,0.719,-10.105,1,0.0801,0.246,0.113,0.405,99.953,320864.0,4,36.0
0.594,0.959,-9.86,1,0.0366,0.00443,0.115,0.505,100.788,297143.0,4,34.0
0.682,0.512,-8.003,1,0.0797,0.28,0.176,0.722,104.247,280573.0,4,34.0
0.583,0.456,-19.116,1,0.0578,0.115,0.556,0.639,131.815,4.377116667,4,52.0
0.161,0.973,-3.553,0,0.142,0.00657,0.0931,0.216,93.699,217520.0,3,40.0
0.5,0.947,-3.602,1,0.0452,0.044,0.205,0.966,181.834,105516.0,4,45.0
0.555,0.505,-7.334,0,0.0333,0.0519,0.148,0.293,117.481,309853.0,4,57.0
0.542,0.387,-9.294,1,0.0301,0.222,0.102,0.326,128.792,235067.0,4,24.0
0.349,0.936,-6.301,0,0.0765,2.92e-05,0.427,0.209,165.024,388624.0,4,34.0
0.809,0.463,-11.377,1,0.0396,0.256,0.109,0.364,111.98,298941.0,4,83.0
0.149,0.997,-2.349,0,0.16,0.00194,0.0732,0.0954,91.447,295507.0,4,29.0
0.575,0.756,-9.414,1,0.0544,0.735,0.0755,0.844,127.434,176453.0,4,48.0
0.241,0.0532,-21.302,1,0.0439,0.986,0.141,0.125,66.053,2.725166667,4,42.0
0.495,0.623,-9.041,1,0.4,0.126,0.124,0.421,71.912,146730.0,4,37.0
0.188,0.971,-3.106,0,0.121,0.000297,0.0733,0.358,86.666,252927.0,3,33.0
0.608,0.768,-9.911,1,0.0364,0.101,0.0942,0.748,132.699,211160.0,4,69.0
0.699,0.521,-6.734,0,0.0268,0.148,0.133,0.793,107.053,184893.0,4,40.0
0.56,0.946,-6.106,1,0.0816,0.00146,0.312,0.334,114.989,198267.0,4,41.0
0.52,0.815,-4.758,0,0.0488,0.00172,0.089,0.466,91.972,199387.0,4,46.0
0.408,0.906,-4.594,1,0.106,0.00367,0.329,0.454,135.051,227200.0,4,40.0
0.549,0.824,-5.896,1,0.0403,0.117,0.0467,0.778,170.016,291720.0,4,12.0
0.233,0.373,-6.771,0,0.0275,0.526,0.135,0.274,73.755,238005.0,4,38.0
0.713,0.8,-5.938,0,0.0349,0.0491,0.0921,0.814,139.942,177200.0,4,60.0
0.565,0.938,-2.027,0,0.0522,0.00863,0.337,0.721,121.98,185066.0,4,32.0
0.51,0.683,-9.015,1,0.0383,0.19,0.311,0.963,121.018,169693.0,4,28.0
0.616,0.627,-9.806,1,0.167,0.197,0.189,0.237,159.864,185400.0,4,45.0
0.551,0.921,-4.37,1,0.0437,0.00193,0.174,0.495,94.986,138892.0,4,26.0
0.209,0.417,-8.74,1,0.0338,0.164,0.113,0.124,138.178,295533.0,4,82.0
0.532,0.117,-16.777,0,0.0548,0.982,0.112,0.182,118.955,2.678666667,4,42.0
0.374,0.922,-3.4,1,0.056,0.0135,0.28,0.393,153.217,293360.0,4,68.0
0.545,0.647,-9.693,1,0.0404,0.00823,0.159,0.552,85.76,297427.0,4,60.0
0.177,0.724,-9.536,1,0.0487,0.071,0.958,0.657,144.803,446207.0,4,31.0
0.753,0.659,-9.671,1,0.416,0.659,0.098,0.459,146.022,116256.0,4,74.0
0.307,0.381,-12.349,1,0.0408,0.449,0.962,0.234,150.358,623387.0,4,39.0
0.538,0.838,-7.613,0,0.0383,0.215,0.0875,0.936,157.041,163307.0,4,51.0
0.292,0.451,-7.028,0,0.0332,0.792,0.109,0.366,183.739,262500.0,3,44.0
0.438,0.319,-15.969,1,0.0305,0.788,0.106,0.529,88.446,297307.0,4,53.0
0.703,0.664,-17.789,0,0.0797,0.245,0.108,0.597,148.718,570613.0,4,35.0
0.429,0.974,-5.136,1,0.0899,0.00168,0.164,0.33,110.373,165373.0,4,64.0
0.573,0.642,-7.239,1,0.0279,0.0734,0.105,0.49,120.753,301400.0,4,48.0
0.339,0.725,-4.506,1,0.0642,0.0121,0.301,0.689,180.379,204653.0,4,31.0
0.645,0.496,-7.178,0,0.0479,0.541,0.107,0.5,81.05,264812.0,4,44.0
0.612,0.0917,-18.88,1,0.0764,0.984,0.111,0.333,117.981,3.095833333,3,47.0
0.426,0.584,-5.293,1,0.296,0.0383,0.192,0.272,193.438,192587.0,4,68.0
0.36,0.679,-8.924,0,0.0432,0.00531,0.0998,0.369,148.049,219606.0,4,31.0
0.326,0.00395,-34.378,0,0.0355,0.973,0.0775,0.195,104.609,197507.0,3,48.0
0.616,0.474,-9.608,1,0.0266,0.192,0.0989,0.493,142.689,3.502216667,4,69.0
0.595,0.667,-6.442,1,0.034,0.296,0.109,0.275,121.943,283347.0,4,9.0
0.645,0.693,-6.481,1,0.0344,0.0811,0.175,0.553,97.555,4.276666667,4,63.0
0.617,0.895,-4.207,0,0.0497,0.00353,0.598,0.471,134.972,260458.0,4,25.0
0.636,0.897,-1.871,1,0.0379,0.243,0.335,0.656,127.908,234000.0,4,23.0
0.696,0.63,-6.691,1,0.0664,0.0721,0.294,0.497,95.035,209817.0,4,38.0
0.47,0.862,-5.494,0,0.112,0.00504,0.059,0.473,162.226,222836.0,4,47.0
0.678,0.676,-11.606,1,0.0295,0.273,0.0346,0.944,130.108,295000.0,4,34.0
0.625,0.106,-20.976,1,0.0351,0.974,0.0879,0.0785,111.309,3.74175,4,58.0
0.22,0.97,-3.589,1,0.0646,1.7e-05,0.339,0.431,145.036,316930.0,4,21.0
0.691,0.822,-7.805,0,0.101,0.754,0.261,0.733,118.981,186750.0,4,19.0
0.534,0.607,-5.097,0,0.0325,0.0685,0.147,0.586,128.392,195560.0,4,41.0
0.398,0.864,-8.199,1,0.0492,0.523,0.0985,0.782,148.47,135747.0,4,38.0
0.481,0.818,-10.824,0,0.0325,0.0114,0.129,0.559,92.008,275856.0,3,37.0
0.532,0.675,-8.526,1,0.0606,0.00968,0.0765,0.483,142.091,214093.0,4,32.0
0.465,0.551,-6.58,1,0.0362,0.619,0.109,0.415,89.459,3.077766667,4,60.0
0.337,0.976,-3.654,1,0.141,0.000491,0.0984,0.494,82.22,287867.0,4,47.0
0.316,0.994,-3.255,1,0.344,0.0124,0.144,0.0398,153.466,138893.0,4,33.0
0.256,0.924,-6.685,1,0.113,0.00369,0.114,0.28,113.574,417227.0,4,67.0
0.215,0.24,-12.597,1,0.0407,0.842,0.135,0.0892,128.729,211093.0,5,55.0
0.537,0.415,-7.996,1,0.0263,0.174,0.386,0.421,139.964,267400.0,4,48.0
0.734,0.496,-9.517,1,0.0634,0.641,0.412,0.496,99.904,145200.0,4,40.0
0.594,0.733,-6.742,1,0.37,0.0183,0.439,0.741,121.806,177640.0,4,34.0
0.438,0.992,-3.754,1,0.135,0.000103,0.441,0.129,104.953,197040.0,4,32.0
0.699,0.539,-9.335,0,0.0293,0.834,0.0953,0.454,150.018,178400.0,4,23.0
0.479,0.0572,-19.814,0,0.0687,0.956,0.0986,0.21,105.864,2.465783333,3,49.0
0.423,0.958,-4.167,1,0.0984,6.06e-05,0.376,0.559,98.286,153587.0,4,39.0
0.594,0.675,-9.939,0,0.0504,0.415,0.144,0.965,97.725,402667.0,4,17.0
0.738,0.695,-5.593,0,0.0599,0.118,0.174,0.774,116.681,223533.0,4,30.0
0.889,0.345,-7.957,1,0.521,0.227,0.443,0.742,120.993,146756.0,4,18.0
0.234,0.938,-2.49,0,0.116,0.00455,0.225,0.52,176.989,278468.0,4,36.0
0.707,0.939,-2.193,0,0.0337,0.0707,0.0868,0.934,121.957,175667.0,4,14.0
0.778,0.436,-11.007,1,0.0297,0.267,0.128,0.399,123.998,417427.0,4,34.0
0.619,0.779,-5.582,0,0.031,0.000758,0.165,0.516,109.052,209760.0,4,39.0
0.49,0.963,-3.755,0,0.148,0.00052,0.055,0.317,152.029,216613.0,4,54.0
0.199,0.866,-4.88,1,0.0926,0.0803,0.435,0.684,209.905,210693.0,4,43.0
0.668,0.224,-18.794,0,0.0385,0.81,0.0977,0.511,81.472,3.648733333,4,39.0
0.655,0.127,-11.036,1,0.0467,0.919,0.105,0.436,150.407,2.9844,4,39.0
0.804,0.78,-6.222,1,0.119,0.126,0.379,0.619,116.01,189408.0,4,39.0
0.754,0.473,-8.884,0,0.4,0.276,0.0872,0.148,143.87,206759.0,4,40.0
0.789,0.185,-16.84,1,0.0676,0.982,0.121,0.47,120.257,183052.0,4,5.0
0.277,0.571,-7.954,0,0.0397,0.00664,0.326,0.157,119.821,532352.0,4,38.0
0.281,0.665,-5.003,1,0.0651,0.000792,0.109,0.195,147.122,207752.0,4,55.0
0.757,0.602,-7.58,1,0.0434,0.00146,0.0698,0.472,103.985,291389.0,4,42.0
0.212,0.623,-7.984,1,0.0395,0.000216,0.084,0.151,120.038,547187.0,4,15.0
0.247,0.442,-8.703,1,0.041,0.716,0.0655,0.261,62.952,3.547683333,4,73.0
0.54,0.0568,-20.508,1,0.0351,0.917,0.12,0.506,111.791,2.85555,4,62.0
0.484,0.749,-4.176,1,0.0687,0.699,0.105,0.468,160.006,141395.0,4,75.0
0.557,0.32,-10.792,0,0.0438,0.739,0.112,0.377,176.647,204533.0,4,58.0
0.522,0.074,-23.625,0,0.0598,0.929,0.108,0.342,135.298,141280.0,3,64.0
0.727,0.801,-6.562,1,0.0307,0.251,0.0838,0.928,121.032,167603.0,4,26.0
0.111,0.994,-4.578,0,0.149,5.78e-06,0.0633,0.0358,155.106,333893.0,4,39.0
0.4,0.718,-6.308,1,0.0315,0.00138,0.185,0.114,80.014,336750.0,4,30.0
0.516,0.243,-11.832,1,0.0319,0.872,0.0999,0.204,97.526,235773.0,4,57.0
0.341,0.964,-5.327,0,0.107,1.26e-05,0.151,0.459,152.192,156427.0,4,57.0
0.852,0.927,-4.497,1,0.0581,0.0109,0.054,0.887,107.993,171227.0,4,54.0
0.353,0.866,-3.274,1,0.0392,3.03e-05,0.295,0.544,165.215,174013.0,4,64.0
0.802,0.738,-6.08,0,0.0363,0.0478,0.0781,0.428,128.021,195527.0,4,35.0
0.517,0.375,-11.527,1,0.0341,0.682,0.458,0.306,118.391,237067.0,3,46.0
0.814,0.712,-6.225,0,0.277,0.344,0.0719,0.929,110.15,151898.0,4,41.0
0.434,0.926,-7.418,1,0.0556,0.000451,0.0895,0.545,156.977,223163.0,4,38.0
0.6,0.879,-3.43,0,0.129,0.266,0.096,0.697,169.977,198360.0,4,24.0
0.804,0.323,-11.127,0,0.305,0.308,0.15,0.456,87.019,159293.0,4,75.0
0.513,0.137,-19.288,1,0.0564,0.97,0.109,0.685,141.063,3.002083333,4,48.0
0.58,0.91,-5.942,0,0.0316,0.247,0.0937,0.344,112.816,326387.0,4,45.0
0.0918,0.108,-22.925,0,0.0444,0.975,0.296,0.0327,86.707,2.806,4,13.0
0.19,0.81,-8.837,0,0.053,0.000571,0.104,0.0456,121.991,351506.0,4,24.0
0.771,0.825,-4.103,1,0.0828,0.232,0.099,0.821,94.038,206053.0,4,13.0
0.124,0.0632,-25.258,0,0.0521,0.967,0.108,0.0361,82.475,5.056183333,4,37.0
0.818,0.67,-13.912,0,0.0757,0.122,0.31,0.917,112.704,469267.0,4,47.0
0.673,0.704,-7.381,0,0.0559,0.0154,0.68,0.0965,136.999,231241.0,4,40.0
0.533,0.977,-1.547,0,0.113,0.00162,0.241,0.541,147.814,194173.0,4,53.0
0.634,0.806,-10.725,0,0.0398,0.0237,0.104,0.804,134.473,327133.0,4,56.0
0.626,0.734,-3.96,0,0.331,0.023,0.285,0.692,130.427,181015.0,4,68.0
0.312,0.634,-6.839,1,0.0307,0.00117,0.103,0.0788,130.424,447681.0,4,43.0
0.816,0.625,-6.477,1,0.0391,0.11,0.0935,0.855,126.022,206882.0,4,53.0
0.345,0.913,-5.346,1,0.0471,6.46e-05,0.0756,0.357,134.965,357693.0,4,54.0
0.831,0.635,-10.896,1,0.281,0.285,0.142,0.799,98.116,284867.0,4,35.0
0.531,0.674,-12.158,1,0.955,0.822,0.908,0.468,78.778,101773.0,3,22.0
0.719,0.591,-6.855,1,0.0294,0.122,0.18,0.573,89.011,250253.0,4,30.0
0.253,0.845,-6.982,0,0.0656,0.00142,0.101,0.164,114.235,431253.0,3,26.0
0.473,0.287,-10.359,1,0.0272,0.268,0.17,0.353,82.796,3.626,4,42.0
0.514,0.866,-3.657,1,0.0449,0.0524,0.17,0.45,159.973,177547.0,4,55.0
0.583,0.503,-5.419,0,0.0348,0.793,0.0779,0.763,117.49,203173.0,4,32.0
0.585,0.471,-9.934,0,0.0616,0.0967,0.115,0.323,93.099,142000.0,4,84.0
0.312,0.584,-9.241,0,0.0699,0.801,0.0736,0.714,183.201,2.157783333,3,1.0
0.607,0.333,-8.303,0,0.0307,0.721,0.0895,0.416,143.304,182480.0,4,47.0
0.435,0.51,-6.074,1,0.0363,0.164,0.183,0.409,85.635,201235.0,4,36.0
0.751,0.732,-6.825,0,0.0462,0.612,0.719,0.909,109.021,229973.0,4,18.0
0.677,0.304,-11.669,0,0.036,0.732,0.113,0.0659,113.889,171533.0,4,48.0
0.527,0.96,-6.097,1,0.0708,0.000115,0.281,0.316,125.047,263987.0,4,31.0
0.526,0.667,-5.451,1,0.0437,0.0505,0.321,0.43,155.085,165779.0,4,74.0
0.487,0.57,-9.199,1,0.0294,0.204,0.152,0.864,150.184,277261.0,4,43.0
0.544,0.574,-8.363,0,0.0299,0.0217,0.214,0.0902,100.059,188529.0,4,53.0
0.591,0.805,-3.995,1,0.0598,0.0527,0.259,0.243,150.229,195200.0,4,43.0
0.405,0.841,-5.023,0,0.067,6.69e-05,0.305,0.432,89.033,312263.0,4,47.0
0.677,0.772,-7.085,0,0.0359,0.418,0.0927,0.727,123.981,232360.0,4,38.0
0.467,0.937,-3.978,0,0.0459,6.12e-05,0.0722,0.781,164.101,214555.0,4,27.0
0.754,0.817,-5.283,1,0.254,0.073,0.379,0.269,142.783,177280.0,4,71.0
0.571,0.654,-6.342,0,0.0314,0.000559,0.194,0.383,74.987,196437.0,4,42.0
0.377,0.626,-9.662,1,0.033,0.832,0.188,0.678,161.468,2.87333333,4,58.0
0.333,0.407,-5.16,1,0.0278,0.879,0.167,0.243,135.717,307187.0,4,35.0
0.516,0.401,-8.017,1,0.0284,0.388,0.0903,0.274,95.909,435427.0,3,37.0
0.334,0.584,-8.52,1,0.0328,0.834,0.17,0.261,94.278,241907.0,4,37.0
0.619,0.67,-10.322,0,0.0353,0.00165,0.331,0.777,129.269,211933.0,4,73.0
0.64,0.295,-16.357,1,0.0397,0.425,0.0804,0.107,121.903,5.33355,4,56.0
0.757,0.645,-10.069,0,0.0803,0.498,0.469,0.893,121.091,410360.0,4,10.0
0.68,0.85,-2.785,1,0.0661,0.207,0.339,0.71,124.942,202213.0,4,65.0
0.843,0.508,-13.918,1,0.221,0.00852,0.648,0.704,91.094,298773.0,4,61.0
0.597,0.225,-11.588,0,0.0318,0.823,0.142,0.119,88.956,183748.0,4,54.0
0.608,0.571,-7.926,1,0.0662,0.423,0.112,0.568,133.858,208722.0,4,42.0
0.725,0.625,-8.484,1,0.0477,0.651,0.13,0.206,129.992,5.096,4,13.0
0.376,0.509,-4.995,0,0.0357,0.489,0.115,0.259,119.47,210887.0,4,45.0
0.585,0.539,-10.052,0,0.0335,0.47,0.319,0.709,95.085,6.80795,4,37.0
0.552,0.356,-7.608,1,0.027,0.852,0.173,0.196,109.763,3.8694,4,57.0
0.613,0.775,-9.302,1,0.0562,0.799,0.112,0.86,169.198,166227.0,4,40.0
0.721,0.485,-11.213,0,0.0681,0.158,0.107,0.614,150.027,188617.0,4,67.0
0.448,0.275,-17.203,1,0.0348,0.765,0.141,0.119,119.37,7.123866667,4,43.0
0.875,0.745,-5.878,1,0.269,0.0227,0.287,0.749,95.201,217440.0,4,66.0
0.314,0.634,-8.104,0,0.0654,0.0294,0.0733,0.164,145.032,248276.0,4,36.0
0.599,0.79,-3.58,1,0.043,0.00257,0.312,0.961,103.783,188067.0,4,70.0
0.364,0.157,-14.76,0,0.0314,0.893,0.145,0.237,77.561,4.067333333,4,43.0
0.417,0.586,-12.217,1,0.04,0.000358,0.0957,0.966,183.704,175640.0,4,39.0
0.099,0.149,-15.156,1,0.0372,0.954,0.156,0.0392,89.852,130877.0,3,49.0
0.382,0.464,-8.745,1,0.0358,0.557,0.227,0.0462,130.048,616080.0,1,45.0
0.335,0.776,-5.32,0,0.0325,9.27e-06,0.369,0.219,90.59,276867.0,4,58.0
0.677,0.826,-6.8,1,0.368,0.395,0.571,0.498,124.821,183880.0,4,59.0
0.412,0.348,-10.229,1,0.029,0.255,0.103,0.427,137.469,5.009783333,4,42.0
0.651,0.801,-7.34,1,0.0514,0.123,0.0825,0.776,133.769,200480.0,4,73.0
0.547,0.0608,-19.962,1,0.0317,0.883,0.0952,0.132,105.068,2.803166667,4,59.0
0.554,0.911,-6.282,1,0.0292,0.482,0.0668,0.968,157.621,194973.0,4,37.0
0.576,0.97,-5.143,1,0.0507,0.214,0.262,0.965,158.111,212236.0,4,51.0
0.59,0.838,-4.896,0,0.0425,0.000141,0.115,0.572,118.056,189153.0,4,61.0
0.195,0.91,-1.662,1,0.0411,1.03e-05,0.165,0.427,147.587,177200.0,4,15.0
0.375,0.206,-18.468,0,0.0372,0.457,0.158,0.205,134.45,463827.0,3,35.0
0.562,0.912,-3.838,0,0.061,0.0258,0.317,0.717,94.989,248252.0,4,41.0
0.371,0.945,-3.422,1,0.0932,4.27e-05,0.0528,0.418,168.259,241440.0,4,32.0
0.821,0.606,-9.253,0,0.06,0.00326,0.378,0.579,110.48,183462.0,4,43.0
0.607,0.561,-10.099,1,0.0425,0.421,0.298,0.841,127.638,157207.0,3,45.0
0.611,0.834,-4.528,0,0.0299,0.0544,0.232,0.643,109.997,219440.0,4,61.0
0.437,0.687,-9.171,1,0.189,0.125,0.205,0.371,106.041,334375.0,4,47.0
0.71,0.821,-5.963,0,0.106,0.0683,0.21,0.331,95.029,189569.0,4,35.0
0.117,0.916,-3.281,1,0.0723,1.39e-05,0.219,0.423,151.886,270205.0,4,25.0
0.764,0.384,-12.593,0,0.169,0.183,0.653,0.765,74.988,322000.0,4,37.0
0.13,0.0941,-21.2,1,0.0402,0.55,0.483,0.107,86.911,4.51445,4,22.0
0.275,0.524,-8.656,1,0.0339,0.785,0.0974,0.291,106.094,311613.0,3,37.0
0.667,0.901,-4.221,1,0.0514,0.0178,0.0825,0.714,150.015,215402.0,4,63.0
0.444,0.321,-13.542,1,0.0632,0.973,0.0993,0.348,85.654,2.893783333,4,20.0
0.749,0.819,-5.532,0,0.031,0.0351,0.325,0.466,118.992,222880.0,4,49.0
0.338,0.509,-6.736,0,0.0337,0.322,0.0726,0.297,92.35,176933.0,3,34.0
0.167,0.921,-4.881,0,0.061,0.000141,0.239,0.315,168.225,262227.0,4,57.0
0.791,0.213,-11.154,0,0.0479,0.773,0.12,0.597,97.95,221120.0,4,41.0
0.699,0.583,-6.953,1,0.131,0.0452,0.114,0.495,99.934,215920.0,4,44.0
0.426,0.484,-10.593,0,0.035,0.883,0.138,0.511,136.21,5.90555,4,15.0
0.623,0.958,-6.264,1,0.0752,0.0014,0.0921,0.716,95.772,202360.0,4,48.0
0.468,0.902,-4.838,1,0.132,0.0325,0.0664,0.451,119.017,155680.0,4,55.0
0.603,0.933,-3.358,1,0.171,0.00591,0.206,0.709,96.306,213760.0,4,75.0
0.614,0.806,-5.03,0,0.0314,0.0313,0.0479,0.339,104.938,214857.0,4,38.0
0.487,0.194,-15.443,1,0.103,0.983,0.14,0.3,104.145,2.725,4,41.0
0.695,0.343,-10.798,1,0.0432,0.0743,0.107,0.229,85.84,218902.0,4,81.0
0.401,0.815,-5.731,1,0.042,0.000139,0.104,0.276,74.995,193800.0,4,43.0
0.523,0.482,-6.862,1,0.0447,0.703,0.179,0.785,146.057,114947.0,4,39.0
0.469,0.124,-24.361,0,0.0486,0.164,0.0988,0.0328,136.59,388400.0,4,41.0
0.727,0.937,-2.871,0,0.286,0.00417,0.091,0.749,132.067,219493.0,4,72.0
0.179,0.211,-11.936,1,0.0326,0.896,0.431,0.231,174.248,3.101333333,3,45.0
0.326,0.932,-4.909,1,0.0506,0.0733,0.293,0.397,143.927,338869.0,4,52.0
0.136,0.957,-4.391,1,0.144,2.18e-06,0.365,0.105,80.773,228920.0,4,45.0
0.171,0.12,-19.209,1,0.05,0.979,0.116,0.0339,117.27,2.108333333,5,41.0
0.474,0.222,-18.985,1,0.0388,0.841,0.0939,0.464,127.623,3.697916667,4,48.0
0.834,0.454,-9.75,0,0.201,0.321,0.114,0.837,81.618,247059.0,4,80.0
0.571,0.695,-5.785,1,0.0579,0.373,0.133,0.304,100.648,100572.0,4,34.0
0.623,0.44,-8.216,1,0.0348,0.866,0.0891,0.802,86.726,265587.0,4,56.0
0.787,0.53,-6.015,0,0.339,0.00545,0.078,0.39,82.113,257063.0,4,57.0
0.805,0.942,-8.607,0,0.0767,0.189,0.103,0.697,111.876,498827.0,4,26.0
0.126,0.759,-5.189,0,0.133,0.000566,0.111,0.113,183.501,248453.0,4,46.0
0.406,0.43,-7.702,1,0.0423,0.67,0.338,0.417,176.21,548440.0,3,16.0
0.536,0.427,-10.08,0,0.0316,0.0444,0.111,0.434,118.029,323276.0,4,17.0
0.317,0.778,-7.354,0,0.0562,0.0975,0.116,0.222,173.942,384973.0,4,20.0
0.732,0.408,-8.475,1,0.036,0.747,0.069,0.663,87.015,299440.0,4,62.0
0.291,0.599,-5.05,1,0.0384,0.000171,0.0771,0.4,79.063,216493.0,4,42.0
0.695,0.82,-5.541,1,0.0607,0.00822,0.367,0.743,118.976,201283.0,4,19.0
0.241,0.973,-2.103,1,0.171,0.000104,0.182,0.453,148.847,227981.0,3,46.0
0.521,0.808,-8.201,0,0.052,0.805,0.227,0.834,98.867,170733.0,4,44.0
0.573,0.574,-10.924,1,0.0563,0.11,0.329,0.3,154.01,221679.0,4,36.0
0.701,0.415,-10.182,1,0.133,0.815,0.157,0.471,81.464,194356.0,4,17.0
0.57,0.464,-14.59,0,0.0269,0.286,0.229,0.532,103.276,241000.0,4,34.0
0.325,0.98,-6.586,0,0.107,0.0,0.316,0.0378,112.553,265808.0,3,32.0
0.769,0.638,-5.054,1,0.216,0.0902,0.0857,0.782,115.007,3.535116667,4,67.0
0.414,0.945,-4.66,1,0.0897,0.000333,0.314,0.565,145.014,396067.0,4,50.0
0.6,0.723,-4.928,0,0.158,0.109,0.167,0.463,149.881,195268.0,4,73.0
0.576,0.829,-4.323,0,0.0593,0.00265,0.304,0.652,167.99,165323.0,4,38.0
0.324,0.772,-6.95,1,0.0371,0.000609,0.12,0.291,135.737,343627.0,4,57.0
0.299,0.336,-15.493,1,0.087,0.522,0.709,0.434,105.931,211067.0,4,21.0
0.783,0.537,-5.715,0,0.0672,0.0113,0.126,0.193,109.972,176182.0,4,48.0
0.42,0.956,-6.475,1,0.0462,0.118,0.26,0.904,152.758,173027.0,4,29.0
0.4,0.818,-11.238,1,0.08,0.458,0.132,0.936,166.287,1.82845,4,67.0
0.212,0.865,-7.755,1,0.0511,0.00259,0.0933,0.681,163.335,194867.0,4,37.0
0.512,0.875,-7.07,0,0.046,0.00161,0.0957,0.497,137.014,349747.0,4,49.0
0.68,0.543,-14.876,1,0.141,0.857,0.0881,0.796,111.62,3.843333333,4,60.0
0.469,0.86,-7.417,1,0.0591,3.95e-05,0.152,0.245,122.027,210240.0,4,41.0
0.675,0.911,-8.397,1,0.27,0.015,0.304,0.578,109.947,221687.0,4,34.0
0.812,0.73,-4.678,1,0.16,0.0938,0.126,0.758,140.031,138613.0,4,42.0
0.65,0.616,-8.857,0,0.031,0.0923,0.118,0.906,149.924,3.20755,4,37.0
0.582,0.521,-11.528,1,0.0249,0.221,0.21,0.405,88.131,324667.0,4,49.0
0.451,0.627,-4.59,1,0.127,0.591,0.118,0.77,74.69,184000.0,4,34.0
0.447,0.163,-14.835,1,0.0707,0.992,0.654,0.197,74.933,16.74378333,3,47.0
0.759,0.617,-8.984,0,0.0781,0.0386,0.103,0.507,106.639,166853.0,4,30.0
0.585,0.953,-6.2,1,0.0359,0.000135,0.436,0.732,127.976,227280.0,4,32.0
0.577,0.788,-6.737,0,0.0977,0.014,0.123,0.644,172.926,93970.0,4,75.0
0.361,0.985,-6.644,0,0.144,0.000144,0.566,0.21,153.586,138747.0,4,20.0
0.486,0.487,-11.633,0,0.0341,0.445,0.0648,0.373,81.972,282013.0,4,62.0
0.98,0.413,-11.052,0,0.101,0.671,0.17,0.764,119.993,180139.0,4,82.0
0.408,0.98,-0.489,1,0.0456,0.807,0.287,0.674,150.405,170520.0,4,29.0
0.329,0.864,-6.067,0,0.053,0.000188,0.0918,0.236,135.734,293173.0,4,34.0
0.567,0.714,-8.512,0,0.0302,0.0012,0.186,0.191,107.441,403533.0,3,69.0
0.697,0.621,-7.206,1,0.0401,0.00499,0.0928,0.849,130.482,174623.0,3,52.0
0.545,0.78,-4.975,0,0.0896,0.00753,0.0817,0.477,126.014,220129.0,4,31.0
0.635,0.559,-11.315,1,0.0844,0.335,0.102,0.728,78.353,213653.0,4,37.0
0.502,0.787,-7.767,1,0.0961,0.00964,0.153,0.801,160.131,124160.0,4,26.0
0.629,0.773,-6.965,0,0.0754,0.241,0.382,0.489,173.927,242637.0,4,54.0
0.475,0.105,-18.046,0,0.0351,0.962,0.115,0.0563,54.727,3.111083333,4,61.0
0.686,0.902,-3.154,0,0.0304,0.00575,0.125,0.648,129.971,198020.0,4,48.0
0.385,0.949,-3.369,1,0.0459,0.00501,0.113,0.517,166.137,226347.0,4,58.0
0.324,0.967,-5.655,1,0.0774,0.0278,0.0566,0.392,165.92,244320.0,4,44.0
0.538,0.899,-5.426,1,0.105,0.000942,0.0385,0.267,159.941,154251.0,4,30.0
0.771,0.737,-4.398,0,0.0337,0.323,0.0916,0.923,99.955,216853.0,4,30.0
0.52,0.95,-3.912,1,0.0491,6.78e-06,0.287,0.346,125.016,226320.0,4,32.0
0.677,0.826,-6.8,1,0.368,0.395,0.571,0.498,124.821,183880.0,4,59.0
0.514,0.679,-6.117,1,0.0273,0.0255,0.0594,0.496,164.109,3.503883333,4,57.0
0.249,0.986,-7.656,1,0.115,0.0613,0.0365,0.0792,108.575,342800.0,5,34.0
0.725,0.403,-9.113,1,0.0471,0.726,0.096,0.232,119.947,103078.0,4,33.0
0.486,0.806,-3.479,1,0.0384,0.0303,0.0621,0.451,99.873,151288.0,4,44.0
0.794,0.648,-7.659,0,0.0651,0.0643,0.0995,0.94,144.038,196315.0,4,45.0
0.807,0.585,-6.702,0,0.0375,0.56,0.0894,0.749,97.03,295627.0,4,11.0
0.278,0.962,-5.284,0,0.112,0.00229,0.32,0.322,169.921,201547.0,4,42.0
0.349,0.363,-11.718,1,0.0394,0.537,0.0824,0.103,169.928,149647.0,4,51.0
0.471,0.803,-5.8,1,0.125,0.968,0.22,0.765,101.028,11.80366667,4,13.0
0.607,0.159,-12.223,1,0.0326,0.879,0.182,0.662,162.005,177907.0,3,38.0
0.281,0.914,-5.805,0,0.0603,0.000668,0.236,0.217,122.721,233111.0,4,28.0
0.679,0.621,-6.17,1,0.033,0.0126,0.104,0.306,120.028,183605.0,4,22.0
0.282,0.916,-6.632,0,0.0749,2.75e-05,0.141,0.109,82.483,281733.0,4,35.0
0.275,0.658,-10.82,1,0.032,0.0242,0.121,0.451,159.201,608253.0,4,41.0
0.35,0.917,-5.127,1,0.0441,2.42e-05,0.128,0.424,160.045,211875.0,4,35.0
0.318,0.906,-6.192,1,0.0581,0.0623,0.155,0.547,134.363,217573.0,4,11.0
0.818,0.739,-9.991,0,0.0569,0.0117,0.0653,0.92,104.657,293733.0,4,37.0
0.514,0.632,-7.544,1,0.145,0.453,0.106,0.531,85.018,204127.0,4,61.0
0.425,0.587,-6.134,1,0.0284,0.112,0.0988,0.288,81.017,229800.0,4,34.0
0.654,0.607,-8.047,1,0.0394,0.000176,0.255,0.499,143.941,277788.0,4,13.0
0.498,0.939,-4.934,1,0.0753,4.57e-05,0.463,0.312,103.974,140320.0,4,19.0
0.568,0.564,-8.231,1,0.0273,0.0105,0.0766,0.385,115.059,309986.0,4,65.0
0.61,0.819,-8.323,1,0.0666,0.00381,0.285,0.454,100.057,198920.0,4,59.0
0.795,0.775,-7.492,1,0.162,0.0294,0.0367,0.833,96.027,272787.0,4,31.0
0.428,0.877,-4.722,0,0.0835,0.00153,0.0943,0.113,75.518,221000.0,4,63.0
0.871,0.61,-7.565,1,0.239,0.0307,0.0674,0.788,134.507,193373.0,4,47.0
0.153,0.0289,-23.791,1,0.0405,0.984,0.0872,0.0942,167.406,3.655233333,3,45.0
0.484,0.69,-6.339,1,0.316,0.00757,0.181,0.657,80.862,308973.0,3,50.0
0.621,0.787,-5.149,0,0.0383,0.0199,0.566,0.589,128.941,187827.0,4,20.0
0.837,0.71,-7.109,1,0.0762,0.0286,0.0649,0.694,123.021,204878.0,4,42.0
0.508,0.151,-14.984,1,0.0324,0.986,0.172,0.523,85.128,181787.0,4,43.0
0.69,0.834,-4.155,1,0.0672,0.455,0.066,0.313,108.032,183128.0,4,50.0
0.473,0.281,-11.337,1,0.0354,0.97,0.11,0.523,119.161,174576.0,4,39.0
0.547,0.707,-8.74,1,0.0338,8.14e-05,0.285,0.654,119.576,242733.0,4,72.0
0.351,0.939,-4.469,1,0.0564,6.42e-05,0.296,0.321,182.067,223547.0,4,59.0
0.545,0.647,-9.693,1,0.0404,0.00823,0.159,0.552,85.76,4.95711667,4,58.0
0.526,0.731,-4.901,1,0.0459,0.083,0.0557,0.491,128.04,4.274,4,34.0
0.73,0.61,-7.784,0,0.238,0.373,0.144,0.8,146.572,157903.0,4,61.0
0.584,0.692,-8.247,0,0.0611,0.000425,0.128,0.264,95.029,230500.0,4,39.0
0.373,0.123,-15.193,1,0.0407,0.948,0.0816,0.138,97.129,220813.0,4,66.0
0.463,0.908,-4.373,0,0.0756,0.00893,0.366,0.459,99.993,204745.0,4,55.0
0.379,0.901,-4.81,0,0.0349,6.84e-05,0.0933,0.691,168.976,204027.0,4,50.0
0.454,0.891,-5.101,1,0.0621,0.00229,0.468,0.752,169.869,266466.0,4,37.0
0.472,0.63,-9.556,0,0.0369,0.00131,0.161,0.511,151.913,167389.0,4,45.0
0.568,0.898,-8.833,0,0.0862,0.0285,0.484,0.833,110.824,301520.0,4,50.0
0.688,0.337,-10.991,0,0.031,0.758,0.152,0.364,123.988,220000.0,4,29.0
0.14,0.641,-10.435,1,0.0422,0.000243,0.108,0.352,170.207,256573.0,4,59.0
0.324,0.938,-7.332,0,0.102,0.032,0.0961,0.543,168.131,178440.0,4,73.0
0.675,0.828,-5.799,1,0.0454,0.0242,0.364,0.669,122.229,187733.0,4,69.0
0.235,0.927,-5.824,1,0.084,0.000173,0.0748,0.253,90.497,211267.0,4,45.0
0.572,0.747,-6.237,1,0.0943,0.13,0.108,0.3,158.051,155275.0,4,55.0
0.554,0.963,-3.762,0,0.035,0.000244,0.431,0.918,128.175,195147.0,4,72.0
0.509,0.611,-11.036,0,0.0291,0.15,0.107,0.9,129.926,209133.0,4,50.0
0.525,0.696,-5.963,0,0.0331,0.21,0.259,0.414,92.065,211147.0,4,26.0
0.756,0.674,-7.036,0,0.0352,0.0782,0.0804,0.429,103.982,150000.0,4,47.0
0.804,0.803,-4.673,1,0.346,0.409,0.119,0.339,125.0,2.356233333,4,79.0
0.772,0.327,-11.432,1,0.601,0.0154,0.129,0.211,176.174,188400.0,4,39.0
0.312,0.777,-9.267,0,0.054,9.64e-05,0.121,0.286,176.072,290795.0,4,48.0
0.628,0.308,-11.431,1,0.108,0.673,0.0995,0.209,79.911,229427.0,4,49.0
0.549,0.255,-8.823,1,0.0287,0.443,0.454,0.638,127.368,200240.0,4,33.0
0.24,0.956,-3.335,1,0.07,3.39e-05,0.0579,0.205,93.486,187451.0,4,50.0
0.53,0.759,-7.067,1,0.0351,0.00984,0.319,0.502,131.999,253840.0,4,65.0
0.447,0.742,-5.015,1,0.0298,0.569,0.149,0.214,150.254,389387.0,4,41.0
0.4,0.267,-12.488,1,0.0323,0.744,0.103,0.0872,144.799,225000.0,3,69.0
0.308,0.361,-18.788,0,0.0333,0.949,0.19,0.0516,117.0,267330.0,4,47.0
0.664,0.586,-7.985,0,0.0283,0.334,0.16,0.727,102.991,174520.0,4,62.0
0.635,0.875,-8.536,0,0.0421,0.000722,0.483,0.934,149.98,324667.0,4,28.0
0.55,0.796,-5.39,1,0.0495,4.14e-05,0.103,0.32,128.014,197661.0,4,58.0
0.401,0.904,-5.297,0,0.098,0.000385,0.0643,0.251,153.422,240667.0,4,39.0
0.59,0.743,-7.078,0,0.0347,0.067,0.0847,0.412,129.79,346960.0,4,65.0
0.684,0.851,-9.792,1,0.0407,0.000613,0.535,0.512,112.662,234080.0,4,66.0
0.519,0.876,-7.49,0,0.05,0.000477,0.102,0.378,97.002,223493.0,4,22.0
0.582,0.642,-5.174,1,0.074,0.558,0.148,0.918,80.745,268627.0,4,44.0
0.51,0.389,-14.317,0,0.0384,0.286,0.644,0.621,94.04,4.34066667,4,56.0
0.51,0.863,-4.56,0,0.402,0.155,0.375,0.628,85.599,245827.0,4,50.0
0.748,0.538,-7.715,0,0.0488,0.0172,0.11,0.795,130.45,199267.0,4,24.0
0.527,0.636,-12.888,0,0.0347,0.0599,0.204,0.607,83.101,334467.0,4,63.0
0.697,0.863,-4.799,1,0.0337,0.216,0.0629,0.961,96.407,189440.0,4,15.0
0.686,0.598,-10.062,0,0.0266,0.118,0.0705,0.869,110.961,222703.0,4,29.0
0.784,0.369,-9.379,0,0.292,0.752,0.125,0.568,137.05,243714.0,4,19.0
0.901,0.354,-10.153,0,0.0323,0.377,0.0752,0.878,115.335,3.715333333,4,43.0
0.52,0.766,-9.242,0,0.085,0.239,0.129,0.714,144.13,7.644883333,4,47.0
0.494,0.693,-9.781,1,0.0345,0.000897,0.32,0.481,94.154,345293.0,4,57.0
0.539,0.527,-8.656,1,0.0414,0.0691,0.0923,0.232,75.006,328800.0,4,10.0
0.791,0.59,-9.206,0,0.0793,0.0994,0.065,0.714,119.951,3.43445,4,80.0
0.218,0.982,-4.3,0,0.224,0.000165,0.329,0.319,192.847,339253.0,4,33.0
0.0847,0.0185,-30.252,1,0.0488,0.973,0.0718,0.0399,82.833,6.415333333,4,35.0
0.388,0.458,-10.313,1,0.0292,0.299,0.101,0.361,85.688,5.829766667,4,38.0
0.556,0.546,-13.215,1,0.0285,0.117,0.115,0.427,91.887,447999.0,4,49.0
0.836,0.74,-4.77,0,0.057,0.0622,0.121,0.445,101.986,177920.0,4,57.0
0.625,0.728,-8.276,1,0.0263,0.0553,0.129,0.868,110.005,221389.0,4,25.0
0.573,0.304,-14.31,1,0.0309,0.332,0.111,0.256,102.686,182653.0,4,33.0
0.471,0.211,-13.377,1,0.0362,0.912,0.15,0.299,145.539,4.795116667,4,36.0
0.475,0.504,-8.151,1,0.0282,0.0638,0.123,0.211,128.959,269014.0,4,22.0
0.482,0.721,-6.839,1,0.0321,0.731,0.189,0.557,95.263,6.16,4,73.0
0.599,0.448,-6.312,1,0.0232,0.163,0.106,0.168,95.05,263400.0,3,86.0
0.596,0.811,-5.501,0,0.0587,0.00458,0.0971,0.475,100.032,226093.0,4,53.0
0.456,0.861,-11.62,0,0.04,0.12,0.741,0.453,114.957,365080.0,4,26.0
0.724,0.61,-10.025,1,0.0358,0.413,0.243,0.591,123.985,400867.0,4,57.0
0.478,0.965,-5.022,1,0.0642,0.000169,0.0854,0.347,125.152,262000.0,4,67.0
0.523,0.394,-9.403,1,0.0259,0.163,0.0554,0.22,99.961,266493.0,4,42.0
0.494,0.735,-8.347,1,0.0345,0.00401,0.544,0.742,132.526,283000.0,4,60.0
0.386,0.764,-12.772,1,0.0355,0.0016,0.295,0.706,171.713,240867.0,4,31.0
0.256,0.423,-11.994,1,0.035,0.000788,0.25,0.441,173.27,320907.0,3,59.0
0.545,0.964,-4.326,1,0.0565,0.000114,0.0842,0.698,142.002,233439.0,4,45.0
0.537,0.199,-18.726,1,0.0287,0.861,0.334,0.229,94.634,257366.0,4,54.0
0.152,0.0625,-23.396,1,0.0358,0.619,0.0802,0.0355,85.971,286962.0,3,40.0
0.517,0.584,-6.431,1,0.0385,0.514,0.109,0.438,79.146,6.909333333,4,43.0
0.711,0.747,-6.335,1,0.0523,0.459,0.0957,0.852,136.0,166023.0,4,76.0
0.678,0.84,-6.439,0,0.0279,0.229,0.329,0.684,132.327,303333.0,4,32.0
0.423,0.281,-7.963,1,0.0291,0.846,0.112,0.347,146.422,240732.0,4,33.0
0.209,0.951,-8.108,0,0.149,0.000346,0.372,0.147,179.901,277417.0,4,50.0
0.579,0.415,-11.599,1,0.0397,0.929,0.671,0.42,102.713,219093.0,4,65.0
0.264,0.986,-5.059,1,0.102,4.1e-06,0.0535,0.223,106.161,274587.0,4,50.0
0.586,0.887,-6.924,1,0.0769,0.000119,0.286,0.405,94.965,176082.0,4,11.0
0.439,0.561,-9.507,0,0.0345,0.0026,0.319,0.794,162.903,150533.0,4,34.0
0.471,0.971,-2.546,1,0.242,0.000137,0.332,0.236,179.951,91000.0,4,42.0
0.508,0.988,-4.537,0,0.064,7.76e-05,0.201,0.262,142.031,241440.0,4,32.0
0.565,0.266,-11.708,1,0.0375,0.897,0.103,0.577,109.976,168733.0,4,30.0
0.864,0.656,-7.286,1,0.104,0.263,0.0712,0.821,115.959,235813.0,4,53.0
0.47,0.416,-9.31,0,0.0266,0.622,0.236,0.26,89.013,272720.0,4,19.0
0.43,0.486,-5.776,0,0.0356,0.766,0.214,0.421,137.992,220253.0,4,46.0
0.658,0.944,-3.593,0,0.0305,0.0921,0.0902,0.844,94.033,185147.0,4,23.0
0.163,0.937,-5.502,1,0.0882,4.63e-05,0.372,0.413,184.482,273813.0,4,48.0
0.478,0.628,-4.582,1,0.0377,0.000245,0.0907,0.581,115.07,266920.0,3,38.0
0.717,0.803,-4.761,0,0.0589,0.18,0.0827,0.728,104.024,215192.0,4,43.0
0.367,0.96,-5.078,1,0.104,9.37e-05,0.485,0.102,195.045,233841.0,4,16.0
0.745,0.972,-5.598,1,0.0316,0.346,0.148,0.968,123.067,207787.0,4,66.0
0.252,0.872,-3.752,1,0.0777,0.00912,0.109,0.399,126.938,236360.0,4,56.0
0.424,0.981,-2.749,1,0.163,0.000537,0.357,0.0992,149.955,243600.0,4,51.0
0.702,0.909,-2.97,1,0.0429,0.0863,0.0693,0.961,99.99,230573.0,4,29.0
0.535,0.726,-6.097,1,0.0273,0.118,0.129,0.497,113.749,178867.0,4,31.0
0.214,0.349,-12.987,0,0.0323,0.8,0.0745,0.0651,130.291,277113.0,4,46.0
0.465,0.821,-11.115,1,0.0487,0.0133,0.447,0.697,149.824,209907.0,4,48.0
0.235,0.942,-2.191,0,0.0945,0.000113,0.112,0.354,131.967,182158.0,4,42.0
0.917,0.571,-7.659,1,0.0537,0.0131,0.126,0.967,125.018,237253.0,4,32.0
0.577,0.636,-10.157,1,0.13,0.823,0.142,0.567,98.055,301933.0,4,17.0
0.737,0.302,-17.692,1,0.0425,0.814,0.366,0.688,91.018,146595.0,4,37.0
0.559,0.318,-11.106,0,0.0317,0.857,0.11,0.684,80.242,4.797333333,4,25.0
0.83,0.345,-9.941,1,0.0445,0.37,0.11,0.55,120.966,214306.0,4,43.0
0.695,0.612,-7.587,1,0.0264,0.136,0.108,0.801,104.963,227867.0,4,32.0
0.7,0.828,-6.303,0,0.0577,0.00749,0.044,0.756,110.01,229733.0,4,26.0
0.676,0.445,-10.058,1,0.0789,0.693,0.089,0.566,157.995,202852.0,4,20.0
0.353,0.725,-10.131,1,0.0422,0.00681,0.0289,0.402,82.831,182169.0,4,31.0
0.438,0.296,-6.433,0,0.0432,0.872,0.105,0.304,111.153,219760.0,4,49.0
0.803,0.581,-8.054,1,0.17,0.0258,0.0768,0.163,125.007,253440.0,4,47.0
0.638,0.924,-3.887,1,0.036,0.00205,0.149,0.53,111.995,263787.0,4,75.0
0.713,0.661,-6.874,0,0.0271,0.177,0.0991,0.83,107.039,273467.0,4,38.0
0.279,0.975,-7.294,1,0.124,8.83e-05,0.333,0.0447,144.943,204629.0,4,22.0
0.247,0.944,-2.139,0,0.0394,1.71e-05,0.607,0.614,140.052,292962.0,4,27.0
0.454,0.723,-8.325,1,0.0375,0.134,0.18,0.159,150.146,357125.0,4,20.0
0.714,0.527,-7.96,0,0.0424,0.243,0.12,0.606,130.023,204217.0,4,45.0
0.546,0.916,-6.737,0,0.0401,0.000282,0.0401,0.411,119.997,235413.0,4,53.0
0.494,0.713,-7.956,0,0.0777,0.0443,0.168,0.445,90.482,165500.0,4,53.0
0.619,0.726,-5.305,0,0.0278,0.0167,0.0596,0.831,134.999,191813.0,4,37.0
0.536,0.849,-4.702,1,0.0616,0.00318,0.104,0.305,127.002,206547.0,4,68.0
0.509,0.935,-5.26,1,0.0805,0.021,0.133,0.823,165.003,149065.0,4,24.0
0.331,0.904,-6.297,0,0.0407,0.00629,0.413,0.923,154.675,104611.0,4,48.0
0.414,0.499,-7.327,0,0.0369,0.00819,0.133,0.338,118.158,183552.0,4,34.0
0.493,0.83,-5.983,0,0.105,0.000308,0.102,0.114,137.967,594213.0,4,52.0
0.804,0.77,-6.699,0,0.0438,0.00203,0.0591,0.873,159.988,223560.0,4,25.0
0.611,0.556,-5.761,1,0.0288,0.175,0.0359,0.252,126.532,297307.0,4,63.0
0.42,0.949,-6.214,1,0.189,0.000181,0.101,0.171,77.064,227379.0,4,55.0
0.424,0.446,-7.602,1,0.0666,0.813,0.0961,0.272,89.098,223635.0,4,25.0
0.632,0.76,-4.798,0,0.0342,0.00245,0.0494,0.671,119.95,257758.0,4,58.0
0.263,0.679,-11.883,0,0.0498,0.202,0.0969,0.406,82.261,355869.0,4,43.0
0.374,0.792,-4.118,1,0.0365,0.00044,0.185,0.339,117.548,209049.0,4,48.0
0.583,0.216,-13.345,1,0.0324,0.895,0.102,0.173,88.393,4.139766667,4,5.0
0.369,0.76,-3.901,0,0.0521,0.313,0.139,0.261,131.605,204819.0,4,53.0
0.765,0.476,-8.069,0,0.0969,0.213,0.106,0.598,107.004,254461.0,4,34.0
0.612,0.884,-4.4,1,0.0459,0.00516,0.0997,0.626,119.991,4.093766667,4,76.0
0.474,0.734,-8.813,0,0.0426,0.0871,0.26,0.926,101.751,178067.0,4,51.0
0.494,0.939,-6.889,1,0.296,0.0385,0.708,0.552,171.233,289307.0,4,46.0
0.665,0.91,-4.682,0,0.223,0.0394,0.227,0.887,84.099,293973.0,4,66.0
0.446,0.807,-4.417,0,0.0302,0.00827,0.194,0.346,86.003,284693.0,4,21.0
0.295,0.878,-5.034,1,0.0541,0.00112,0.113,0.295,165.083,301853.0,3,62.0
0.498,0.887,-8.501,1,0.171,0.617,0.144,0.0758,114.936,189382.0,4,54.0
0.837,0.514,-6.161,1,0.0518,0.31,0.0809,0.676,130.004,165533.0,4,31.0
0.398,0.952,-6.042,1,0.061,0.000373,0.1,0.584,122.093,278680.0,4,75.0
0.479,0.891,-5.067,1,0.392,0.0895,0.358,0.699,165.428,178086.0,4,39.0
0.682,0.743,-5.135,1,0.334,0.0865,0.3,0.793,81.946,205601.0,4,27.0
0.619,0.589,-6.531,1,0.124,0.43,0.378,0.158,143.896,174960.0,4,79.0
0.321,0.895,-4.172,1,0.267,0.0558,0.0863,0.248,159.657,176228.0,4,48.0
0.477,0.721,-5.342,0,0.0274,0.00663,0.113,0.137,85.986,238373.0,4,26.0
0.653,0.875,-5.815,0,0.0274,0.00976,0.329,0.61,109.988,195371.0,4,64.0
0.852,0.535,-5.94,0,0.0896,0.439,0.246,0.483,103.007,205056.0,4,58.0
0.314,0.581,-7.867,1,0.0376,0.896,0.23,0.458,114.958,4.08245,4,26.0
0.733,0.568,-5.938,0,0.0359,0.199,0.108,0.944,100.078,231155.0,4,47.0
0.797,0.755,-5.393,1,0.0293,0.331,0.124,0.411,129.955,135878.0,4,79.0
0.28,0.93,-7.573,1,0.104,0.0014,0.371,0.623,177.258,222653.0,3,61.0
0.476,0.724,-12.96,0,0.032,0.0201,0.113,0.41,137.998,311100.0,4,17.0
0.602,0.595,-10.337,1,0.0339,0.182,0.0812,0.962,84.362,268440.0,4,54.0
0.639,0.431,-12.494,1,0.0489,0.414,0.0867,0.526,144.048,4.58111667,4,49.0
0.61,0.6,-4.465,1,0.0915,0.304,0.102,0.757,132.447,211133.0,4,33.0
0.778,0.63,-7.135,0,0.182,0.216,0.0968,0.705,97.035,165862.0,4,54.0
0.765,0.871,-7.523,0,0.0536,0.07,0.125,0.505,119.989,256467.0,4,49.0
0.449,0.797,-9.724,1,0.0831,0.0053,0.0422,0.731,144.491,183360.0,4,39.0
0.659,0.754,-3.423,0,0.0375,0.00184,0.0923,0.0471,130.021,323227.0,4,25.0
0.62,0.476,-12.759,0,0.0724,0.475,0.135,0.602,161.168,194240.0,4,62.0
0.724,0.538,-8.041,1,0.0381,0.0408,0.0343,0.282,108.945,298133.0,4,59.0
0.538,0.867,-4.172,0,0.0618,9.38e-05,0.055,0.439,107.669,189747.0,4,63.0
0.35,0.113,-18.804,1,0.0403,0.874,0.0751,0.151,128.271,218907.0,4,58.0
0.481,0.724,-5.642,1,0.0324,0.0018,0.11,0.2,116.322,271000.0,4,61.0
0.7,0.742,-6.777,0,0.0716,0.0722,0.11,0.197,91.959,302000.0,4,73.0
0.477,0.964,-4.948,0,0.0563,0.0137,0.288,0.299,145.949,181400.0,4,42.0
0.488,0.811,-8.948,1,0.0551,0.00159,0.208,0.316,92.493,264733.0,4,43.0
0.348,0.88,-7.366,1,0.0978,0.128,0.357,0.606,101.185,278779.0,4,63.0
0.841,0.593,-7.846,1,0.0379,0.418,0.124,0.808,124.917,2.71338333,4,88.0
0.471,0.632,-11.844,0,0.0568,0.0896,0.261,0.582,97.239,253573.0,4,26.0
0.47,0.911,-3.766,1,0.0591,0.00875,0.361,0.308,149.985,225600.0,4,46.0
0.312,0.543,-7.952,1,0.0313,0.0304,0.107,0.199,133.17,316777.0,4,38.0
0.424,0.766,-6.197,1,0.0391,5.79e-05,0.208,0.566,154.849,197250.0,4,9.0
0.485,0.945,-5.954,1,0.0402,0.0033,0.0997,0.731,135.957,249013.0,4,63.0
0.502,0.883,-5.205,1,0.0284,0.000136,0.154,0.129,129.993,155883.0,4,40.0
0.302,0.989,-4.162,1,0.152,0.000156,0.327,0.0931,133.737,205260.0,4,30.0
0.603,0.875,-10.394,0,0.063,0.475,0.15,0.566,150.008,165333.0,3,44.0
0.518,0.873,-6.557,1,0.2,0.011,0.105,0.639,150.029,151117.0,4,41.0
0.496,0.857,-4.515,1,0.0849,0.00185,0.117,0.656,171.795,232427.0,4,46.0
0.462,0.574,-6.516,1,0.0259,0.0496,0.145,0.128,87.029,247040.0,4,44.0
0.566,0.238,-8.571,0,0.0312,0.893,0.155,0.22,103.095,171633.0,4,15.0
0.575,0.105,-15.208,1,0.0662,0.993,0.108,0.286,92.085,2.986666667,4,48.0
0.586,0.7,-9.558,1,0.0363,0.0589,0.0318,0.897,147.245,295400.0,4,73.0
0.8,0.71,-6.403,0,0.295,0.463,0.339,0.795,147.171,150664.0,4,76.0
0.58,0.885,-5.154,0,0.0715,0.1,0.146,0.788,145.405,137933.0,4,66.0
0.456,0.874,-4.129,0,0.114,0.0595,0.111,0.5,200.179,3.40155,4,59.0
0.571,0.893,-5.994,0,0.0416,0.00054,0.386,0.466,128.992,362029.0,3,44.0
0.62,0.712,-6.434,1,0.1,0.228,0.0561,0.83,170.234,268600.0,4,65.0
0.544,0.944,-6.161,1,0.0522,0.00266,0.103,0.572,135.076,191670.0,4,55.0
0.439,0.698,-6.764,1,0.0643,0.171,0.286,0.815,112.726,148800.0,3,33.0
0.568,0.787,-4.632,0,0.0285,0.00278,0.0825,0.238,119.953,226238.0,4,37.0
0.731,0.675,-5.134,0,0.0434,0.00473,0.141,0.298,124.939,139461.0,4,85.0
0.497,0.979,-3.214,1,0.103,0.00437,0.177,0.494,140.065,207800.0,4,28.0
0.588,0.478,-13.26,1,0.0379,0.227,0.286,0.968,156.411,218467.0,4,46.0
0.285,0.908,-4.601,0,0.0705,0.0318,0.311,0.669,159.756,252733.0,4,72.0
0.303,0.648,-6.795,1,0.0512,0.642,0.407,0.644,170.379,412960.0,3,57.0
0.584,0.298,-9.104,1,0.0525,0.792,0.106,0.227,79.061,212011.0,4,46.0
0.526,0.453,-10.678,1,0.027,0.476,0.103,0.478,95.016,1.027483333,4,7.0
0.438,0.758,-3.759,1,0.0302,0.000618,0.215,0.552,139.992,216295.0,4,42.0
0.727,0.232,-19.045,0,0.379,0.628,0.111,0.342,144.918,119172.0,4,32.0
0.681,0.717,-8.112,0,0.0346,0.143,0.409,0.177,124.048,222284.0,4,37.0
0.698,0.763,-5.09,0,0.131,0.00224,0.0856,0.672,91.986,422813.0,4,38.0
0.48,0.638,-7.48,1,0.0406,0.451,0.986,0.538,137.897,4.679066667,3,27.0
0.719,0.936,-3.936,1,0.0969,0.00524,0.36,0.276,103.655,233760.0,4,42.0
0.515,0.787,-3.151,1,0.162,0.00634,0.0922,0.58,109.907,178091.0,4,28.0
0.602,0.81,-7.877,0,0.0346,0.311,0.276,0.636,138.722,273053.0,4,36.0
0.568,0.367,-8.15,1,0.0318,0.768,0.279,0.41,121.074,320267.0,4,65.0
0.576,0.751,-5.256,1,0.0269,0.0125,0.0501,0.38,103.009,194173.0,4,51.0
0.401,0.186,-11.596,1,0.0315,0.951,0.108,0.165,101.949,216000.0,3,25.0
0.628,0.503,-9.88,1,0.305,0.188,0.178,0.768,81.594,161431.0,4,43.0
0.935,0.78,-5.795,0,0.197,0.0158,0.164,0.918,123.895,226160.0,4,54.0
0.378,0.896,-4.066,1,0.0407,0.000452,0.194,0.469,174.302,258773.0,4,78.0
0.585,0.881,-4.719,0,0.0366,2.27e-05,0.376,0.425,107.028,196040.0,4,62.0
0.627,0.161,-16.318,1,0.0728,0.991,0.109,0.773,122.476,153160.0,4,26.0
0.27,0.7,-4.855,0,0.0454,0.182,0.0924,0.619,188.996,269333.0,3,30.0
0.714,0.708,-6.286,0,0.0483,0.0891,0.116,0.601,94.478,225600.0,4,59.0
0.108,0.556,-7.719,1,0.0494,0.000134,0.639,0.35,175.661,253013.0,4,27.0
0.522,0.0696,-20.816,0,0.0419,0.974,0.111,0.132,106.006,3.666983333,4,54.0
0.538,0.454,-9.607,1,0.414,0.044,0.097,0.514,72.53,165232.0,4,54.0
0.574,0.792,-5.868,1,0.0489,0.0135,0.11,0.562,104.989,3.303483333,4,12.0
0.428,0.914,-3.017,1,0.0762,0.00594,0.309,0.494,74.989,229600.0,4,63.0
0.153,0.994,-5.902,1,0.196,0.026,0.357,0.174,144.623,306880.0,4,36.0
0.344,0.264,-12.228,1,0.0381,0.1,0.0731,0.124,117.294,234953.0,4,38.0
0.502,0.758,-9.76,1,0.0407,0.00915,0.284,0.729,112.499,213693.0,4,66.0
0.56,0.277,-10.81,1,0.0453,0.931,0.0915,0.545,101.399,218698.0,4,43.0
0.61,0.508,-6.682,0,0.152,0.297,0.384,0.758,178.818,137876.0,4,100.0
0.675,0.548,-6.857,0,0.0463,0.327,0.0699,0.0857,90.023,205333.0,4,23.0
0.276,0.0377,-21.08,1,0.0575,0.919,0.123,0.124,83.959,2.418666667,4,29.0
0.331,0.5,-9.119,0,0.0514,0.677,0.116,0.421,86.963,127465.0,4,62.0
0.572,0.243,-12.085,1,0.0282,0.93,0.0908,0.46,99.825,2.68035,4,56.0
0.318,0.405,-10.028,1,0.0328,0.305,0.117,0.296,180.305,198400.0,3,46.0
0.419,0.573,-9.166,1,0.0321,0.00026,0.597,0.165,145.637,392000.0,4,47.0
0.773,0.851,-3.563,0,0.214,0.618,0.114,0.835,91.069,313667.0,4,39.0
0.733,0.886,-1.856,0,0.0426,0.0481,0.191,0.696,126.031,2.92391667,4,78.0
0.744,0.832,-4.268,0,0.0242,0.24,0.653,0.967,94.68,246600.0,4,30.0
0.367,0.885,-5.201,1,0.0808,0.00274,0.106,0.593,168.731,184024.0,4,33.0
0.4,0.968,-4.421,1,0.0769,1.2e-05,0.106,0.434,144.054,215938.0,4,48.0
0.308,0.35,-11.179,0,0.0328,0.318,0.125,0.213,143.679,304000.0,3,26.0
0.392,0.534,-8.793,1,0.0369,0.245,0.155,0.325,181.305,276187.0,4,76.0
0.471,0.888,-3.724,1,0.0727,0.0306,0.0892,0.46,160.004,195528.0,4,49.0
0.598,0.693,-6.334,0,0.47,0.292,0.121,0.718,99.509,206430.0,4,45.0
0.417,0.484,-8.781,1,0.0791,0.409,0.0663,0.501,149.79,3.248,4,47.0
0.701,0.292,-17.458,0,0.0461,0.978,0.115,0.597,78.9,157431.0,4,12.0
0.562,0.319,-7.378,1,0.0367,0.807,0.1,0.33,66.762,185000.0,4,30.0
0.427,0.993,-3.259,1,0.145,1.31e-06,0.325,0.195,92.501,219324.0,4,39.0
0.633,0.939,-5.158,1,0.0642,0.000642,0.0804,0.838,119.669,262400.0,4,44.0
0.43,0.27,-13.532,0,0.0332,0.959,0.113,0.464,90.02,5.616,4,7.0
0.728,0.886,-8.098,1,0.0579,0.311,0.0834,0.837,145.75,179976.0,4,47.0
0.487,0.773,-8.194,1,0.0441,0.0516,0.233,0.565,169.981,2.35765,4,22.0
0.568,0.45,-8.355,1,0.338,0.764,0.181,0.754,88.91,66560.0,3,11.0
0.743,0.608,-5.705,1,0.0411,0.0225,0.137,0.801,106.021,192453.0,4,46.0
0.713,0.606,-5.041,0,0.104,0.321,0.108,0.748,133.86,174480.0,4,12.0
0.629,0.74,-7.334,0,0.355,0.0929,0.134,0.69,96.055,157493.0,4,36.0
0.572,0.666,-6.144,0,0.416,0.193,0.105,0.515,85.037,187847.0,4,43.0
0.373,0.436,-14.528,1,0.0344,0.781,0.149,0.382,99.793,2.74,4,36.0
0.504,0.741,-4.612,1,0.0363,0.000941,0.548,0.339,97.494,186535.0,4,43.0
0.432,0.949,-6.262,1,0.0744,1.43e-05,0.188,0.436,94.999,277040.0,4,42.0
0.405,0.28,-16.557,1,0.0458,0.5,0.36,0.0981,115.959,753893.0,4,31.0
0.714,0.243,-13.513,1,0.0478,0.646,0.11,0.504,125.834,298720.0,4,63.0
0.796,0.337,-18.041,1,0.0334,0.22,0.115,0.858,106.923,2.910666667,4,57.0
0.431,0.37,-10.826,1,0.0343,0.424,0.134,0.384,96.242,3.867783333,4,36.0
0.878,0.596,-6.461,1,0.127,0.0125,0.108,0.131,139.941,205776.0,4,27.0
0.326,0.677,-5.449,1,0.116,0.0109,0.385,0.586,184.8,180324.0,4,42.0
0.735,0.752,-7.566,0,0.398,0.603,0.0703,0.5,170.033,164067.0,4,38.0
0.556,0.812,-4.193,1,0.0469,0.0171,0.143,0.181,99.935,273067.0,4,58.0
0.516,0.561,-5.364,1,0.0351,0.00264,0.556,0.141,139.95,260094.0,4,58.0
0.656,0.843,-7.466,0,0.0389,0.06,0.518,0.88,120.022,290403.0,4,47.0
0.332,0.992,-5.57,1,0.109,3.37e-06,0.135,0.185,135.08,368840.0,4,40.0
0.511,0.947,-4.485,0,0.0449,0.000639,0.417,0.84,131.991,217173.0,4,46.0
0.458,0.275,-11.498,1,0.0261,0.944,0.271,0.449,88.718,3.122883333,4,50.0
0.536,0.227,-14.15,1,0.35,0.692,0.112,0.555,116.411,173978.0,3,41.0
0.558,0.842,-4.338,1,0.13,0.00371,0.218,0.549,138.339,198800.0,4,2.0
0.283,0.951,-3.488,0,0.101,0.000844,0.088,0.464,165.969,247373.0,4,39.0
0.585,0.741,-6.954,0,0.0326,0.00381,0.3,0.676,124.678,222653.0,4,43.0
0.67,0.654,-5.863,0,0.177,0.105,0.342,0.175,118.979,213771.0,4,39.0
0.565,0.928,-4.02,1,0.0544,0.254,0.295,0.91,146.401,200227.0,4,27.0
0.644,0.777,-6.165,0,0.0284,0.0252,0.0554,0.966,126.257,152520.0,4,57.0
0.712,0.496,-7.329,0,0.0594,0.726,0.234,0.389,82.926,196536.0,4,42.0
0.729,0.666,-11.903,0,0.035,0.0966,0.222,0.713,105.463,277595.0,4,51.0
0.406,0.341,-7.747,1,0.0349,0.681,0.0789,0.286,148.654,4.11888333,4,36.0
0.653,0.738,-10.057,1,0.0285,0.397,0.0931,0.932,109.322,192960.0,4,59.0
0.668,0.0423,-16.374,1,0.369,0.805,0.433,0.564,129.482,149867.0,4,38.0
0.68,0.523,-5.619,0,0.262,0.148,0.13,0.312,146.84,173147.0,4,45.0
0.323,0.0315,-30.707,0,0.0384,0.993,0.11,0.352,83.099,2.274666667,3,41.0
0.796,0.533,-7.654,1,0.0263,0.538,0.0966,0.737,110.013,263895.0,4,21.0
0.88,0.554,-7.444,1,0.114,0.125,0.121,0.372,91.585,178361.0,4,49.0
0.31,0.863,-3.094,1,0.0401,0.167,0.868,0.747,177.546,260200.0,4,36.0
0.601,0.487,-11.738,1,0.0994,0.285,0.161,0.735,103.571,154133.0,4,31.0
0.601,0.724,-6.769,0,0.48,0.0859,0.14,0.669,125.117,130542.0,5,34.0
0.682,0.747,-4.948,1,0.0552,0.294,0.353,0.869,134.974,3.249183333,4,22.0
0.654,0.848,-8.121,0,0.382,0.109,0.103,0.185,163.989,195240.0,4,62.0
0.764,0.515,-5.841,0,0.0353,0.031,0.181,0.614,112.062,204524.0,4,44.0
0.333,0.82,-7.361,1,0.0531,0.000288,0.0891,0.162,115.12,436333.0,4,35.0
0.611,0.797,-7.627,0,0.0533,0.00543,0.26,0.518,120.041,218107.0,4,84.0
0.357,0.992,-3.663,1,0.0555,0.123,0.14,0.77,160.916,198933.0,4,40.0
0.479,0.177,-11.266,1,0.036,0.963,0.116,0.136,124.033,4.10156667,3,49.0
0.433,0.97,-3.129,0,0.0767,0.00105,0.363,0.249,94.999,210841.0,4,45.0
0.6,0.784,-5.918,1,0.238,0.0736,0.11,0.45,169.895,196380.0,4,29.0
0.742,0.837,-13.817,0,0.0748,0.109,0.935,0.624,109.067,4.83745,4,25.0
0.548,0.532,-7.596,1,0.0323,0.186,0.217,0.405,85.03,272394.0,4,85.0
0.387,0.772,-2.064,0,0.0522,0.000348,0.0536,0.644,164.107,207429.0,4,38.0
0.576,0.856,-5.048,1,0.0312,0.0145,0.327,0.843,118.008,234695.0,4,48.0
0.724,0.876,-5.854,0,0.0873,0.16,0.116,0.812,92.169,234133.0,4,41.0
0.534,0.721,-8.23,1,0.522,0.4,0.0688,0.762,74.834,147375.0,3,46.0
0.385,0.673,-8.182,1,0.0329,0.000183,0.0721,0.187,149.271,306853.0,4,68.0
0.485,0.525,-8.542,0,0.0494,0.00388,0.12,0.833,193.8,163918.0,4,35.0
0.599,0.979,-2.782,0,0.116,0.000425,0.301,0.226,105.979,190387.0,4,40.0
0.545,0.267,-9.492,0,0.0392,0.907,0.669,0.202,78.075,3.87,4,2.0
0.707,0.658,-13.442,0,0.0296,0.19,0.0908,0.955,117.73,185227.0,4,41.0
0.417,0.63,-7.24,1,0.0898,0.0209,0.0543,0.341,94.214,254533.0,4,68.0
0.617,0.926,-1.654,1,0.0399,0.161,0.142,0.728,125.027,253373.0,4,40.0
0.76,0.532,-9.246,1,0.0427,0.0112,0.119,0.139,140.079,197221.0,4,18.0
0.515,0.0999,-21.126,1,0.0405,0.957,0.0928,0.152,113.563,4.533683333,4,51.0
0.507,0.803,-6.555,0,0.0606,0.00212,0.507,0.312,140.047,214286.0,4,32.0
0.498,0.939,-4.354,0,0.087,0.000761,0.0931,0.399,139.969,185665.0,4,40.0
0.884,0.639,-6.832,0,0.246,0.111,0.608,0.625,100.049,142176.0,4,66.0
0.322,0.971,-2.801,1,0.155,3.49e-05,0.211,0.323,139.94,228720.0,4,44.0
0.698,0.716,-4.281,1,0.046,0.273,0.366,0.405,95.015,229292.0,4,24.0
0.343,0.872,-5.602,0,0.0914,0.0207,0.147,0.588,115.991,222169.0,4,32.0
0.765,0.582,-4.528,1,0.12,0.245,0.154,0.36,132.992,171280.0,4,68.0
0.252,0.872,-3.752,1,0.0777,0.00912,0.109,0.399,126.938,236360.0,4,56.0
0.566,0.882,-3.597,1,0.0372,0.00112,0.0552,0.814,134.973,203400.0,4,37.0
0.413,0.758,-9.291,1,0.049,5.85e-05,0.337,0.198,119.944,246047.0,4,36.0
0.427,0.644,-6.659,1,0.0294,0.00051,0.139,0.516,151.313,241933.0,4,46.0
0.22,0.83,-3.584,0,0.0801,0.00419,0.654,0.457,169.765,263773.0,3,52.0
0.793,0.859,-3.774,1,0.0332,0.266,0.133,0.964,129.911,219920.0,4,68.0
0.538,0.96,-3.368,0,0.0525,0.00182,0.134,0.731,149.023,126375.0,4,31.0
0.79,0.578,-6.356,1,0.262,0.00299,0.372,0.705,159.922,144000.0,4,52.0
0.564,0.829,-6.207,1,0.276,0.31,0.0943,0.546,86.733,176552.0,4,41.0
0.445,0.615,-3.009,1,0.053,0.148,0.106,0.259,143.768,257125.0,4,46.0
0.685,0.777,-3.806,1,0.169,0.00469,0.0865,0.541,97.919,164082.0,4,30.0
0.421,0.903,-3.213,0,0.0569,0.000385,0.136,0.913,138.436,208562.0,4,38.0
0.827,0.847,-6.089,1,0.222,0.0478,0.0691,0.769,91.278,261707.0,4,48.0
0.315,0.875,-4.709,0,0.0752,0.00194,0.298,0.142,160.015,272418.0,4,41.0
0.467,0.563,-6.199,0,0.0339,0.214,0.364,0.431,172.241,221996.0,4,35.0
0.695,0.876,-4.262,0,0.0553,0.000996,0.106,0.941,89.954,279213.0,4,76.0
0.802,0.371,-9.087,0,0.131,0.571,0.108,0.263,113.951,219933.0,4,62.0
0.511,0.25,-16.821,0,0.0328,0.92,0.118,0.385,124.054,144841.0,4,34.0
0.499,0.32,-11.35,1,0.0282,0.895,0.0988,0.33,88.883,210233.0,4,36.0
0.184,0.644,-5.958,1,0.0328,0.468,0.359,0.289,81.46,228708.0,4,47.0
0.65,0.732,-7.754,0,0.226,0.498,0.0557,0.886,95.928,2.41666667,4,66.0
0.522,0.817,-6.17,1,0.0512,0.329,0.0807,0.562,151.106,204693.0,4,54.0
0.781,0.407,-9.695,1,0.143,0.325,0.153,0.314,91.046,123280.0,4,30.0
0.578,0.894,-4.671,1,0.0593,0.00158,0.383,0.522,139.99,153040.0,4,65.0
0.572,0.838,-5.531,0,0.0318,0.00148,0.0518,0.512,101.979,250213.0,4,50.0
0.4,0.445,-16.496,1,0.398,0.954,0.11,0.597,159.458,3.235116667,3,17.0
0.639,0.815,-4.718,1,0.221,0.123,0.193,0.443,126.055,220838.0,4,51.0
0.0934,0.02,-33.082,1,0.0451,0.972,0.145,0.0452,85.332,3.447116667,4,39.0
0.515,0.914,-5.054,0,0.0288,1.73e-05,0.11,0.863,128.972,239987.0,4,32.0
0.525,0.366,-14.255,1,0.0295,0.0585,0.32,0.201,112.99,174600.0,4,42.0
0.881,0.691,-6.431,1,0.379,0.13,0.469,0.792,134.042,197830.0,4,32.0
0.535,0.761,-4.354,1,0.0294,0.00889,0.191,0.191,120.117,286520.0,4,35.0
0.551,0.269,-9.782,1,0.028,0.54,0.103,0.476,76.511,3.491116667,4,49.0
0.386,0.941,-2.168,1,0.0515,0.00055,0.14,0.483,90.913,273653.0,4,49.0
0.419,0.449,-10.064,1,0.0341,0.782,0.0829,0.192,155.849,218146.0,4,47.0
0.926,0.542,-5.064,1,0.293,0.135,0.0877,0.564,135.14,181929.0,4,78.0
0.568,0.632,-6.958,1,0.161,0.0245,0.401,0.711,164.823,156107.0,4,48.0
0.417,0.989,-2.898,1,0.167,6.67e-05,0.0822,0.293,137.99,208964.0,4,51.0
0.682,0.911,-2.719,0,0.0283,0.112,0.31,0.693,110.977,238947.0,4,34.0
0.58,0.491,-6.462,1,0.0251,0.575,0.121,0.425,76.009,3.86845,4,61.0
0.423,0.748,-9.832,1,0.0387,0.0303,0.169,0.429,93.973,325200.0,4,34.0
0.696,0.83,-4.866,1,0.146,0.0717,0.171,0.677,138.057,147562.0,4,61.0
0.287,0.404,-8.948,1,0.027,0.34,0.111,0.0511,94.829,200113.0,4,38.0
0.57,0.786,-5.572,1,0.0349,0.00739,0.0556,0.389,140.084,208867.0,4,42.0
0.249,0.66,-6.905,1,0.0342,0.504,0.0891,0.435,149.813,248947.0,4,69.0
0.791,0.756,-5.488,0,0.152,0.163,0.0849,0.747,105.79,247133.0,4,33.0
0.625,0.697,-13.571,1,0.109,0.531,0.964,0.849,155.653,4.541116667,4,31.0
0.755,0.758,-4.473,1,0.0867,0.0316,0.183,0.427,99.967,169034.0,4,43.0
0.481,0.852,-7.819,1,0.0308,0.0837,0.326,0.808,145.494,213187.0,4,24.0
0.815,0.66,-5.564,0,0.251,0.451,0.324,0.665,99.958,156000.0,4,63.0
0.599,0.972,-6.614,1,0.0511,0.0103,0.128,0.638,130.002,261757.0,4,30.0
0.628,0.329,-13.577,1,0.104,0.8,0.256,0.407,79.976,124500.0,4,48.0
0.28,0.0656,-21.513,0,0.0325,0.552,0.115,0.148,88.03,2.563083333,4,56.0
0.527,0.79,-6.268,1,0.0788,0.016,0.37,0.236,153.034,177059.0,3,71.0
0.725,0.199,-12.478,1,0.0357,0.982,0.1,0.264,120.031,195359.0,4,76.0
0.641,0.956,-4.006,0,0.0376,0.00037,0.16,0.669,136.981,251600.0,4,43.0
0.527,0.871,-8.708,1,0.0354,0.0229,0.419,0.107,120.722,188560.0,4,60.0
0.526,0.491,-9.147,0,0.196,0.558,0.186,0.336,128.093,225906.0,4,77.0
0.684,0.711,-6.476,1,0.0263,0.013,0.0619,0.477,144.016,453750.0,4,48.0
0.596,0.31,-13.26,0,0.135,0.439,0.116,0.611,159.85,169400.0,4,55.0
0.633,0.625,-10.951,1,0.0436,0.492,0.204,0.841,103.355,147800.0,4,52.0
0.574,0.857,-3.699,1,0.0779,0.000581,0.0716,0.54,138.144,193905.0,4,49.0
0.495,0.154,-22.005,1,0.0431,0.937,0.0944,0.606,151.757,3.618833333,4,41.0
0.364,0.912,-2.968,1,0.107,0.000104,0.086,0.666,105.368,189200.0,4,59.0
0.64,0.648,-8.113,0,0.187,0.124,0.0802,0.548,92.977,197867.0,4,80.0
0.425,0.284,-12.225,1,0.0287,0.89,0.112,0.206,97.976,2.956466667,4,41.0
0.447,0.458,-8.532,0,0.0702,0.585,0.105,0.158,129.861,4.29755,4,57.0
0.483,0.844,-5.043,1,0.0314,0.00481,0.405,0.543,151.977,3.82555,4,64.0
0.445,0.891,-2.573,1,0.0659,0.00461,0.0849,0.192,130.038,270625.0,4,35.0
0.874,0.392,-10.884,1,0.153,0.246,0.359,0.543,76.544,170733.0,4,54.0
0.298,0.38,-8.426,1,0.0287,0.778,0.11,0.152,75.602,285634.0,4,79.0
0.515,0.43,-9.935,1,0.0372,0.0097,0.129,0.104,91.844,238640.0,4,82.0
0.527,0.922,-2.666,0,0.0728,0.00475,0.422,0.49,95.975,181680.0,4,84.0
0.44,0.478,-16.361,1,0.0326,0.363,0.121,0.54,160.107,3.708333333,4,40.0
0.437,0.631,-8.87,0,0.0293,0.202,0.489,0.237,99.971,224947.0,3,31.0
0.759,0.621,-12.539,1,0.0314,0.067,0.0623,0.921,134.319,2.37955,4,46.0
0.567,0.821,-5.894,1,0.0371,0.418,0.108,0.895,150.106,132307.0,4,60.0
0.485,0.802,-5.497,1,0.0311,0.000243,0.0886,0.361,107.352,281733.0,4,4.0
0.548,0.816,-4.209,1,0.0465,0.122,0.335,0.557,95.39,174000.0,4,90.0
0.445,0.995,-3.79,1,0.134,0.00209,0.228,0.0363,129.971,240000.0,4,30.0
0.657,0.601,-6.626,0,0.0319,0.252,0.0817,0.458,133.963,361200.0,4,29.0
0.666,0.765,-6.589,1,0.285,0.116,0.0697,0.656,133.008,169624.0,4,28.0
0.402,0.924,-4.089,0,0.156,0.00021,0.237,0.443,180.075,197209.0,4,64.0
0.496,0.948,-5.772,0,0.112,0.000108,0.236,0.329,126.364,235187.0,4,45.0
0.276,0.232,-17.572,0,0.0336,0.966,0.107,0.157,81.423,4.303083333,3,58.0
0.839,0.533,-12.416,1,0.291,0.0197,0.108,0.522,95.895,254929.0,4,50.0
0.606,0.704,-4.615,1,0.0519,0.0292,0.105,0.686,106.96,195722.0,4,45.0
0.275,0.933,-5.14,0,0.0879,6.86e-05,0.206,0.164,100.47,169284.0,4,32.0
0.385,0.0787,-18.747,0,0.0375,0.974,0.113,0.147,60.327,3.071333333,4,46.0
0.627,0.688,-4.883,0,0.0682,0.171,0.131,0.224,155.955,193875.0,4,45.0
0.649,0.798,-6.664,1,0.0369,0.00913,0.375,0.806,123.978,222581.0,4,39.0
0.296,0.351,-9.538,1,0.0352,0.823,0.11,0.19,177.06,212720.0,3,76.0
0.655,0.819,-4.852,1,0.0316,0.000176,0.104,0.766,117.956,192790.0,5,81.0
0.624,0.421,-12.602,1,0.066,0.644,0.089,0.284,76.004,192507.0,4,51.0
0.336,0.251,-15.799,1,0.0523,0.935,0.0898,0.453,82.121,2.81245,3,30.0
0.812,0.617,-6.345,1,0.264,0.154,0.076,0.761,83.987,262893.0,4,36.0
0.549,0.754,-4.011,0,0.0407,0.000675,0.0912,0.828,139.052,189693.0,4,73.0
0.53,0.984,-3.226,1,0.089,0.00411,0.0674,0.225,95.945,375625.0,4,38.0
0.316,0.709,-4.214,0,0.0553,0.0131,0.0932,0.129,77.466,237133.0,4,40.0
0.546,0.445,-6.503,1,0.0268,0.0402,0.3,0.143,75.012,258660.0,4,43.0
0.612,0.884,-4.4,1,0.0459,0.00516,0.0997,0.626,119.991,245626.0,4,76.0
0.829,0.768,-6.256,1,0.121,0.0102,0.0952,0.884,137.909,200772.0,4,25.0
0.336,0.0452,-20.593,0,0.033,0.987,0.16,0.219,87.25,5.228216667,4,44.0
0.471,0.675,-9.07,1,0.0513,0.511,0.232,0.53,125.313,3.972216667,4,49.0
0.77,0.729,-5.004,0,0.208,0.335,0.114,0.63,150.112,154225.0,4,57.0
0.358,0.793,-6.997,1,0.0384,0.00021,0.19,0.278,140.0,402000.0,4,13.0
0.494,0.424,-10.189,1,0.0326,0.143,0.1,0.176,119.981,3.530566667,4,22.0
0.557,0.433,-9.104,1,0.0289,0.486,0.0972,0.612,124.772,256353.0,4,46.0
0.564,0.932,-10.068,1,0.0554,0.013,0.349,0.619,112.937,146250.0,4,77.0
0.664,0.664,-7.132,1,0.0498,0.284,0.0627,0.674,74.931,211000.0,4,40.0
0.577,0.916,-7.305,1,0.101,0.445,0.156,0.545,94.731,163133.0,4,49.0
0.599,0.807,-4.679,1,0.0402,0.202,0.196,0.812,172.017,2.79045,4,72.0
0.86,0.547,-10.638,1,0.0786,0.231,0.146,0.467,150.074,129505.0,4,60.0
0.654,0.828,-5.377,0,0.0281,0.00146,0.122,0.79,112.056,183893.0,4,76.0
0.525,0.51,-9.667,1,0.0289,0.465,0.0988,0.575,134.934,239733.0,4,10.0
0.42,0.909,-2.405,1,0.0476,0.0243,0.315,0.396,109.971,203141.0,4,48.0
0.529,0.743,-5.523,1,0.0481,0.177,0.0759,0.78,116.817,180547.0,4,59.0
0.334,0.957,-2.189,1,0.0737,3.94e-05,0.212,0.418,90.071,188280.0,4,41.0
0.504,0.756,-10.444,0,0.0988,0.441,0.124,0.0592,94.901,267671.0,4,21.0
0.812,0.516,-6.963,1,0.224,0.000369,0.0991,0.633,127.498,284280.0,4,58.0
0.872,0.361,-9.88,1,0.0609,0.283,0.108,0.489,100.001,233247.0,4,59.0
0.36,0.332,-12.87,1,0.029,0.796,0.104,0.632,71.516,3.645666667,4,41.0
0.387,0.283,-11.75,1,0.0357,0.656,0.117,0.135,120.1,194000.0,5,3.0
0.626,0.913,-4.452,1,0.0318,0.00635,0.293,0.946,113.044,3.18845,4,73.0
0.668,0.906,-4.881,0,0.17,0.214,0.135,0.507,135.653,231933.0,4,73.0
0.826,0.566,-10.747,0,0.31,0.197,0.356,0.653,99.13,216133.0,4,66.0
0.455,0.186,-10.869,1,0.0412,0.823,0.102,0.19,107.1,259800.0,4,46.0
0.31,0.932,-4.764,0,0.262,0.000261,0.349,0.304,135.944,222560.0,4,58.0
0.536,0.836,-5.976,1,0.0948,0.000233,0.402,0.576,82.526,200909.0,4,37.0
0.494,0.647,-8.424,0,0.375,0.019,0.113,0.338,158.599,182303.0,4,44.0
0.507,0.883,-3.553,1,0.0424,0.00209,0.0728,0.386,103.074,245867.0,4,47.0
0.317,0.887,-4.525,1,0.0472,0.000449,0.363,0.544,174.009,175200.0,4,71.0
0.508,0.698,-8.829,1,0.0345,0.00591,0.294,0.466,80.47,228160.0,4,43.0
0.692,0.589,-9.759,0,0.0528,0.544,0.0761,0.512,103.034,5.126216667,4,31.0
0.589,0.724,-5.865,0,0.0407,0.0159,0.463,0.496,80.99,208761.0,4,22.0
0.52,0.711,-5.009,1,0.0386,0.266,0.148,0.226,133.947,328360.0,4,57.0
0.516,0.933,-4.541,0,0.149,9.72e-05,0.149,0.386,128.632,257347.0,4,28.0
0.503,0.584,-10.464,1,0.0611,0.00166,0.101,0.321,157.028,265000.0,4,36.0
0.142,0.92,-4.426,1,0.115,2.65e-05,0.126,0.193,171.763,256333.0,3,58.0
0.69,0.0905,-18.256,1,0.039,0.978,0.377,0.299,96.988,182000.0,4,21.0
0.205,0.917,-6.745,1,0.164,0.00494,0.982,0.493,164.444,350920.0,4,27.0
0.239,0.442,-11.494,1,0.0308,0.106,0.0738,0.4,185.723,389933.0,4,63.0
0.928,0.749,-3.965,0,0.224,0.0425,0.0879,0.47,142.985,189000.0,4,52.0
0.602,0.711,-9.887,0,0.0438,0.166,0.1,0.646,121.875,286000.0,4,40.0
0.57,0.688,-7.48,1,0.032,0.308,0.151,0.749,111.993,213716.0,4,54.0
0.304,0.766,-10.124,0,0.047,0.00238,0.125,0.269,176.904,313220.0,4,33.0
0.802,0.759,-6.195,1,0.256,0.0147,0.0906,0.635,93.482,163237.0,4,46.0
0.428,0.979,-0.812,0,0.492,0.000958,0.526,0.32,149.863,147200.0,4,34.0
0.361,0.795,-7.563,1,0.0347,0.0348,0.114,0.556,143.445,228667.0,4,29.0
0.497,0.736,-7.096,0,0.0279,0.0835,0.287,0.376,80.943,276400.0,4,50.0
0.731,0.41,-10.666,1,0.083,0.544,0.11,0.457,114.104,210779.0,4,59.0
0.601,0.861,-4.772,1,0.0332,0.00434,0.0621,0.489,119.998,219190.0,4,33.0
0.535,0.725,-5.861,0,0.0302,0.013,0.156,0.509,122.84,218840.0,1,59.0
0.416,0.412,-10.983,1,0.0486,0.927,0.11,0.285,125.544,210667.0,4,15.0
0.854,0.578,-8.786,0,0.053,0.143,0.0732,0.891,136.019,158988.0,4,40.0
0.517,0.848,-4.054,1,0.0521,0.00581,0.214,0.429,95.906,188779.0,4,81.0
0.57,0.919,-5.684,1,0.0403,0.00194,0.0589,0.451,104.408,255427.0,4,27.0
0.663,0.434,-11.177,1,0.0648,0.828,0.249,0.225,109.075,2.86238333,4,85.0
0.661,0.693,-10.965,1,0.0396,0.609,0.136,0.944,155.125,218076.0,4,41.0
0.248,0.805,-7.847,0,0.0463,0.000478,0.237,0.384,126.144,324307.0,4,48.0
0.616,0.727,-8.176,0,0.0365,0.00401,0.157,0.54,92.259,173267.0,4,65.0
0.597,0.646,-7.378,0,0.0344,0.28,0.111,0.364,126.951,253121.0,4,64.0
0.519,0.41,-16.927,1,0.0606,0.847,0.148,0.327,107.28,491520.0,4,40.0
0.564,0.864,-5.121,1,0.0341,0.0761,0.182,0.534,95.984,228933.0,4,61.0
0.377,0.746,-5.87,1,0.0376,2.55e-05,0.153,0.215,95.04,416198.0,4,21.0
0.438,0.905,-6.161,1,0.0419,9.44e-06,0.363,0.723,134.163,162667.0,4,67.0
0.596,0.626,-12.945,1,0.0634,0.402,0.0498,0.962,155.556,2.96155,4,50.0
0.574,0.85,-4.993,0,0.0753,0.00312,0.12,0.188,120.0,179295.0,4,45.0
0.582,0.776,-9.097,1,0.0319,0.000203,0.104,0.596,120.069,242261.0,4,16.0
0.925,0.463,-9.309,0,0.454,0.0681,0.101,0.961,133.061,122729.0,4,77.0
0.619,0.433,-7.47,0,0.0309,0.647,0.319,0.418,171.565,323009.0,4,49.0
0.55,0.602,-10.286,1,0.0467,0.689,0.0866,0.681,101.328,302437.0,4,42.0
0.534,0.525,-8.763,0,0.0585,0.544,0.208,0.278,120.014,189429.0,4,46.0
0.45,0.898,-7.959,1,0.0364,6.07e-05,0.226,0.702,143.988,330481.0,4,32.0
0.449,0.558,-5.766,0,0.0281,0.00763,0.14,0.172,140.073,279000.0,4,19.0
0.527,0.896,-4.552,1,0.0346,0.00772,0.587,0.547,88.064,153760.0,4,39.0
0.431,0.931,-4.644,1,0.117,0.00215,0.102,0.0379,142.927,228554.0,4,38.0
0.809,0.745,-5.34,1,0.174,0.138,0.334,0.897,102.967,200388.0,4,40.0
0.619,0.782,-3.987,1,0.342,0.494,0.293,0.92,85.188,120713.0,4,50.0
0.287,0.78,-6.493,1,0.0469,0.049,0.184,0.383,167.278,204933.0,4,61.0
0.51,0.809,-10.134,1,0.0454,0.00895,0.412,0.598,78.996,157975.0,4,35.0
0.683,0.274,-9.859,1,0.0652,0.892,0.175,0.535,136.169,183165.0,4,44.0
0.733,0.846,-4.866,1,0.0601,0.0269,0.147,0.576,104.926,202600.0,4,35.0
0.613,0.468,-18.152,1,0.0464,0.0572,0.0932,0.461,104.997,6.770933333,4,17.0
0.496,0.62,-7.458,0,0.0265,0.00386,0.114,0.279,140.06,384013.0,4,61.0
0.594,0.0971,-18.654,0,0.0384,0.879,0.116,0.151,139.808,4.7361,4,51.0
0.305,0.678,-8.818,0,0.0688,0.17,0.0828,0.112,139.898,681560.0,4,41.0
0.562,0.537,-6.273,0,0.073,0.00623,0.316,0.465,100.757,188716.0,4,50.0
0.735,0.836,-7.467,1,0.0451,0.353,0.342,0.781,121.251,174248.0,4,56.0
0.615,0.883,-4.649,0,0.027,0.172,0.105,0.801,130.021,301034.0,4,44.0
0.547,0.835,-7.033,1,0.0372,0.0731,0.111,0.388,177.143,4.113333333,4,47.0
0.776,0.467,-10.524,1,0.0399,0.288,0.0646,0.932,95.361,290493.0,4,20.0
0.481,0.662,-3.957,1,0.0311,0.00255,0.0622,0.764,156.2,207507.0,4,60.0
0.48,0.388,-11.212,0,0.06,0.789,0.421,0.498,112.947,257800.0,4,27.0
0.442,0.937,-6.693,0,0.0723,0.00368,0.0814,0.444,75.034,217815.0,4,52.0
0.435,0.618,-11.391,0,0.0324,0.0601,0.167,0.695,129.911,517160.0,4,57.0
0.558,0.454,-5.335,1,0.0551,0.499,0.146,0.424,113.12,2.64323333,4,84.0
0.433,0.97,-3.129,0,0.0767,0.00105,0.363,0.249,94.999,210841.0,4,45.0
0.545,0.961,-4.233,0,0.0488,3.57e-05,0.091,0.448,104.024,265467.0,4,40.0
0.859,0.446,-8.817,1,0.0344,0.131,0.149,0.705,111.989,231267.0,4,52.0
0.735,0.71,-10.222,1,0.0766,0.00851,0.0684,0.507,123.962,229425.0,4,63.0
0.349,0.923,-2.432,0,0.0539,1.95e-05,0.336,0.535,149.904,225533.0,4,54.0
0.41,0.803,-4.662,1,0.0383,0.034,0.133,0.114,140.148,4.080883333,4,39.0
0.309,0.0531,-28.994,0,0.0343,0.985,0.162,0.0756,147.644,5.716666667,4,38.0
0.609,0.58,-12.191,1,0.0671,0.749,0.0598,0.939,122.229,4.468216667,4,18.0
0.658,0.634,-5.797,0,0.0413,0.0106,0.132,0.29,139.98,170813.0,4,89.0
0.85,0.797,-7.429,0,0.136,0.0964,0.34,0.63,99.615,260307.0,4,56.0
0.677,0.543,-6.468,1,0.0322,0.331,0.107,0.652,108.572,197267.0,4,35.0
0.476,0.987,-3.684,1,0.115,1.33e-06,0.316,0.116,104.972,278027.0,4,34.0
0.599,0.465,-4.95,1,0.0314,0.643,0.149,0.0678,113.82,230880.0,4,78.0
0.789,0.867,-6.104,1,0.0551,0.00961,0.474,0.864,125.868,211347.0,4,41.0
0.749,0.463,-8.433,1,0.0828,0.208,0.337,0.19,90.028,226987.0,4,92.0
0.785,0.448,-10.795,0,0.0735,0.0786,0.198,0.524,102.032,231398.0,4,45.0
0.74,0.702,-6.992,0,0.0455,0.25,0.146,0.629,121.36,210880.0,4,43.0
0.463,0.126,-20.359,0,0.0307,0.965,0.112,0.065,105.389,2.9134,4,53.0
0.594,0.592,-8.136,0,0.0454,0.369,0.13,0.523,100.214,3.422666667,4,43.0
0.781,0.437,-7.213,0,0.0739,0.48,0.678,0.592,123.96,181890.0,4,42.0
0.699,0.539,-9.335,0,0.0293,0.834,0.0953,0.454,150.018,178400.0,4,23.0
0.612,0.676,-6.977,1,0.0267,0.272,0.237,0.557,130.052,230100.0,4,28.0
0.359,0.504,-10.555,1,0.0349,0.272,0.332,0.73,114.172,2.64955,4,40.0
0.425,0.937,-8.555,0,0.128,8.18e-05,0.0469,0.164,104.931,204000.0,3,32.0
0.381,0.886,-4.174,1,0.0719,2.58e-05,0.056,0.429,144.99,157820.0,4,23.0
0.379,0.638,-10.154,1,0.0823,0.577,0.701,0.325,168.535,213213.0,4,28.0
0.343,0.701,-5.365,1,0.0297,0.00225,0.115,0.416,91.601,232485.0,4,37.0
0.62,0.586,-5.873,1,0.0447,0.0133,0.0986,0.475,171.906,214884.0,4,42.0
0.464,0.965,-8.258,0,0.0823,1.11e-05,0.485,0.074,130.012,640250.0,4,19.0
0.576,0.955,-4.122,1,0.123,0.0221,0.0469,0.624,80.006,262000.0,4,26.0
0.309,0.902,-6.707,0,0.0645,0.00327,0.214,0.479,177.235,198067.0,4,22.0
0.365,0.981,-2.948,0,0.0721,0.00029,0.345,0.444,171.915,218520.0,4,31.0
0.417,0.63,-7.24,1,0.0898,0.0209,0.0543,0.341,94.214,254533.0,4,68.0
0.268,0.584,-11.339,1,0.049,0.0168,0.199,0.331,97.158,594227.0,3,19.0
0.394,0.181,-20.645,1,0.0322,0.963,0.11,0.0536,107.234,3.0813,4,56.0
0.492,0.942,-1.574,0,0.0757,0.00302,0.0531,0.845,168.026,180640.0,4,40.0
0.324,0.843,-9.096,0,0.068,0.00125,0.36,0.389,190.149,173091.0,3,37.0
0.497,0.0723,-16.867,1,0.0611,0.984,0.108,0.169,97.916,2.65365,4,45.0
0.61,0.706,-7.084,1,0.0483,0.183,0.218,0.344,170.087,133080.0,3,63.0
0.355,0.336,-8.889,1,0.0314,0.769,0.175,0.393,107.348,4.01415,4,7.0
0.248,0.85,-8.998,1,0.038,5.97e-06,0.315,0.449,130.038,258325.0,4,25.0
0.284,0.0557,-23.209,1,0.0603,0.912,0.169,0.204,95.281,3.021116667,3,22.0
0.435,0.916,-5.685,1,0.0786,5.3e-05,0.119,0.502,145.1,196547.0,4,42.0
0.558,0.378,-11.554,1,0.0255,0.579,0.101,0.247,81.938,5.10645,4,9.0
0.595,0.256,-15.509,1,0.0545,0.895,0.111,0.457,78.343,6.178883333,4,37.0
0.672,0.738,-7.045,1,0.0506,0.0178,0.0927,0.392,107.938,277040.0,4,71.0
0.569,0.933,-5.026,1,0.0604,0.0107,0.0144,0.818,127.476,264933.0,4,36.0
0.591,0.415,-6.936,1,0.0437,0.424,0.111,0.197,90.483,3.3512,4,50.0
0.463,0.749,-8.118,0,0.0891,0.00796,0.0558,0.888,183.048,179653.0,4,64.0
0.416,0.877,-5.518,1,0.402,0.159,0.335,0.594,83.724,183013.0,4,3.0
0.782,0.444,-7.081,1,0.0489,0.00904,0.0887,0.882,104.975,202000.0,4,42.0
0.443,0.851,-6.56,1,0.282,0.0202,0.461,0.481,81.804,197213.0,4,28.0
0.443,0.761,-5.338,1,0.043,0.0399,0.359,0.562,123.026,263668.0,4,31.0
0.53,0.814,-4.981,0,0.0494,0.0541,0.42,0.285,153.975,163636.0,4,18.0
0.618,0.595,-7.261,0,0.028,0.81,0.111,0.744,86.189,262893.0,4,20.0
0.69,0.514,-11.81,0,0.328,0.0975,0.346,0.307,72.791,191209.0,4,80.0
0.279,0.963,-5.753,1,0.0747,6.96e-06,0.561,0.179,181.947,262213.0,4,2.0
0.367,0.769,-7.258,1,0.0317,0.00032,0.0631,0.7,173.186,348040.0,4,50.0
0.314,0.797,-9.026,1,0.038,0.0057,0.0718,0.569,145.393,351627.0,4,69.0
0.452,0.818,-8.124,1,0.0439,0.135,0.052,0.755,124.474,229360.0,4,67.0
0.695,0.636,-9.238,1,0.0401,0.453,0.0851,0.883,104.41,224511.0,4,22.0
0.459,0.698,-8.079,0,0.051,0.0294,0.139,0.165,147.954,314719.0,4,63.0
0.197,0.28,-8.395,1,0.0332,0.672,0.0905,0.0718,90.639,213180.0,4,45.0
0.366,0.956,-3.725,0,0.108,0.000293,0.449,0.159,104.016,230127.0,3,65.0
0.339,0.464,-11.205,1,0.0283,0.789,0.086,0.473,141.019,250253.0,4,44.0
0.498,0.653,-5.61,1,0.029,0.00871,0.393,0.619,150.05,210985.0,4,17.0
0.431,0.351,-14.336,1,0.0272,0.158,0.0726,0.315,166.934,182827.0,4,28.0
0.581,0.831,-5.484,1,0.057,0.0814,0.078,0.665,99.913,218053.0,4,53.0
0.691,0.812,-7.772,1,0.0558,0.0433,0.299,0.685,127.568,220627.0,4,73.0
0.593,0.781,-5.472,1,0.0285,0.0944,0.173,0.657,119.522,234427.0,4,59.0
0.684,0.0742,-17.855,0,0.0686,0.894,0.0784,0.185,83.718,5.218,4,25.0
0.617,0.666,-7.403,1,0.0381,0.204,0.223,0.424,109.979,197289.0,4,32.0
0.64,0.6,-6.341,1,0.0948,0.075,0.0752,0.627,175.832,297800.0,4,53.0
0.395,0.954,-5.497,0,0.19,0.000172,0.207,0.17,161.075,211707.0,4,36.0
0.623,0.66,-9.175,0,0.0376,0.484,0.0631,0.562,110.221,299067.0,4,49.0
0.593,0.864,-7.829,1,0.032,0.0607,0.114,0.785,96.361,210827.0,4,42.0
0.457,0.546,-10.836,0,0.0434,0.952,0.118,0.382,113.591,329693.0,4,33.0
0.608,0.617,-8.017,1,0.0315,0.111,0.159,0.595,88.027,267837.0,4,33.0
0.502,0.978,-3.278,1,0.0649,0.000163,0.287,0.603,138.811,126573.0,4,62.0
0.705,0.483,-12.209,1,0.0542,0.15,0.202,0.713,122.863,181786.0,4,50.0
0.479,0.963,-4.564,1,0.059,0.000306,0.111,0.573,131.931,191338.0,4,54.0
0.553,0.977,-6.422,1,0.0663,1.44e-05,0.0853,0.18,119.98,355880.0,4,42.0
0.41,0.95,-4.09,1,0.0379,0.00133,0.123,0.7,150.133,214600.0,4,44.0
0.208,0.878,-8.731,1,0.13,0.000378,0.0935,0.401,155.162,254040.0,4,45.0
0.837,0.549,-5.229,0,0.0328,0.445,0.0582,0.702,100.021,194707.0,4,38.0
0.783,0.706,-7.544,1,0.0434,0.0493,0.158,0.96,141.021,185199.0,4,48.0
0.552,0.536,-11.684,1,0.0302,0.211,0.114,0.207,100.039,251107.0,4,43.0
0.374,0.769,-4.691,1,0.0556,0.00024,0.248,0.37,107.024,229393.0,4,43.0
0.717,0.707,-9.495,1,0.0628,0.384,0.161,0.206,105.014,204280.0,4,60.0
0.566,0.646,-9.456,1,0.0308,0.646,0.168,0.572,114.844,3.708233333,4,44.0
0.661,0.901,-8.28,1,0.0339,0.0468,0.0795,0.872,135.165,246800.0,4,29.0
0.434,0.445,-8.026,1,0.0295,0.657,0.0957,0.291,94.503,259067.0,4,45.0
0.76,0.52,-7.639,0,0.0417,0.00394,0.179,0.668,91.984,174585.0,4,72.0
0.572,0.835,-6.219,1,0.0317,0.171,0.0702,0.795,129.981,241600.0,4,79.0
0.856,0.665,-4.618,1,0.189,0.0128,0.0695,0.367,93.953,205480.0,4,54.0
0.467,0.481,-6.947,1,0.0255,0.227,0.11,0.248,147.886,3.687333333,4,70.0
0.403,0.965,-2.238,1,0.0964,3.81e-05,0.341,0.431,112.363,236293.0,4,72.0
0.677,0.737,-6.143,1,0.0623,0.525,0.139,0.783,115.954,178966.0,4,46.0
0.438,0.805,-6.237,1,0.0624,0.00255,0.0842,0.564,113.253,4.01333333,4,77.0
0.468,0.531,-8.337,1,0.579,0.989,0.702,0.633,70.417,287991.0,4,24.0
0.541,0.596,-6.487,1,0.39,0.568,0.172,0.6,80.469,152227.0,4,45.0
0.693,0.575,-6.998,1,0.0801,0.374,0.252,0.492,117.999,211362.0,4,73.0
0.765,0.317,-12.264,1,0.0992,0.992,0.183,0.72,110.4,148880.0,4,32.0
0.532,0.598,-5.826,0,0.0276,1.32e-05,0.0729,0.133,92.036,236560.0,4,50.0
0.61,0.824,-6.046,1,0.0534,0.0136,0.0606,0.819,134.992,210133.0,4,64.0
0.563,0.383,-7.544,0,0.0322,0.283,0.127,0.357,173.984,210520.0,3,65.0
0.26,0.923,-5.023,1,0.157,0.00108,0.763,0.387,170.605,242133.0,4,56.0
0.638,0.688,-7.672,1,0.161,0.0936,0.116,0.59,172.203,181768.0,4,37.0
0.32,0.94,-4.823,0,0.0866,0.000402,0.235,0.0724,182.189,234547.0,4,48.0
0.483,0.156,-20.994,0,0.0323,0.941,0.108,0.298,117.305,4.2625,3,48.0
0.602,0.837,-4.897,0,0.0408,0.111,0.58,0.357,90.038,218333.0,4,55.0
0.699,0.573,-9.042,1,0.0431,0.543,0.196,0.565,81.024,222936.0,4,61.0
0.492,0.977,-6.891,1,0.139,0.00326,0.296,0.171,107.528,240279.0,4,20.0
0.552,0.871,-6.548,1,0.0443,0.056,0.339,0.695,146.932,228273.0,4,23.0
0.634,0.63,-8.277,0,0.031,0.447,0.17,0.489,118.628,270773.0,4,75.0
0.542,0.626,-7.105,1,0.0242,0.0789,0.277,0.813,89.734,305213.0,4,58.0
0.478,0.628,-4.582,1,0.0377,0.000245,0.0907,0.581,115.07,266920.0,3,38.0
0.505,0.908,-4.717,0,0.0561,3.71e-05,0.207,0.494,123.928,204733.0,4,37.0
0.448,0.154,-23.811,1,0.0405,0.795,0.275,0.154,79.955,278436.0,4,41.0
0.718,0.658,-6.399,0,0.0546,0.314,0.0966,0.71,137.984,224503.0,4,35.0
0.698,0.558,-8.004,1,0.0324,0.395,0.1,0.488,130.014,3.60193333,4,68.0
0.388,0.452,-8.704,1,0.036,0.858,0.111,0.0381,84.924,166367.0,4,22.0
0.837,0.518,-8.914,1,0.333,0.318,0.101,0.247,115.06,221217.0,4,50.0
0.59,0.509,-7.547,0,0.0256,0.26,0.0932,0.383,79.981,226199.0,4,34.0
0.564,0.932,-10.068,1,0.0554,0.013,0.349,0.619,112.937,146250.0,4,77.0
0.587,0.917,-4.099,1,0.0335,0.0133,0.261,0.773,129.918,258137.0,4,25.0
0.446,0.764,-5.042,1,0.033,0.00135,0.099,0.543,172.094,223840.0,4,79.0
0.781,0.479,-8.385,1,0.411,0.0249,0.168,0.72,149.904,117200.0,4,32.0
0.771,0.221,-10.144,1,0.0382,0.908,0.294,0.431,99.793,2.5794,4,49.0
0.58,0.627,-8.017,1,0.0316,0.05,0.297,0.825,82.151,297147.0,4,64.0
0.727,0.856,-4.611,0,0.0463,0.324,0.139,0.823,127.982,224793.0,4,31.0
0.661,0.874,-5.904,0,0.0456,0.0168,0.41,0.682,127.915,216667.0,4,53.0
0.736,0.55,-5.823,0,0.0292,0.248,0.0815,0.969,92.926,224560.0,4,47.0
0.618,0.888,-6.312,1,0.0505,0.592,0.176,0.614,159.934,185438.0,4,26.0
0.176,0.963,-4.817,0,0.154,2.97e-06,0.194,0.0512,123.779,250507.0,4,32.0
0.334,0.554,-9.366,1,0.0374,0.0185,0.344,0.191,179.997,368278.0,4,56.0
0.514,0.911,-4.189,1,0.0493,2.41e-05,0.0716,0.651,147.956,220200.0,4,53.0
0.858,0.609,-10.695,1,0.113,0.0542,0.315,0.478,107.978,222840.0,4,47.0
0.513,0.122,-22.008,1,0.04,0.792,0.0871,0.501,82.865,238695.0,4,49.0
0.818,0.799,-4.1,0,0.156,0.00107,0.057,0.0815,100.014,213733.0,4,73.0
0.92,0.674,-5.662,0,0.264,0.307,0.104,0.741,141.967,304041.0,4,72.0
0.395,0.975,-3.255,0,0.12,0.000185,0.0769,0.336,140.046,191657.0,4,33.0
0.31,0.911,-5.255,1,0.0621,0.000104,0.0927,0.345,107.009,113688.0,4,16.0
0.572,0.107,-22.123,0,0.0335,0.963,0.123,0.194,93.049,5.783933333,4,37.0
0.709,0.62,-9.382,1,0.034,0.318,0.0426,0.936,93.723,2.05866667,4,61.0
0.232,0.931,-8.804,1,0.0808,0.00413,0.0927,0.0371,122.684,516267.0,4,48.0
0.497,0.483,-7.15,1,0.0279,0.0612,0.238,0.229,152.057,204253.0,4,36.0
0.809,0.749,-7.14,1,0.0408,0.0194,0.0936,0.829,110.561,179400.0,4,44.0
0.462,0.875,-6.767,0,0.0406,3.71e-05,0.0891,0.433,150.041,235500.0,4,38.0
0.734,0.458,-7.45,0,0.313,0.338,0.38,0.412,137.865,188116.0,4,32.0
0.417,0.849,-4.199,0,0.0481,0.0146,0.0673,0.594,94.267,171693.0,4,64.0
0.553,0.738,-7.963,1,0.0457,0.213,0.339,0.759,138.602,125827.0,4,68.0
0.478,0.925,-4.73,1,0.0574,0.00186,0.0877,0.354,100.0,278400.0,4,43.0
0.42,0.444,-6.357,1,0.0508,0.484,0.0949,0.398,83.212,252489.0,3,28.0
0.471,0.983,-3.092,1,0.0814,6.59e-06,0.35,0.336,92.489,365867.0,4,24.0
0.486,0.94,-4.237,0,0.0605,0.00919,0.0777,0.42,79.727,205653.0,4,66.0
0.292,0.687,-4.154,0,0.0805,0.112,0.0977,0.136,61.185,230930.0,3,29.0
0.676,0.515,-7.987,0,0.0278,0.135,0.123,0.624,108.008,232513.0,4,25.0
0.508,0.834,-6.205,1,0.0386,0.0183,0.0732,0.774,139.131,3.60088333,4,81.0
0.359,0.721,-5.233,1,0.0362,0.000117,0.151,0.231,147.438,257173.0,4,39.0
0.609,0.868,-4.975,1,0.101,0.205,0.106,0.705,175.11,142629.0,4,48.0
0.593,0.658,-8.393,0,0.0364,0.0118,0.137,0.422,135.053,251120.0,4,55.0
0.518,0.729,-5.231,0,0.11,0.0897,0.117,0.68,99.952,197520.0,4,46.0
0.488,0.964,-4.292,0,0.053,7.31e-05,0.294,0.47,99.966,339707.0,4,38.0
0.43,0.763,-6.489,1,0.0457,0.151,0.148,0.383,124.91,177187.0,4,10.0
0.449,0.541,-10.609,0,0.0359,0.483,0.324,0.725,103.689,4.073783333,4,30.0
0.618,0.711,-6.841,1,0.342,0.41,0.615,0.659,97.337,165693.0,4,49.0
0.7,0.542,-4.986,1,0.0294,0.0283,0.246,0.945,93.981,129139.0,4,31.0
0.659,0.163,-11.864,0,0.0388,0.766,0.0735,0.473,95.882,147507.0,4,51.0
0.424,0.873,-5.404,1,0.0542,0.202,0.0741,0.759,180.042,154813.0,4,42.0
0.589,0.925,-4.276,1,0.0748,0.00334,0.185,0.646,194.056,236289.0,4,13.0
0.553,0.672,-10.917,0,0.0438,0.215,0.103,0.582,137.414,186587.0,4,39.0
0.478,0.899,-4.114,1,0.143,0.124,0.109,0.679,186.028,254270.0,4,51.0
0.513,0.637,-7.424,1,0.0293,0.000342,0.11,0.0844,110.018,351920.0,4,29.0
0.522,0.938,-4.23,0,0.0497,0.000672,0.125,0.304,111.093,255078.0,4,34.0
0.519,0.737,-6.451,1,0.0615,0.00936,0.378,0.763,131.042,214693.0,4,44.0
0.529,0.671,-12.812,1,0.0313,0.469,0.493,0.945,126.833,139240.0,4,27.0
0.683,0.856,-3.98,0,0.0309,0.0267,0.365,0.928,119.993,220413.0,4,22.0
0.545,0.485,-9.941,1,0.151,0.3,0.119,0.341,80.401,4.15288333,4,70.0
0.723,0.616,-6.224,0,0.428,0.265,0.106,0.411,81.914,128832.0,4,55.0
0.871,0.341,-8.932,0,0.0576,0.0311,0.0838,0.612,127.001,173386.0,4,70.0
0.815,0.729,-6.594,0,0.422,0.00909,0.0562,0.0284,132.02,238400.0,4,17.0
0.684,0.51,-11.856,1,0.0274,0.161,0.171,0.784,115.143,270000.0,4,30.0
0.605,0.561,-5.225,1,0.0248,0.109,0.172,0.276,127.903,181173.0,4,43.0
0.568,0.791,-6.525,1,0.0417,0.00667,0.124,0.656,125.921,134015.0,4,40.0
0.739,0.742,-4.586,1,0.0329,0.0227,0.229,0.659,124.016,189000.0,4,63.0
0.728,0.638,-6.455,0,0.0336,0.249,0.116,0.872,130.014,193030.0,4,73.0
0.567,0.434,-12.755,0,0.0349,0.86,0.115,0.254,82.459,4.53911667,4,66.0
0.163,0.843,-4.175,1,0.0561,0.00107,0.279,0.616,167.872,189770.0,3,48.0
0.258,0.446,-6.747,0,0.0341,0.612,0.0749,0.272,175.466,186984.0,3,29.0
0.747,0.875,-5.635,1,0.0282,0.00733,0.184,0.913,115.967,185640.0,4,54.0
0.709,0.239,-21.361,1,0.0427,0.946,0.0826,0.364,110.0,231285.0,4,34.0
0.565,0.456,-8.124,1,0.031,0.426,0.0612,0.588,201.644,4.244,4,54.0
0.563,0.26,-5.856,1,0.0391,0.518,0.146,0.616,145.561,3.77045,4,59.0
0.638,0.465,-6.13,0,0.035,0.557,0.118,0.522,137.649,168691.0,4,44.0
0.591,0.765,-3.661,0,0.246,0.0636,0.059,0.589,129.04,190067.0,4,20.0
0.49,0.581,-6.566,1,0.0388,0.553,0.0764,0.318,88.718,205480.0,4,67.0
0.624,0.706,-6.004,0,0.275,0.0314,0.413,0.363,94.167,207467.0,4,22.0
0.517,0.895,-3.411,1,0.0399,0.0255,0.129,0.325,97.932,214653.0,4,35.0
0.587,0.789,-5.764,1,0.0339,0.000262,0.264,0.777,151.012,171280.0,4,30.0
0.625,0.737,-8.438,0,0.0351,0.00939,0.228,0.224,124.999,338255.0,4,46.0
0.667,0.719,-5.371,0,0.0346,0.00285,0.0736,0.717,100.021,237520.0,4,84.0
0.539,0.845,-4.474,1,0.0307,0.0712,0.702,0.679,134.016,3.59645,4,41.0
0.722,0.454,-8.61,1,0.0739,0.806,0.0896,0.344,77.98,215705.0,4,31.0
0.391,0.628,-6.874,1,0.0394,0.545,0.185,0.155,159.91,257050.0,4,32.0
0.91,0.559,-10.883,1,0.0876,0.0205,0.103,0.412,114.005,153684.0,4,47.0
0.186,0.546,-9.947,1,0.0373,0.451,0.201,0.533,177.526,152453.0,3,34.0
0.653,0.598,-6.928,1,0.113,0.0596,0.253,0.137,82.911,191937.0,4,65.0
0.719,0.598,-6.254,1,0.077,0.232,0.115,0.303,142.592,126521.0,4,78.0
0.509,0.774,-4.054,1,0.0338,0.00189,0.143,0.0824,116.529,264707.0,4,65.0
0.667,0.65,-8.015,1,0.0353,0.337,0.139,0.408,125.994,234000.0,4,43.0
0.573,0.722,-6.518,1,0.0295,0.182,0.29,0.59,144.209,208560.0,4,63.0
0.327,0.168,-13.988,0,0.0499,0.912,0.0973,0.0999,76.779,3.09036667,4,53.0
0.359,0.935,-5.529,0,0.0817,0.000143,0.351,0.658,173.429,198493.0,4,65.0
0.755,0.882,-1.957,0,0.0532,0.125,0.103,0.606,99.984,193555.0,4,71.0
0.581,0.518,-13.427,1,0.0714,0.693,0.481,0.851,116.35,5.290666667,4,29.0
0.399,0.794,-5.693,1,0.0342,0.000986,0.425,0.369,94.962,249022.0,4,38.0
0.627,0.282,-10.107,0,0.0263,0.189,0.152,0.413,83.443,264293.0,3,38.0
0.868,0.878,-4.996,1,0.102,0.165,0.145,0.868,110.015,251053.0,4,15.0
0.509,0.145,-22.768,0,0.0317,0.93,0.116,0.317,134.676,6.366883333,4,39.0
0.344,0.911,-5.997,1,0.054,5.05e-05,0.0642,0.51,135.213,320333.0,4,53.0
0.914,0.698,-8.619,1,0.0541,0.00631,0.0575,0.613,99.034,190440.0,4,48.0
0.499,0.132,-17.278,0,0.0403,0.852,0.0621,0.362,89.165,238440.0,4,29.0
0.631,0.537,-6.896,1,0.0242,0.448,0.0819,0.379,96.969,200947.0,4,44.0
0.356,0.984,-4.548,1,0.175,0.00121,0.101,0.436,199.423,249013.0,4,30.0
0.464,0.919,-2.497,1,0.111,0.00315,0.154,0.703,167.865,151588.0,4,49.0
0.729,0.745,-4.686,1,0.0488,0.0012,0.0434,0.673,137.954,176173.0,4,41.0
0.57,0.371,-8.507,1,0.0296,0.499,0.389,0.565,133.819,4.279333333,4,2.0
0.544,0.885,-9.975,1,0.0732,0.0383,0.369,0.208,115.302,289893.0,4,38.0
0.439,0.872,-7.367,0,0.0493,0.0307,0.189,0.207,105.304,407647.0,4,44.0
0.321,0.43,-12.999,0,0.0336,0.726,0.142,0.244,132.396,155705.0,3,7.0
0.621,0.804,-6.304,1,0.0296,0.289,0.126,0.5,159.017,110204.0,4,44.0
0.638,0.515,-6.633,1,0.0272,0.0063,0.0848,0.404,109.967,326907.0,4,32.0
0.309,0.889,-3.529,0,0.0828,7.42e-06,0.0617,0.529,118.891,203600.0,4,34.0
0.347,0.8,-6.651,1,0.0294,0.00147,0.0975,0.66,103.725,431227.0,4,52.0
0.495,0.929,-9.373,1,0.065,0.396,0.238,0.788,121.348,2.795116667,4,42.0
0.448,0.614,-9.357,1,0.031,0.0675,0.14,0.479,126.459,159707.0,4,53.0
0.54,0.846,-2.101,0,0.0328,0.019,0.0581,0.434,105.79,188513.0,4,41.0
0.778,0.66,-6.662,0,0.0592,0.156,0.137,0.747,110.016,194182.0,4,58.0
0.494,0.865,-7.761,1,0.0512,0.183,0.8,0.418,125.655,231667.0,4,43.0
0.578,0.331,-14.938,1,0.0312,0.695,0.0742,0.432,98.325,214152.0,4,22.0
0.277,0.552,-10.329,1,0.133,0.048,0.101,0.0495,101.348,299000.0,4,30.0
0.638,0.259,-10.706,1,0.0898,0.753,0.219,0.269,88.485,202827.0,4,29.0
0.717,0.587,-7.296,0,0.0339,0.0192,0.0523,0.544,129.954,3.608666667,4,70.0
0.531,0.381,-13.142,1,0.0587,0.52,0.213,0.554,167.117,3.11445,4,53.0
0.49,0.618,-5.655,1,0.104,0.0221,0.259,0.286,99.7,201600.0,4,81.0
0.808,0.809,-5.731,1,0.113,0.171,0.207,0.881,130.013,161411.0,4,50.0
0.43,0.74,-7.072,1,0.0375,0.0212,0.33,0.0948,137.978,285160.0,4,67.0
0.515,0.876,-7.278,1,0.0884,0.00703,0.329,0.686,154.994,188882.0,4,41.0
0.472,0.859,-6.551,0,0.0465,4.09e-05,0.148,0.315,145.937,218733.0,4,42.0
0.681,0.499,-6.894,1,0.034,0.0589,0.0743,0.841,123.458,177427.0,4,44.0
0.406,0.449,-8.738,0,0.0321,0.52,0.0942,0.335,140.008,258531.0,4,56.0
0.695,0.502,-12.01,1,0.0279,0.327,0.097,0.543,117.083,3.726883333,4,51.0
0.666,0.815,-5.692,1,0.0622,0.0702,0.762,0.788,101.972,204065.0,4,46.0
0.469,0.679,-11.528,1,0.0335,0.00373,0.442,0.129,134.087,304360.0,4,38.0
0.529,0.841,-4.724,0,0.0301,0.0426,0.144,0.725,111.997,252133.0,4,44.0
0.696,0.193,-16.637,0,0.0299,0.813,0.103,0.701,76.55,3.266666667,4,39.0
0.508,0.526,-9.617,1,0.147,0.416,0.113,0.716,143.804,233773.0,4,35.0
0.801,0.842,-5.245,1,0.329,0.0826,0.263,0.791,138.426,211279.0,4,42.0
0.625,0.533,-11.903,0,0.0596,0.659,0.0546,0.139,108.296,300840.0,4,60.0
0.723,0.785,-6.303,1,0.375,0.243,0.216,0.52,85.991,163708.0,4,49.0
0.606,0.62,-5.787,1,0.0461,0.0107,0.106,0.667,124.169,202493.0,4,47.0
0.286,0.5,-14.281,0,0.0357,0.134,0.108,0.443,99.162,343933.0,4,70.0
0.292,0.927,-5.142,0,0.081,0.000126,0.178,0.403,92.236,190800.0,4,48.0
0.877,0.444,-7.547,1,0.172,0.24,0.169,0.658,129.06,165527.0,4,81.0
0.294,0.641,-9.316,1,0.0291,0.0163,0.112,0.226,79.759,536067.0,4,79.0
0.562,0.324,-7.883,1,0.0274,0.552,0.199,0.457,101.883,245427.0,4,52.0
0.598,0.661,-3.597,0,0.0946,0.0106,0.302,0.671,121.281,174205.0,5,40.0
0.759,0.622,-8.956,1,0.039,0.419,0.0952,0.966,159.944,157999.0,4,54.0
0.674,0.649,-9.321,0,0.0356,0.0456,0.0644,0.645,134.212,505333.0,4,61.0
0.539,0.982,-4.495,1,0.0592,1.42e-05,0.371,0.145,132.984,310293.0,4,51.0
0.151,0.019,-26.726,1,0.0371,0.983,0.0882,0.0866,75.676,3.814883333,3,43.0
0.333,0.506,-8.78,1,0.0281,0.197,0.235,0.187,83.807,222920.0,4,55.0
0.644,0.94,-5.446,0,0.0427,0.0188,0.0545,0.807,142.981,215693.0,4,42.0
0.71,0.0563,-18.856,0,0.84,0.949,0.202,0.516,107.619,65827.0,3,4.0
0.776,0.78,-4.374,0,0.128,0.0622,0.081,0.666,124.949,204347.0,4,87.0
0.417,0.361,-6.996,1,0.0308,0.37,0.0962,0.141,135.116,237839.0,4,37.0
0.598,0.553,-6.742,0,0.0397,0.562,0.257,0.533,123.075,211227.0,4,70.0
0.331,0.512,-4.793,1,0.0317,0.275,0.335,0.13,141.523,3.277783333,4,1.0
0.462,0.859,-5.34,0,0.043,0.00269,0.36,0.69,147.982,221106.0,4,40.0
0.506,0.948,-5.626,1,0.105,0.727,0.0904,0.934,130.195,160400.0,4,58.0
0.858,0.596,-7.587,0,0.399,0.621,0.113,0.677,146.033,198904.0,4,55.0
0.472,0.9,-6.406,0,0.0582,0.148,0.34,0.42,95.826,214960.0,4,70.0
0.175,0.972,-6.033,1,0.137,2.23e-05,0.0828,0.141,195.084,310547.0,4,33.0
0.582,0.846,-5.053,0,0.358,0.215,0.419,0.885,86.809,55775.0,5,38.0
0.615,0.422,-8.019,0,0.0504,0.604,0.112,0.185,135.859,214094.0,5,82.0
0.572,0.214,-15.625,1,0.0293,0.649,0.125,0.485,95.542,225027.0,4,76.0
0.728,0.563,-8.053,0,0.134,0.621,0.179,0.352,100.017,217707.0,4,80.0
0.607,0.723,-7.452,1,0.0282,0.17,0.0779,0.298,101.558,322960.0,4,53.0
0.54,0.887,-5.518,1,0.0324,0.0187,0.0275,0.255,108.02,281347.0,4,61.0
0.565,0.769,-6.617,0,0.0332,0.0151,0.347,0.69,103.874,156350.0,4,22.0
0.37,0.93,-4.377,0,0.1,0.128,0.0974,0.209,110.642,283373.0,4,33.0
0.767,0.56,-6.135,1,0.216,0.0322,0.0675,0.232,96.04,153750.0,4,56.0
0.661,0.686,-6.312,1,0.176,0.236,0.646,0.8,174.017,136464.0,4,50.0
0.48,0.641,-3.996,0,0.042,0.0694,0.107,0.487,68.184,223490.0,4,45.0
0.863,0.61,-4.972,1,0.349,0.0655,0.151,0.584,140.062,200013.0,4,61.0
0.631,0.689,-8.358,1,0.0284,0.0731,0.102,0.645,107.667,225227.0,4,38.0
0.379,0.726,-4.935,0,0.0332,0.000193,0.0578,0.178,120.012,532267.0,4,56.0
0.399,0.922,0.732,1,0.0486,0.08,0.906,0.329,110.137,192000.0,4,32.0
0.738,0.868,-4.373,0,0.0731,0.0392,0.388,0.336,122.003,212640.0,4,78.0
0.428,0.725,-13.572,1,0.0459,0.186,0.108,0.633,153.655,210233.0,4,25.0
0.503,0.7,-7.907,0,0.0342,0.000801,0.376,0.789,163.038,207086.0,4,22.0
0.502,0.941,-5.194,1,0.0716,0.000346,0.553,0.124,119.783,219987.0,4,68.0
0.78,0.718,-3.605,0,0.0506,0.31,0.0932,0.342,127.949,3.32673333,4,95.0
0.481,0.956,-4.557,0,0.0394,0.00465,0.285,0.57,160.015,217707.0,4,51.0
0.533,0.686,-5.686,0,0.069,0.0885,0.105,0.804,173.938,235920.0,4,51.0
0.252,0.0974,-14.898,0,0.0321,0.938,0.103,0.121,156.495,0.979333333,3,28.0
0.456,0.754,-3.875,0,0.0298,0.195,0.292,0.521,109.825,255880.0,4,47.0
0.394,0.372,-9.941,1,0.0395,0.919,0.0963,0.123,129.59,10.82266667,4,20.0
0.573,0.747,-6.46,1,0.0319,0.519,0.0867,0.645,79.952,2.67845,4,72.0
0.565,0.661,-9.641,1,0.0395,0.00896,0.0667,0.339,160.052,201000.0,4,17.0
0.376,0.472,-7.54,1,0.0307,0.0417,0.196,0.491,168.666,209775.0,3,38.0
0.212,0.865,-7.755,1,0.0511,0.00259,0.0933,0.681,163.335,194867.0,4,37.0
0.669,0.747,-4.528,0,0.0414,0.78,0.108,0.628,109.744,157160.0,4,30.0
0.589,0.699,-5.883,0,0.0291,0.285,0.0881,0.496,145.997,315603.0,4,67.0
0.439,0.755,-7.035,1,0.0382,0.208,0.122,0.427,123.74,174573.0,4,32.0
0.689,0.694,-5.83,0,0.027,0.257,0.148,0.482,99.039,3.555116667,4,78.0
0.338,0.932,-4.408,1,0.0548,1.44e-05,0.274,0.729,180.115,254909.0,4,37.0
0.557,0.962,-4.268,1,0.142,0.0488,0.12,0.699,161.873,185845.0,4,41.0
0.455,0.57,-10.118,0,0.0486,0.0882,0.246,0.668,122.83,395253.0,4,38.0
0.433,0.885,-3.897,0,0.0618,0.00427,0.214,0.493,123.104,284268.0,4,30.0
0.538,0.77,-7.376,1,0.0487,0.0158,0.0686,0.238,127.103,265920.0,4,63.0
0.774,0.627,-6.874,1,0.246,0.0236,0.181,0.437,155.116,179398.0,4,71.0
0.494,0.805,-6.437,1,0.0293,0.000595,0.0636,0.571,96.996,232526.0,4,46.0
0.33,0.556,-11.494,1,0.0796,0.207,0.315,0.506,173.828,222279.0,4,60.0
0.436,0.801,-5.257,0,0.0391,0.000688,0.0782,0.753,128.738,223640.0,4,37.0
0.795,0.576,-4.971,1,0.0289,0.0787,0.121,0.847,111.975,183861.0,4,64.0
0.382,0.615,-11.285,1,0.037,0.0298,0.228,0.578,168.614,255107.0,4,38.0
0.51,0.415,-13.368,0,0.0322,0.703,0.1,0.204,120.889,3.71355,4,32.0
0.457,0.932,-4.402,0,0.0629,0.00193,0.337,0.327,110.013,221952.0,4,43.0
0.251,0.954,-2.879,1,0.0691,0.000674,0.0975,0.264,191.059,258000.0,4,67.0
0.68,0.53,-13.105,0,0.0889,0.417,0.0559,0.352,124.551,266013.0,4,61.0
0.609,0.895,-2.809,1,0.0375,0.000324,0.0831,0.368,123.044,177560.0,4,48.0
0.271,0.746,-8.828,1,0.0559,0.131,0.765,0.173,79.02,6.379116667,4,39.0
0.517,0.743,-4.336,1,0.0363,0.243,0.107,0.664,76.979,3.29885,4,69.0
0.602,0.81,-4.562,1,0.0272,0.000151,0.125,0.509,130.028,183440.0,4,42.0
0.693,0.155,-16.426,0,0.0601,0.99,0.11,0.68,75.985,3.258716667,4,48.0
0.578,0.886,-4.348,1,0.0633,0.011,0.143,0.615,80.008,180627.0,4,62.0
0.588,0.708,-7.823,1,0.0351,0.445,0.293,0.579,131.197,178376.0,4,52.0
0.692,0.431,-11.884,1,0.0335,0.305,0.132,0.327,138.925,183133.0,4,74.0
0.514,0.823,-5.336,1,0.0425,0.000273,0.337,0.456,153.035,251507.0,4,45.0
0.32,0.96,-7.01,1,0.055,0.00116,0.334,0.562,140.861,154307.0,4,32.0
0.619,0.546,-10.206,0,0.042,0.0192,0.0676,0.479,120.675,3.46843333,4,50.0
0.509,0.439,-8.011,1,0.0395,0.294,0.725,0.258,89.241,4.300666667,4,38.0
0.639,0.715,-8.954,0,0.0392,0.0243,0.619,0.813,128.072,238853.0,4,68.0
0.877,0.628,-10.189,0,0.0349,0.84,0.117,0.876,128.008,139219.0,4,3.0
0.5,0.732,-3.578,0,0.0418,0.000397,0.0759,0.637,169.9,216218.0,4,64.0
0.45,0.98,-1.585,1,0.13,0.0131,0.0634,0.626,140.033,149123.0,4,6.0
0.76,0.682,-8.906,0,0.134,0.209,0.0719,0.216,122.018,270506.0,4,47.0
0.384,0.885,-7.436,0,0.501,0.00465,0.498,0.294,155.151,204269.0,4,45.0
0.399,0.234,-15.739,0,0.0316,0.957,0.116,0.172,96.005,3.5,4,47.0
0.623,0.896,-4.719,1,0.247,0.035,0.0941,0.613,95.158,300933.0,4,53.0
0.581,0.934,-5.511,1,0.0547,0.000169,0.0901,0.391,120.024,184027.0,4,60.0
0.207,0.243,-8.181,1,0.0306,0.925,0.118,0.394,171.648,185176.0,4,79.0
0.537,0.355,-11.241,1,0.0363,0.357,0.132,0.39,113.994,214573.0,4,37.0
0.588,0.812,-8.553,1,0.0696,0.182,0.163,0.714,94.032,185360.0,4,52.0
0.42,0.521,-11.354,0,0.0327,0.497,0.752,0.702,104.765,5.746,4,34.0
0.796,0.426,-13.207,1,0.285,0.356,0.0941,0.649,150.043,128014.0,4,71.0
0.67,0.555,-8.985,1,0.0318,0.04,0.14,0.503,121.067,174260.0,4,20.0
0.201,0.777,-10.167,1,0.0705,0.304,0.0981,0.235,145.733,433573.0,4,58.0
0.351,0.964,-3.745,0,0.12,0.000697,0.181,0.496,185.923,239853.0,4,35.0
0.168,0.813,-6.856,1,0.051,0.000361,0.0922,0.291,156.969,417720.0,4,37.0
0.615,0.56,-7.721,1,0.0389,0.442,0.132,0.502,131.859,227600.0,4,39.0
0.375,0.914,-3.241,1,0.0589,0.000558,0.101,0.254,138.934,294072.0,4,46.0
0.528,0.115,-21.438,0,0.0328,0.927,0.232,0.0874,61.512,4.49755,4,46.0
0.496,0.825,-5.251,1,0.0673,0.00105,0.0809,0.521,139.824,3.353183333,4,48.0
0.494,0.936,-7.195,0,0.0398,0.0112,0.276,0.834,107.543,224480.0,4,63.0
0.588,0.667,-7.483,0,0.0319,0.27,0.105,0.307,96.064,245074.0,4,42.0
0.647,0.701,-10.689,0,0.0497,0.407,0.144,0.369,120.048,293900.0,4,33.0
0.317,0.905,-7.521,1,0.0687,0.000639,0.0721,0.197,135.822,187200.0,4,26.0
0.613,0.213,-18.525,1,0.0414,0.778,0.112,0.466,139.878,6.708883333,4,42.0
0.438,0.71,-12.412,1,0.0919,0.262,0.221,0.53,145.928,210373.0,4,73.0
0.655,0.649,-7.805,1,0.0285,0.34,0.143,0.718,137.937,267922.0,4,36.0
0.621,0.787,-5.149,0,0.0383,0.0199,0.566,0.589,128.941,187827.0,4,20.0
0.489,0.502,-12.99,0,0.0305,0.829,0.11,0.245,109.993,332653.0,3,42.0
0.357,0.766,-6.491,0,0.214,0.0104,0.149,0.499,176.358,327634.0,4,35.0
0.44,0.341,-7.309,1,0.033,0.738,0.105,0.228,124.815,299389.0,4,27.0
0.657,0.845,-5.581,0,0.047,0.00049,0.043,0.537,125.608,248960.0,4,33.0
0.249,0.979,-4.063,1,0.0975,0.000202,0.343,0.247,159.907,236869.0,4,35.0
0.703,0.691,-6.121,1,0.0417,0.00544,0.23,0.715,164.101,190648.0,4,53.0
0.565,0.887,-4.112,1,0.0355,0.0623,0.143,0.802,146.068,189067.0,4,42.0
0.451,0.156,-15.422,0,0.0415,0.964,0.0993,0.379,137.405,4.189116667,4,46.0
0.381,0.886,-4.174,1,0.0719,2.58e-05,0.056,0.429,144.99,157820.0,4,23.0
0.503,0.853,-6.097,1,0.0443,5.72e-06,0.144,0.619,124.93,177591.0,4,26.0
0.53,0.51,-10.439,1,0.0307,0.93,0.107,0.491,141.621,6.067783333,4,45.0
0.682,0.537,-10.254,0,0.0323,0.218,0.0556,0.963,124.574,356733.0,4,71.0
0.747,0.571,-12.9,0,0.086,0.48,0.242,0.965,91.838,220093.0,4,60.0
0.676,0.747,-4.639,0,0.0342,0.177,0.221,0.449,106.021,256344.0,4,61.0
0.35,0.835,-6.243,1,0.0515,0.00424,0.295,0.314,140.076,222367.0,4,46.0
0.446,0.963,-5.972,1,0.0987,0.0612,0.323,0.727,165.028,161613.0,4,42.0
0.667,0.543,-7.467,1,0.0329,0.416,0.102,0.818,118.332,306467.0,4,44.0
0.298,0.584,-7.257,1,0.0322,0.0435,0.1,0.388,143.927,466382.0,3,40.0
0.696,0.587,-6.992,0,0.059,0.128,0.106,0.581,128.003,3.426666667,4,39.0
0.639,0.463,-7.737,1,0.0336,0.721,0.0789,0.323,94.064,235048.0,4,41.0
0.743,0.462,-6.806,0,0.496,0.287,0.035,0.785,89.521,189326.0,4,35.0
0.264,0.904,-7.795,1,0.113,0.000107,0.21,0.145,117.494,303502.0,4,26.0
0.31,0.821,-7.226,1,0.0338,1.16e-05,0.363,0.379,94.154,187027.0,3,26.0
0.606,0.475,-9.344,1,0.044,0.224,0.113,0.844,125.963,143147.0,4,44.0
0.345,0.924,-7.767,0,0.0553,0.00376,0.122,0.434,142.378,261733.0,4,55.0
0.461,0.987,-1.711,0,0.108,3.58e-05,0.359,0.309,142.031,269266.0,4,59.0
0.523,0.769,-5.855,1,0.0269,0.04,0.136,0.876,136.162,244587.0,4,73.0
0.263,0.89,-2.913,1,0.177,0.0022,0.306,0.286,190.389,151733.0,4,60.0
0.507,0.715,-5.93,0,0.0267,0.576,0.155,0.793,76.01,220738.0,4,17.0
0.543,0.803,-4.013,1,0.348,0.184,0.696,0.738,170.069,169813.0,4,56.0
0.541,0.904,-3.001,1,0.0435,0.00143,0.193,0.541,98.122,208693.0,4,67.0
0.562,0.187,-9.156,1,0.0313,0.921,0.0813,0.199,117.594,4.58321667,4,39.0
0.68,0.599,-8.799,1,0.299,0.407,0.145,0.617,82.335,187500.0,4,18.0
0.22,0.457,-8.8,1,0.0754,0.000765,0.0972,0.258,134.094,238346.0,4,29.0
0.465,0.517,-6.189,1,0.0284,0.00854,0.209,0.137,136.176,284373.0,3,63.0
0.371,0.329,-11.794,0,0.036,0.234,0.0977,0.0838,114.783,146071.0,4,44.0
0.583,0.573,-5.42,1,0.0811,0.208,0.285,0.783,184.062,233630.0,4,40.0
0.778,0.718,-4.556,1,0.0297,0.00674,0.14,0.969,104.728,182880.0,4,45.0
0.623,0.623,-8.403,0,0.0392,0.848,0.0572,0.604,89.031,200240.0,3,41.0
0.607,0.704,-4.433,1,0.225,0.0214,0.0858,0.338,183.904,150000.0,4,57.0
0.771,0.553,-8.741,0,0.121,0.0166,0.145,0.484,115.002,177725.0,4,65.0
0.519,0.284,-15.035,1,0.0304,0.283,0.0881,0.141,131.427,152320.0,4,32.0
0.653,0.964,-4.261,0,0.0582,0.00316,0.144,0.87,126.928,209267.0,4,75.0
0.544,0.5,-8.253,1,0.026,0.0325,0.109,0.177,93.621,238493.0,4,66.0
0.532,0.887,-3.757,1,0.0335,0.0778,0.294,0.795,122.511,249293.0,4,83.0
0.463,0.908,-4.373,0,0.0756,0.00893,0.366,0.459,99.993,204745.0,4,55.0
0.467,0.896,-3.31,1,0.0441,7.97e-05,0.3,0.145,109.953,242116.0,4,24.0
0.673,0.748,-9.14,1,0.619,0.306,0.323,0.671,119.961,240000.0,4,31.0
0.556,0.563,-6.731,1,0.0523,0.04,0.245,0.349,83.9,63214.0,4,58.0
0.39,0.534,-9.575,1,0.0709,0.0807,0.184,0.244,92.047,3.31275,4,78.0
0.566,0.686,-8.101,1,0.0403,9.78e-05,0.372,0.738,120.952,180224.0,4,23.0
0.585,0.436,-8.761,1,0.0601,0.721,0.105,0.132,143.874,242014.0,4,95.0
0.815,0.661,-8.208,1,0.0996,0.106,0.284,0.699,124.991,167787.0,3,54.0
0.463,0.965,-5.063,1,0.0734,9.6e-06,0.582,0.296,92.995,252200.0,4,43.0
0.305,0.833,-7.981,1,0.0398,0.000327,0.091,0.586,100.675,206773.0,4,71.0
0.554,0.449,-7.17,1,0.0336,0.0245,0.257,0.441,137.946,290556.0,3,52.0
0.701,0.205,-13.458,1,0.0582,0.959,0.0716,0.839,101.734,145853.0,4,23.0
0.509,0.961,-4.845,1,0.0713,0.0897,0.253,0.753,110.1,276826.0,5,33.0
0.624,0.257,-13.341,1,0.0444,0.93,0.138,0.681,85.617,3.061116667,4,57.0
0.612,0.482,-10.056,0,0.0379,0.698,0.0897,0.462,95.961,175935.0,4,39.0
0.503,0.759,-8.7,1,0.0315,0.00755,0.338,0.965,142.856,125765.0,4,29.0
0.744,0.391,-8.374,1,0.0266,0.769,0.109,0.533,104.874,171958.0,4,52.0
0.634,0.648,-6.781,0,0.0412,0.361,0.619,0.667,95.989,4.1302,4,58.0
0.711,0.404,-10.059,1,0.0342,0.801,0.0597,0.449,96.591,5.05955,3,35.0
0.88,0.575,-6.091,1,0.163,0.415,0.109,0.671,120.031,232048.0,4,84.0
0.378,0.724,-6.706,0,0.0499,3.23e-06,0.172,0.603,102.996,200405.0,4,23.0
0.844,0.787,-7.044,1,0.132,0.0941,0.0841,0.54,110.985,116757.0,4,46.0
0.61,0.574,-8.307,0,0.0349,0.123,0.295,0.554,109.982,244429.0,4,35.0
0.455,0.997,-4.992,0,0.0633,8.36e-06,0.138,0.529,110.021,248933.0,4,49.0
0.41,0.78,-5.391,1,0.0332,0.211,0.48,0.695,88.016,4.539116667,4,70.0
0.641,0.598,-5.7,0,0.324,0.381,0.0921,0.285,131.459,199706.0,5,81.0
0.723,0.541,-14.021,1,0.0303,0.028,0.133,0.607,131.675,5.38161667,4,61.0
0.292,0.823,-6.763,1,0.0407,0.0117,0.155,0.244,89.939,4.58991667,4,69.0
0.389,0.0801,-22.977,1,0.0373,0.837,0.135,0.125,124.164,100253.0,4,14.0
0.785,0.871,-2.692,0,0.265,0.144,0.309,0.315,87.248,290427.0,4,71.0
0.623,0.833,-1.541,1,0.0765,0.662,0.164,0.525,149.827,5.873333333,4,20.0
0.673,0.808,-6.183,1,0.0491,0.0121,0.037,0.303,130.041,336280.0,4,65.0
0.559,0.674,-6.554,1,0.0552,0.00681,0.546,0.808,127.009,155498.0,4,54.0
0.606,0.923,-6.842,1,0.0661,0.000676,0.081,0.599,108.107,313067.0,4,41.0
0.566,0.686,-8.101,1,0.0403,9.78e-05,0.372,0.738,120.952,180224.0,4,23.0
0.625,0.728,-8.276,1,0.0263,0.0553,0.129,0.868,110.005,221389.0,4,25.0
0.221,0.243,-15.376,0,0.0304,0.618,0.137,0.0685,80.393,293419.0,4,31.0
0.712,0.629,-6.461,1,0.0365,0.0181,0.126,0.407,97.486,201973.0,4,42.0
0.596,0.727,-5.763,0,0.0405,0.00481,0.0554,0.678,135.091,178813.0,4,45.0
0.613,0.793,-6.82,0,0.0666,0.0319,0.341,0.806,180.026,187532.0,4,40.0
0.789,0.695,-9.499,1,0.0532,0.00412,0.14,0.355,109.996,226909.0,4,31.0
0.386,0.933,-2.129,1,0.118,0.204,0.236,0.447,175.515,91399.0,4,46.0
0.28,0.908,-5.509,0,0.109,0.0327,0.18,0.26,118.698,270080.0,4,72.0
0.727,0.684,-9.095,1,0.183,0.242,0.0728,0.651,172.028,152093.0,4,16.0
0.53,0.676,-4.1,1,0.0285,0.448,0.0883,0.234,88.206,339760.0,4,50.0
0.877,0.677,-4.969,0,0.356,0.0439,0.0986,0.627,144.941,172185.0,4,77.0
0.404,0.508,-5.893,0,0.0265,0.952,0.164,0.278,143.911,294933.0,4,51.0
0.158,0.0122,-27.822,0,0.0458,0.927,0.0874,0.0394,106.244,5.239783333,3,49.0
0.319,0.757,-6.117,0,0.0432,0.016,0.102,0.101,122.465,322173.0,4,71.0
0.533,0.274,-13.971,1,0.0321,0.933,0.122,0.348,153.356,2.241466667,3,41.0
0.689,0.424,-6.599,1,0.217,0.964,0.578,0.545,129.533,211053.0,4,26.0
0.876,0.497,-6.001,0,0.147,0.587,0.0718,0.407,103.944,131611.0,4,28.0
0.581,0.576,-6.938,1,0.0276,0.207,0.109,0.526,77.001,221760.0,4,40.0
0.617,0.632,-5.381,1,0.0371,0.0675,0.108,0.564,151.988,3.462216667,4,64.0
0.828,0.609,-4.402,1,0.0694,0.0916,0.291,0.707,109.725,292593.0,4,68.0
0.426,0.961,-2.859,1,0.066,7.66e-06,0.118,0.344,95.0,236000.0,4,26.0
0.567,0.631,-8.739,1,0.0451,0.216,0.426,0.673,135.858,243867.0,4,36.0
0.429,0.854,-5.404,1,0.0426,0.0012,0.239,0.683,135.008,186014.0,4,58.0
0.173,0.929,-4.231,1,0.0727,0.00177,0.175,0.2,80.041,223188.0,4,58.0
0.593,0.804,-5.497,1,0.0319,0.105,0.047,0.962,148.959,138360.0,4,57.0
0.513,0.655,-7.499,1,0.0428,0.0756,0.246,0.736,108.712,260031.0,4,43.0
0.524,0.872,-6.77,1,0.0528,0.462,0.124,0.215,108.126,243160.0,4,51.0
0.607,0.802,-7.345,1,0.0488,0.000645,0.242,0.636,85.98,181218.0,4,42.0
0.421,0.891,-4.05,1,0.0386,0.00512,0.331,0.296,139.999,246813.0,4,4.0
0.629,0.846,-8.497,0,0.0927,0.0812,0.103,0.569,125.462,309373.0,4,48.0
0.783,0.435,-7.78,1,0.0588,0.282,0.0833,0.512,106.974,3.50366667,4,80.0
0.407,0.668,-10.101,1,0.0378,0.00298,0.217,0.303,92.375,356160.0,4,42.0
0.397,0.542,-9.699,1,0.0295,0.0427,0.117,0.509,150.189,285843.0,4,42.0
0.616,0.824,-3.646,0,0.128,0.00658,0.3,0.206,125.024,205208.0,4,53.0
0.295,0.357,-12.385,0,0.0424,0.98,0.0995,0.0652,65.584,204000.0,4,29.0
0.728,0.572,-10.043,1,0.0348,0.242,0.102,0.744,110.346,3.449916667,4,49.0
0.541,0.591,-6.688,1,0.0336,0.289,0.124,0.116,111.676,306320.0,4,73.0
0.23,0.725,-8.635,1,0.047,0.00174,0.858,0.421,149.602,278627.0,4,6.0
0.643,0.289,-15.184,1,0.0471,0.326,0.112,0.155,154.013,187013.0,4,27.0
0.524,0.789,-6.783,1,0.114,0.263,0.732,0.344,102.958,7.361116667,4,30.0
0.699,0.53,-10.244,0,0.0983,0.746,0.147,0.472,147.996,219933.0,4,33.0
0.722,0.893,-3.255,0,0.0475,0.0441,0.0673,0.439,119.932,116750.0,4,89.0
0.573,0.113,-16.915,1,0.0461,0.965,0.11,0.252,136.246,2.8988,4,45.0
0.338,0.34,-12.049,0,0.0339,0.58,0.116,0.197,82.433,482830.0,4,78.0
0.65,0.9,-4.099,0,0.374,0.0252,0.176,0.659,89.788,206493.0,4,59.0
0.362,0.974,-4.481,0,0.105,4.4e-05,0.231,0.521,199.999,266015.0,4,43.0
0.663,0.435,-7.2,1,0.0278,0.0912,0.0539,0.391,92.016,198040.0,4,48.0
0.551,0.819,-4.489,1,0.0525,0.0103,0.153,0.846,174.917,137760.0,4,70.0
0.638,0.594,-6.103,0,0.0732,0.519,0.0825,0.108,129.861,204827.0,4,31.0
0.42,0.62,-5.785,0,0.157,0.0194,0.123,0.742,78.774,199747.0,4,35.0
0.406,0.778,-5.383,1,0.114,0.00154,0.0565,0.692,106.933,124240.0,4,54.0
0.834,0.692,-6.707,1,0.0784,0.304,0.155,0.66,94.97,249781.0,4,35.0
0.543,0.917,-4.302,0,0.0392,0.0373,0.118,0.82,156.923,201640.0,4,32.0
0.422,0.874,-4.606,0,0.0534,0.000166,0.143,0.392,102.743,233880.0,4,65.0
0.535,0.0598,-17.601,1,0.0319,0.977,0.108,0.322,91.891,3.271283333,4,37.0
0.266,0.946,-2.855,1,0.171,0.00781,0.26,0.498,168.465,179973.0,4,51.0
0.711,0.505,-11.035,1,0.0291,0.61,0.101,0.605,125.961,208944.0,3,33.0
0.542,0.904,-5.002,0,0.0691,4.81e-05,0.181,0.375,98.98,166093.0,4,37.0
0.709,0.783,-7.073,0,0.0334,0.0533,0.11,0.899,128.031,204406.0,4,25.0
0.535,0.173,-13.55,1,0.043,0.981,0.11,0.364,77.992,3.1498,1,46.0
0.51,0.718,-6.129,0,0.0439,0.00183,0.14,0.713,199.992,187907.0,4,49.0
0.642,0.595,-10.019,0,0.546,0.604,0.0972,0.833,79.727,191482.0,4,50.0
0.653,0.668,-10.294,0,0.0388,0.106,0.149,0.958,126.03,172791.0,4,44.0
0.452,0.915,-3.836,1,0.0355,9.51e-06,0.0709,0.522,104.995,230653.0,3,38.0
0.62,0.848,-7.201,1,0.0391,0.354,0.698,0.732,133.557,132880.0,4,34.0
0.396,0.956,-4.726,1,0.042,8e-05,0.0602,0.445,74.992,184080.0,4,59.0
0.689,0.715,-9.431,0,0.0732,0.419,0.239,0.731,103.182,136905.0,4,27.0
0.786,0.91,-4.384,1,0.29,0.229,0.266,0.435,91.447,250493.0,4,35.0
0.259,0.59,-8.343,1,0.0363,0.472,0.135,0.474,201.016,3.932,3,49.0
0.518,0.365,-11.614,1,0.0381,0.949,0.104,0.373,78.85,153413.0,4,60.0
0.767,0.787,-9.897,1,0.0331,0.0163,0.0513,0.964,126.879,266200.0,4,75.0
0.926,0.762,-1.887,1,0.205,0.000718,0.117,0.277,127.931,153750.0,4,65.0
0.414,0.476,-6.52,1,0.0302,0.91,0.0863,0.24,94.087,182053.0,4,44.0
0.716,0.33,-13.283,1,0.046,0.193,0.124,0.572,139.927,280840.0,4,34.0
0.362,0.268,-11.272,1,0.0351,0.926,0.346,0.327,123.587,3.505883333,4,51.0
0.436,0.482,-14.546,1,0.0385,0.0658,0.177,0.501,119.249,392440.0,4,22.0
0.539,0.693,-5.245,1,0.0289,0.271,0.105,0.452,144.049,238000.0,4,18.0
0.471,0.445,-12.062,1,0.0456,0.631,0.163,0.452,113.305,2.62555,4,47.0
0.31,0.403,-13.664,1,0.0326,0.0726,0.139,0.466,134.48,318027.0,4,73.0
0.538,0.177,-14.158,1,0.0447,0.91,0.0927,0.415,77.396,240360.0,4,38.0
0.763,0.599,-6.194,1,0.12,0.519,0.148,0.614,122.802,220840.0,4,33.0
0.72,0.573,-7.598,0,0.0347,0.0421,0.0678,0.484,96.066,222251.0,4,36.0
0.61,0.832,-9.514,1,0.0403,0.000294,0.0829,0.559,132.972,269938.0,4,9.0
0.606,0.679,-6.091,0,0.0684,0.075,0.677,0.964,183.8,238667.0,4,36.0
0.25,0.804,-6.873,1,0.0723,0.0963,0.531,0.729,174.232,350947.0,4,29.0
0.646,0.531,-6.626,1,0.0265,0.342,0.132,0.187,130.009,4.382216667,4,40.0
0.518,0.729,-11.856,1,0.174,0.469,0.302,0.369,90.661,380027.0,4,37.0
0.482,0.368,-13.35,1,0.307,0.344,0.0489,0.62,197.807,203907.0,4,34.0
0.231,0.904,-5.506,1,0.0895,0.0304,0.15,0.598,176.073,310377.0,4,54.0
0.486,0.75,-6.235,0,0.0492,0.0217,0.361,0.872,202.334,203653.0,4,28.0
0.64,0.868,-5.527,1,0.0341,0.0986,0.242,0.798,115.968,353086.0,4,58.0
0.634,0.747,-7.378,0,0.0495,0.336,0.0996,0.529,91.981,222294.0,4,42.0
0.55,0.824,-5.988,1,0.0334,0.448,0.366,0.777,114.512,214733.0,4,75.0
0.356,0.899,-6.211,1,0.243,0.00755,0.28,0.456,140.82,177547.0,4,38.0
0.673,0.84,-5.114,1,0.0381,0.126,0.175,0.749,144.184,2.790433333,4,44.0
0.722,0.785,-12.155,1,0.0677,0.0659,0.315,0.843,118.035,208240.0,4,41.0
0.634,0.836,-4.601,0,0.0289,0.0396,0.113,0.587,124.006,3.454666667,4,51.0
0.282,0.932,-4.701,1,0.0387,0.12,0.0692,0.536,190.08,255893.0,4,58.0
0.345,0.484,-8.164,0,0.091,0.219,0.115,0.429,69.643,213760.0,4,49.0
0.711,0.592,-7.136,0,0.23,0.758,0.156,0.535,124.749,141224.0,4,79.0
0.323,0.815,-10.172,0,0.0627,1.54e-05,0.444,0.524,159.922,291187.0,4,21.0
0.539,0.836,-5.365,1,0.0654,0.217,0.303,0.759,135.596,168760.0,4,58.0
0.724,0.867,-5.913,1,0.08,0.00145,0.135,0.681,96.015,183733.0,4,54.0
0.426,0.883,-5.597,1,0.0429,0.0512,0.121,0.657,95.042,233583.0,4,30.0
0.713,0.404,-11.395,1,0.0592,0.609,0.125,0.579,96.993,153402.0,4,9.0
0.562,0.448,-13.113,1,0.0358,0.189,0.144,0.603,132.622,2.89755,4,36.0
0.429,0.554,-6.128,0,0.0291,0.67,0.105,0.407,136.302,272000.0,4,74.0
0.274,0.606,-6.493,1,0.03,0.00962,0.115,0.685,77.336,256960.0,4,45.0
0.613,0.937,-10.13,1,0.0498,0.00209,0.518,0.414,121.062,420301.0,4,48.0
0.757,0.86,-4.648,1,0.0438,0.47,0.0941,0.923,128.095,231244.0,4,35.0
0.569,0.804,-6.921,0,0.0542,0.000482,0.321,0.148,120.014,307100.0,4,31.0
0.523,0.503,-10.796,0,0.0384,0.627,0.089,0.644,109.919,3.203783333,4,2.0
0.654,0.822,-3.16,1,0.0949,0.0228,0.11,0.591,108.076,209071.0,4,41.0
0.638,0.896,-6.411,0,0.102,0.0107,0.892,0.83,123.552,173232.0,4,42.0
0.462,0.972,-2.642,0,0.138,0.00285,0.666,0.449,128.092,213576.0,4,66.0
0.59,0.762,-5.559,1,0.0361,0.0503,0.317,0.662,95.017,156947.0,4,44.0
0.937,0.86,-10.833,0,0.443,0.595,0.135,0.673,119.974,208000.0,4,33.0
0.305,0.8,-7.152,1,0.0435,0.000908,0.0693,0.273,114.007,374689.0,4,27.0
0.644,0.418,-14.548,0,0.0586,0.8,0.105,0.797,158.08,3.91845,1,39.0
0.388,0.913,-5.155,1,0.218,0.469,0.205,0.905,171.414,7.18,4,40.0
0.677,0.87,-4.569,0,0.0356,0.199,0.304,0.737,94.984,149050.0,4,48.0
0.386,0.812,-5.435,1,0.054,7.19e-05,0.0809,0.508,173.102,175720.0,4,61.0
0.408,0.925,-4.88,1,0.0533,0.00877,0.12,0.361,126.405,206187.0,4,59.0
0.4,0.986,-3.248,1,0.145,6.17e-05,0.105,0.238,108.352,164133.0,4,40.0
0.169,0.0612,-22.327,1,0.0397,0.846,0.0976,0.0337,74.525,2.535116667,4,30.0
0.957,0.737,-3.829,1,0.0857,0.0743,0.0639,0.874,132.987,126440.0,4,65.0
0.866,0.794,-5.085,1,0.207,0.0753,0.091,0.225,140.043,116612.0,4,56.0
0.655,0.972,-3.502,1,0.0362,0.257,0.165,0.973,135.922,217093.0,4,51.0
0.494,0.946,-2.757,1,0.0637,0.00129,0.398,0.741,103.408,169027.0,4,72.0
0.45,0.735,-6.289,0,0.0319,0.0358,0.0686,0.149,77.528,211947.0,3,29.0
0.604,0.818,-5.76,0,0.0295,0.569,0.103,0.434,114.999,211298.0,4,15.0
0.18,0.965,-6.382,0,0.153,4.87e-05,0.0698,0.223,172.935,300600.0,4,12.0
0.337,0.374,-7.664,0,0.0434,0.974,0.114,0.621,86.998,3.108333333,4,42.0
0.607,0.477,-12.904,1,0.0333,0.708,0.253,0.887,136.614,122600.0,4,50.0
0.499,0.149,-18.305,1,0.0314,0.771,0.115,0.363,139.815,692747.0,3,51.0
0.247,0.786,-10.022,1,0.0508,3.55e-05,0.106,0.449,143.386,261320.0,4,22.0
0.566,0.57,-6.42,1,0.0329,0.688,0.0943,0.96,83.403,166240.0,4,40.0
0.751,0.528,-10.874,0,0.0495,0.5,0.125,0.342,117.969,232760.0,4,48.0
0.463,0.336,-6.488,0,0.0644,0.989,0.149,0.758,80.253,181653.0,4,28.0
0.374,0.542,-8.136,0,0.0552,0.699,0.102,0.419,183.745,223577.0,3,45.0
0.545,0.348,-16.53,1,0.172,0.606,0.0935,0.346,88.91,213533.0,4,35.0
0.78,0.653,-7.085,1,0.0311,0.42,0.0997,0.527,116.008,215293.0,4,42.0
0.478,0.9,-6.973,0,0.0857,0.000694,0.425,0.192,105.047,206857.0,4,31.0
0.415,0.245,-13.207,1,0.0282,0.496,0.157,0.612,90.861,5.841116667,4,34.0
0.262,0.988,-4.922,0,0.253,0.00655,0.132,0.227,91.319,290280.0,4,53.0
0.392,0.885,-7.725,1,0.0894,0.00156,0.11,0.589,169.892,248744.0,3,39.0
0.617,0.822,-4.543,0,0.251,0.39,0.175,0.606,104.489,149598.0,4,29.0
0.195,0.991,-3.615,1,0.209,1.4e-05,0.33,0.0853,96.541,270050.0,4,57.0
0.186,0.922,-6.812,1,0.0877,0.000113,0.119,0.174,153.376,341786.0,4,33.0
0.563,0.944,-7.634,1,0.0923,0.00112,0.293,0.35,106.483,212714.0,4,46.0
0.721,0.238,-17.28,1,0.0532,0.863,0.111,0.431,119.9,5.61445,4,22.0
0.481,0.174,-15.988,1,0.0342,0.826,0.128,0.246,85.34,4.53623333,4,41.0
0.511,0.357,-14.752,0,0.0334,0.807,0.181,0.673,155.158,3.31245,4,2.0
0.28,0.276,-10.403,1,0.0446,0.901,0.127,0.282,171.345,152333.0,5,23.0
0.519,0.61,-10.256,1,0.036,0.0766,0.248,0.232,121.324,346627.0,4,54.0
0.6,0.563,-7.644,0,0.0907,0.387,0.347,0.181,170.065,333256.0,4,42.0
0.591,0.764,-5.484,1,0.0483,0.0383,0.103,0.478,169.928,2.36343333,4,97.0
0.482,0.59,-13.831,1,0.143,0.823,0.394,0.772,112.685,6.686,4,21.0
0.598,0.743,-6.163,1,0.0305,0.000643,0.112,0.534,110.334,228320.0,4,58.0
0.77,0.664,-4.646,1,0.205,0.242,0.0829,0.597,77.047,268067.0,4,25.0
0.65,0.606,-6.778,0,0.0294,0.478,0.117,0.65,137.986,189264.0,4,58.0
0.632,0.933,-7.874,1,0.0326,0.236,0.604,0.968,131.487,215333.0,4,64.0
0.376,0.982,-3.779,0,0.0625,5.7e-05,0.16,0.15,148.926,233964.0,4,56.0
0.765,0.657,-6.394,0,0.0829,0.0175,0.345,0.553,91.998,213147.0,4,56.0
0.4,0.45,-11.342,1,0.0597,0.0619,0.109,0.514,139.294,375800.0,3,16.0
0.687,0.322,-13.015,1,0.06,0.962,0.0818,0.312,107.753,269907.0,4,41.0
0.11,0.729,-7.247,1,0.0395,0.000413,0.108,0.498,182.476,249963.0,4,33.0
0.489,0.505,-8.022,0,0.117,0.579,0.104,0.337,163.255,213707.0,4,80.0
0.292,0.95,-4.567,1,0.134,0.000577,0.198,0.221,115.298,254947.0,4,30.0
0.584,0.754,-8.482,0,0.0404,0.0315,0.127,0.398,139.964,185143.0,4,27.0
0.695,0.757,-10.814,1,0.072,0.00182,0.0997,0.4,127.009,215330.0,4,29.0
0.436,0.897,-3.695,1,0.0377,0.000192,0.327,0.919,161.971,123104.0,4,30.0
0.403,0.0652,-15.494,1,0.054,0.989,0.0957,0.181,86.118,3.297716667,4,44.0
0.569,0.428,-12.176,1,0.0327,0.225,0.0773,0.574,97.97,5.678883333,4,25.0
0.233,0.461,-13.837,1,0.0508,0.00969,0.113,0.0392,127.947,431126.0,3,7.0
0.914,0.732,-6.1,0,0.241,0.0166,0.107,0.469,94.066,171067.0,4,82.0
0.391,0.958,-5.494,1,0.0832,0.000181,0.122,0.326,89.88,210933.0,4,53.0
0.81,0.372,-8.965,1,0.402,0.00846,0.193,0.254,160.024,94385.0,4,6.0
0.516,0.649,-7.21,1,0.0267,0.00498,0.31,0.49,92.097,264960.0,4,22.0
0.671,0.405,-10.811,1,0.0342,0.676,0.122,0.272,105.971,237642.0,4,58.0
0.557,0.978,-3.965,1,0.0493,0.000393,0.287,0.499,149.887,154907.0,4,65.0
0.641,0.939,-7.822,1,0.0571,0.000223,0.0777,0.0963,128.015,412603.0,4,29.0
0.312,0.92,-5.729,0,0.0662,8.39e-06,0.322,0.369,105.305,249067.0,4,49.0
0.669,0.193,-9.553,1,0.06,0.945,0.107,0.435,79.721,192375.0,3,55.0
0.522,0.54,-8.743,1,0.0356,0.0513,0.0788,0.267,132.087,3.81445,4,37.0
0.439,0.162,-13.163,1,0.0429,0.938,0.111,0.224,140.249,2.348883333,3,34.0
0.323,0.672,-7.079,1,0.0386,0.269,0.198,0.0545,148.143,265836.0,4,39.0
0.832,0.636,-6.128,0,0.061,0.448,0.11,0.681,109.996,159273.0,4,42.0
0.582,0.469,-9.062,1,0.0266,0.387,0.0809,0.617,140.191,229720.0,4,28.0
0.323,0.857,-6.972,1,0.109,0.00217,0.0567,0.64,137.537,258907.0,4,53.0
0.435,0.481,-8.787,1,0.0327,0.871,0.136,0.38,77.398,176853.0,4,66.0
0.476,0.104,-19.165,0,0.0348,0.899,0.0801,0.238,84.93,4.28975,4,46.0
0.484,0.508,-9.308,1,0.0364,0.376,0.0961,0.554,151.867,3.33621667,4,12.0
0.423,0.903,-7.596,1,0.149,0.612,0.923,0.774,130.675,7.621333333,4,41.0
0.44,0.849,-3.981,1,0.104,0.00274,0.101,0.459,77.514,185349.0,4,21.0
0.65,0.486,-9.517,1,0.0522,0.631,0.088,0.262,96.017,119962.0,4,25.0
0.733,0.71,-5.849,0,0.0292,0.145,0.0956,0.965,127.975,239600.0,4,84.0
0.73,0.758,-4.888,1,0.0653,0.147,0.311,0.877,120.041,206493.0,4,67.0
0.813,0.544,-9.816,1,0.232,0.224,0.134,0.699,146.073,324173.0,4,53.0
0.777,0.465,-10.55,0,0.0501,0.621,0.0932,0.757,113.003,179363.0,4,58.0
0.65,0.551,-6.906,1,0.0274,0.405,0.219,0.294,102.934,3.733316667,4,62.0
0.727,0.847,-6.021,1,0.217,0.014,0.144,0.64,128.015,335800.0,4,63.0
0.528,0.985,-3.665,1,0.0799,0.000171,0.445,0.208,101.995,239387.0,4,11.0
0.525,0.902,-8.662,1,0.0368,0.000989,0.137,0.907,146.83,204621.0,4,60.0
0.586,0.718,-7.834,1,0.0281,0.128,0.197,0.763,90.972,248675.0,4,37.0
0.45,0.794,-5.015,1,0.0538,0.388,0.303,0.362,143.861,251906.0,4,73.0
0.42,0.759,-5.318,1,0.0355,0.00757,0.117,0.108,173.919,148825.0,4,46.0
0.564,0.615,-8.957,0,0.0293,0.174,0.199,0.0814,101.888,449107.0,4,48.0
0.629,0.464,-8.72,1,0.0334,0.75,0.0853,0.523,156.051,3.250883333,4,67.0
0.52,0.324,-10.974,1,0.0529,0.88,0.655,0.166,70.531,325707.0,4,37.0
0.391,0.93,-4.16,0,0.0509,4.9e-05,0.674,0.502,179.99,239780.0,4,54.0
0.737,0.828,-4.711,1,0.0396,0.0149,0.0862,0.517,124.051,208474.0,4,78.0
0.687,0.718,-3.796,1,0.0289,0.251,0.202,0.777,111.142,245600.0,4,14.0
0.759,0.643,-6.886,1,0.271,0.372,0.226,0.638,176.068,132955.0,4,24.0
0.603,0.864,-11.832,1,0.0524,0.427,0.329,0.49,165.033,8.905116667,4,33.0
0.63,0.768,-5.667,1,0.0294,0.353,0.108,0.519,119.978,212638.0,4,36.0
0.401,0.727,-7.953,0,0.039,0.9,0.0985,0.663,101.419,4.538,4,17.0
0.464,0.528,-8.528,1,0.0347,0.00119,0.117,0.518,186.71,313627.0,3,17.0
0.35,0.12,-11.104,0,0.0393,0.982,0.103,0.121,68.995,202200.0,4,66.0
0.681,0.505,-11.709,1,0.138,0.137,0.234,0.399,89.953,260067.0,4,67.0
0.573,0.91,-7.515,1,0.0489,0.00259,0.106,0.813,107.907,263760.0,4,49.0
0.611,0.66,-5.883,1,0.0839,0.198,0.365,0.583,71.544,246387.0,4,67.0
0.567,0.954,-2.502,1,0.0796,0.000224,0.317,0.48,90.015,192920.0,4,47.0
0.629,0.615,-7.645,1,0.0326,0.00709,0.0905,0.639,99.968,2.816983333,4,72.0
0.628,0.496,-7.103,1,0.0233,0.242,0.147,0.266,85.523,4.375333333,4,60.0
0.509,0.733,-5.909,1,0.126,0.0165,0.404,0.676,109.736,75760.0,4,47.0
0.72,0.705,-6.82,1,0.0408,0.506,0.147,0.775,106.332,2.70488333,4,57.0
0.602,0.867,-6.511,1,0.0705,0.346,0.225,0.877,90.04,187744.0,4,19.0
0.438,0.805,-6.237,1,0.0624,0.00255,0.0842,0.564,113.253,240800.0,4,78.0
0.989,0.54,-7.02,0,0.176,0.000261,0.265,0.604,120.004,112981.0,4,45.0
0.657,0.806,-6.665,1,0.0519,0.102,0.106,0.748,154.848,147600.0,4,15.0
0.667,0.373,-9.389,1,0.05,0.785,0.0906,0.0823,124.148,169266.0,4,89.0
0.584,0.355,-5.373,1,0.0283,0.373,0.0999,0.305,76.097,3.82245,3,35.0
0.746,0.434,-6.981,1,0.0388,0.0222,0.101,0.389,119.974,178373.0,4,1.0
0.391,0.0552,-30.558,1,0.0778,0.843,0.102,0.513,113.407,230165.0,4,29.0
0.579,0.934,-4.324,1,0.0673,0.000469,0.234,0.638,93.978,179160.0,4,30.0
0.446,0.778,-4.774,1,0.173,0.000201,0.0492,0.683,94.508,209480.0,4,66.0
0.515,0.752,-1.853,0,0.0336,0.00207,0.129,0.503,83.541,324787.0,4,50.0
0.696,0.923,-4.647,1,0.272,0.207,0.158,0.635,170.003,271854.0,4,64.0
0.335,0.817,-6.814,1,0.0412,0.0018,0.126,0.544,139.334,226173.0,4,22.0
0.427,0.931,-4.202,1,0.0487,9.15e-06,0.169,0.383,150.102,236650.0,4,28.0
0.387,0.182,-12.077,1,0.0336,0.876,0.115,0.163,122.351,272000.0,4,57.0
0.67,0.399,-9.137,1,0.0306,0.32,0.38,0.211,125.981,231429.0,4,75.0
0.762,0.447,-8.36,1,0.0398,0.682,0.074,0.335,115.939,237672.0,3,1.0
0.677,0.539,-14.439,1,0.063,0.0455,0.845,0.469,95.116,270973.0,4,63.0
0.35,0.379,-10.811,1,0.0413,0.973,0.158,0.503,89.709,4.9037,4,13.0
0.563,0.865,-5.573,1,0.0572,0.00022,0.214,0.393,125.011,293093.0,4,64.0
0.667,0.721,-7.17,1,0.0329,0.00915,0.105,0.567,110.094,265733.0,4,50.0
0.641,0.35,-12.653,1,0.0308,0.953,0.127,0.351,69.537,178172.0,4,41.0
0.55,0.697,-4.602,1,0.0258,6.69e-05,0.0958,0.543,85.995,339933.0,4,39.0
0.534,0.112,-9.528,0,0.0409,0.929,0.104,0.358,132.008,222017.0,3,38.0
0.395,0.443,-9.72,1,0.133,0.765,0.0839,0.338,168.924,175933.0,3,49.0
0.858,0.625,-4.666,1,0.404,0.225,0.18,0.659,130.05,121837.0,4,61.0
0.922,0.54,-5.917,0,0.0677,0.135,0.0772,0.255,113.969,322787.0,4,44.0
0.418,0.15,-16.706,1,0.0596,0.988,0.109,0.291,63.946,3.433333333,3,46.0
0.803,0.806,-7.805,1,0.265,0.00761,0.101,0.624,94.994,289907.0,4,59.0
0.693,0.496,-11.323,1,0.0455,0.0763,0.157,0.554,121.618,202571.0,4,47.0
0.703,0.703,-4.672,1,0.133,0.605,0.12,0.697,76.017,183783.0,4,74.0
0.816,0.775,-3.323,1,0.234,0.16,0.0543,0.527,93.431,270587.0,4,81.0
0.431,0.957,-3.071,0,0.106,0.000214,0.0718,0.263,136.108,241034.0,4,58.0
0.824,0.524,-9.823,0,0.379,0.438,0.0782,0.415,96.984,161478.0,4,46.0
0.303,0.337,-7.378,1,0.0315,0.776,0.124,0.237,187.411,185782.0,4,44.0
0.491,0.352,-9.856,1,0.0426,0.388,0.103,0.325,188.861,4.544,3,51.0
0.487,0.344,-14.834,1,0.0264,0.0249,0.384,0.17,84.322,184533.0,4,33.0
0.725,0.417,-9.144,0,0.0849,0.802,0.12,0.789,216.02,6.36045,4,46.0
0.528,0.926,-4.49,0,0.0971,0.000253,0.147,0.389,129.976,221986.0,4,54.0
0.463,0.926,-3.204,1,0.122,0.0555,0.478,0.437,91.197,284987.0,4,51.0
0.263,0.679,-11.883,0,0.0498,0.202,0.0969,0.406,82.261,355869.0,4,43.0
0.566,0.898,-3.659,1,0.0634,0.0613,0.126,0.791,115.954,3.612883333,4,62.0
0.831,0.834,-5.327,0,0.222,0.0148,0.303,0.381,87.027,231800.0,4,49.0
0.698,0.872,-2.887,1,0.0405,0.386,0.0853,0.937,138.016,203720.0,4,48.0
0.494,0.657,-7.543,1,0.0397,0.0632,0.0849,0.737,118.194,645000.0,4,47.0
0.499,0.262,-14.224,1,0.0281,0.905,0.122,0.24,106.679,158093.0,4,34.0
0.616,0.788,-6.384,0,0.117,0.132,0.125,0.397,164.979,337000.0,4,18.0
0.445,0.657,-6.862,1,0.0271,0.0282,0.108,0.28,80.117,207378.0,4,32.0
0.694,0.394,-15.881,1,0.0428,0.0781,0.247,0.719,104.126,238747.0,4,76.0
0.545,0.942,-4.283,0,0.0417,0.00108,0.0585,0.365,165.066,255845.0,4,62.0
0.802,0.772,-4.893,0,0.192,0.358,0.0603,0.654,96.046,215000.0,4,53.0
0.386,0.446,-7.807,1,0.0297,0.252,0.18,0.4,179.995,3.18645,3,57.0
0.3,0.992,-2.401,0,0.285,0.000117,0.342,0.466,185.264,184053.0,4,25.0
0.576,0.894,-4.659,1,0.0404,0.0351,0.23,0.304,128.077,237772.0,4,62.0
0.313,0.846,-7.109,0,0.139,0.0179,0.18,0.509,174.074,353507.0,4,57.0
0.604,0.54,-14.006,0,0.0359,0.171,0.0602,0.864,114.143,281000.0,4,30.0
0.324,0.335,-15.595,1,0.0355,0.099,0.0995,0.141,119.513,367000.0,4,68.0
0.798,0.61,-4.983,1,0.0301,0.171,0.105,0.52,95.343,171425.0,4,50.0
0.616,0.616,-8.662,1,0.0282,0.00104,0.178,0.598,117.997,286891.0,4,32.0
0.647,0.787,-7.476,1,0.0255,0.00043,0.105,0.393,125.111,252747.0,4,41.0
0.625,0.624,-8.391,1,0.14,0.179,0.22,0.394,150.005,208200.0,4,51.0
0.444,0.257,-11.913,1,0.0314,0.308,0.191,0.267,95.038,4.19778333,4,34.0
0.937,0.706,-9.951,1,0.371,0.0137,0.0407,0.84,119.966,123571.0,4,34.0
0.578,0.948,-3.486,1,0.0407,0.000963,0.289,0.751,115.951,185191.0,4,48.0
0.345,0.941,-9.918,1,0.0466,3.84e-05,0.0511,0.407,179.626,2.45103333,4,88.0
0.588,0.761,-3.78,0,0.0324,0.000753,0.648,0.41,133.009,197912.0,4,1.0
0.649,0.888,-4.807,1,0.0293,0.013,0.0888,0.553,100.975,208467.0,4,72.0
0.407,0.663,-7.591,1,0.0305,0.255,0.0913,0.211,75.989,293587.0,4,65.0
0.626,0.923,-4.448,1,0.0474,0.0132,0.0331,0.845,87.377,224640.0,4,40.0
0.73,0.864,-4.575,1,0.0806,0.00406,0.272,0.812,110.002,221130.0,4,35.0
0.323,0.901,-4.818,1,0.0719,3.15e-05,0.486,0.52,180.293,135645.0,4,32.0
0.49,0.794,-4.288,1,0.102,0.00051,0.297,0.478,120.037,221627.0,4,45.0
0.525,0.804,-7.575,1,0.0321,0.00367,0.0382,0.935,91.951,268893.0,4,60.0
0.472,0.946,-4.591,1,0.145,0.0372,0.352,0.486,177.489,201027.0,4,66.0
0.328,0.707,-8.066,1,0.0358,0.000274,0.0977,0.119,84.48,289334.0,4,20.0
0.769,0.517,-9.419,0,0.543,0.373,0.595,0.846,114.991,179413.0,4,39.0
0.637,0.834,-4.686,0,0.323,0.614,0.317,0.715,87.312,193733.0,4,68.0
0.699,0.759,-5.302,1,0.311,0.0814,0.312,0.404,83.092,177337.0,4,82.0
0.67,0.357,-10.512,1,0.0657,0.861,0.0828,0.834,149.257,156653.0,4,31.0
0.349,0.827,-6.915,1,0.0473,0.0431,0.217,0.854,96.186,185160.0,4,45.0
0.742,0.656,-7.091,0,0.058,0.257,0.286,0.307,97.245,219640.0,4,43.0
0.608,0.565,-7.807,1,0.0411,0.684,0.145,0.775,87.583,236733.0,4,28.0
0.546,0.97,-2.661,0,0.097,0.000823,0.275,0.383,100.065,216427.0,4,69.0
0.671,0.745,-4.095,0,0.343,0.00592,0.288,0.503,94.261,252407.0,4,49.0
0.372,0.595,-11.152,1,0.0747,0.863,0.31,0.393,104.427,4.646216667,4,44.0
0.545,0.647,-9.257,0,0.0333,0.721,0.173,0.177,111.011,258420.0,4,31.0
0.542,0.536,-8.708,0,0.0387,0.805,0.306,0.916,116.202,4.039333333,4,19.0
0.688,0.441,-11.179,1,0.0393,0.362,0.0949,0.652,140.026,316553.0,3,20.0
0.65,0.672,-7.964,0,0.0393,0.0387,0.139,0.593,125.03,198763.0,4,51.0
0.596,0.73,-4.091,1,0.151,0.24,0.325,0.525,85.979,192560.0,4,75.0
0.449,0.253,-9.819,0,0.0416,0.92,0.0929,0.502,140.756,290373.0,4,35.0
0.601,0.703,-6.24,1,0.0379,0.175,0.571,0.673,106.164,3.270216667,4,76.0
0.579,0.508,-9.484,1,0.027,0.00574,0.0575,0.609,147.125,6.52293333,4,82.0
0.522,0.853,-5.861,1,0.0383,7.44e-05,0.131,0.637,140.727,211440.0,4,49.0
0.694,0.563,-10.421,1,0.0317,0.641,0.16,0.203,132.118,4.021116667,4,56.0
0.617,0.501,-9.235,1,0.0341,0.051,0.0841,0.927,118.872,93470.0,4,24.0
0.489,0.962,-5.497,0,0.105,0.000414,0.252,0.34,160.055,210000.0,4,48.0
0.556,0.92,-4.606,1,0.0367,0.00271,0.117,0.771,121.138,159227.0,4,73.0
0.201,0.74,-7.263,0,0.0427,0.000756,0.0859,0.107,104.003,543760.0,4,30.0
0.282,0.231,-14.456,1,0.0402,0.827,0.121,0.0414,71.538,218376.0,3,19.0
0.913,0.625,-6.901,0,0.334,0.0168,0.125,0.298,126.915,177704.0,4,70.0
0.671,0.644,-5.126,0,0.421,0.317,0.105,0.555,171.73,158137.0,4,41.0
0.238,0.946,-4.054,0,0.126,0.000147,0.166,0.276,158.757,205831.0,4,55.0
0.463,0.957,-4.55,1,0.0491,0.000469,0.368,0.663,95.048,140691.0,4,25.0
0.751,0.624,-3.366,1,0.0519,0.000117,0.305,0.71,125.854,279360.0,4,19.0
0.471,0.244,-9.023,0,0.063,0.814,0.116,0.444,75.727,220227.0,4,44.0
0.558,0.357,-9.382,1,0.0983,0.896,0.342,0.691,119.958,211947.0,4,37.0
0.552,0.809,-5.013,1,0.045,0.135,0.106,0.495,126.019,172881.0,4,38.0
0.564,0.933,-4.045,1,0.0666,0.00571,0.0744,0.767,141.028,225404.0,4,35.0
0.367,0.877,-3.92,1,0.109,0.00108,0.351,0.395,157.68,224307.0,4,58.0
0.394,0.855,-4.204,1,0.0554,0.0339,0.243,0.316,175.902,268173.0,4,54.0
0.61,0.458,-6.963,0,0.046,0.829,0.359,0.462,135.883,240000.0,4,31.0
0.547,0.368,-7.053,0,0.0255,0.537,0.0955,0.367,96.05,203613.0,4,46.0
0.574,0.889,-3.44,1,0.0524,0.00207,0.0333,0.784,116.007,189133.0,4,57.0
0.469,0.825,-6.612,0,0.0319,0.00554,0.133,0.659,110.841,185693.0,4,20.0
0.82,0.653,-4.261,1,0.157,0.116,0.655,0.37,91.985,180100.0,4,50.0
0.303,0.492,-10.716,1,0.039,0.197,0.288,0.677,200.018,414960.0,3,49.0
0.856,0.743,-4.71,0,0.054,0.085,0.0739,0.833,120.006,3.704883333,4,43.0
0.324,0.846,-8.883,1,0.0596,0.000187,0.093,0.558,151.256,183653.0,4,43.0
0.854,0.671,-7.158,1,0.0543,0.019,0.105,0.631,107.994,234372.0,4,63.0
0.305,0.646,-8.794,0,0.0421,0.0918,0.119,0.397,179.766,4.04,3,17.0
0.431,0.915,-4.048,0,0.0893,0.00444,0.302,0.416,122.347,224560.0,4,43.0
0.712,0.748,-4.866,1,0.0283,0.0143,0.203,0.845,122.22,167223.0,4,65.0
0.393,0.964,-8.838,1,0.144,0.000735,0.34,0.352,151.898,239280.0,4,54.0
0.527,0.973,-3.203,0,0.19,0.000756,0.361,0.131,134.942,122222.0,4,53.0
0.669,0.656,-10.549,1,0.0413,0.00113,0.0989,0.464,108.098,259866.0,4,59.0
0.828,0.689,-7.878,1,0.0326,0.325,0.0808,0.853,123.931,216015.0,4,77.0
0.549,0.452,-11.945,1,0.0265,0.0745,0.331,0.446,134.818,301747.0,4,35.0
0.52,0.448,-7.037,1,0.0314,0.189,0.259,0.101,149.904,4.924266667,4,27.0
0.542,0.869,-4.047,0,0.086,0.00182,0.488,0.61,81.966,205248.0,4,50.0
0.396,0.781,-5.148,1,0.0377,0.00158,0.185,0.201,145.06,254201.0,4,58.0
0.482,0.862,-4.236,1,0.0367,0.0109,0.156,0.772,150.0,206007.0,4,31.0
0.688,0.523,-10.659,1,0.0401,0.898,0.127,0.864,94.89,200480.0,4,49.0
0.339,0.881,-6.524,1,0.0668,3.04e-05,0.119,0.59,126.367,161333.0,4,51.0
0.861,0.642,-8.634,0,0.0793,0.421,0.0828,0.775,113.976,219320.0,4,50.0
0.462,0.911,-5.576,1,0.0538,0.000382,0.151,0.899,161.979,214737.0,4,40.0
0.553,0.828,-4.091,1,0.0609,0.11,0.2,0.902,152.638,201194.0,4,53.0
0.659,0.782,-6.135,1,0.0278,0.0136,0.105,0.879,117.14,250227.0,4,25.0
0.854,0.817,-3.621,0,0.299,0.0302,0.14,0.552,131.08,134757.0,4,51.0
0.5,0.587,-6.979,1,0.0408,0.489,0.0827,0.276,72.98,279680.0,4,64.0
0.461,0.228,-12.875,1,0.0358,0.851,0.133,0.238,132.456,5.440216667,4,45.0
0.635,0.405,-8.682,1,0.0407,0.572,0.444,0.525,137.67,223835.0,4,34.0
0.489,0.522,-9.878,0,0.0313,0.856,0.1,0.0972,139.966,221493.0,4,38.0
0.71,0.649,-7.058,1,0.0367,0.218,0.105,0.772,120.798,253067.0,4,46.0
0.603,0.954,-3.027,0,0.0417,0.000536,0.246,0.389,127.999,231634.0,4,35.0
0.633,0.351,-8.896,1,0.0506,0.00675,0.108,0.913,139.335,149867.0,4,50.0
0.494,0.844,-4.431,1,0.0452,0.0376,0.13,0.361,119.977,5.612,4,21.0
0.316,0.948,-2.06,1,0.108,0.00489,0.0787,0.539,167.768,182893.0,4,46.0
0.43,0.885,-6.418,1,0.0354,2.11e-05,0.447,0.56,106.096,294133.0,4,44.0
0.515,0.911,-3.502,1,0.059,1.87e-05,0.131,0.912,155.028,199559.0,4,30.0
0.521,0.929,-6.135,0,0.05,1.03e-05,0.365,0.45,104.004,218203.0,4,48.0
0.487,0.316,-12.778,0,0.0308,0.713,0.154,0.195,83.54,301545.0,4,31.0
0.493,0.556,-11.351,1,0.102,0.714,0.287,0.409,146.057,3.23288333,4,52.0
0.799,0.917,-3.235,0,0.136,0.143,0.331,0.728,104.1,147904.0,4,22.0
0.502,0.683,-8.19,0,0.0472,0.71,0.18,0.734,82.626,194948.0,4,29.0
0.859,0.5,-14.216,1,0.0371,0.274,0.0904,0.963,106.009,306133.0,4,26.0
0.401,0.989,-3.144,1,0.165,1.06e-05,0.0771,0.103,125.011,196325.0,4,25.0
0.586,0.989,-7.808,1,0.111,2.72e-05,0.317,0.51,147.0,156240.0,4,35.0
0.375,0.119,-16.209,1,0.0382,0.986,0.098,0.294,96.837,3.098616667,4,48.0
0.435,0.0767,-16.805,1,0.0498,0.992,0.123,0.178,77.242,2.3843,1,50.0
0.605,0.0219,-24.082,1,0.044,0.98,0.15,0.145,120.026,1.775,4,45.0
0.429,0.507,-7.839,1,0.0741,0.779,0.194,0.545,182.878,308560.0,4,36.0
0.0906,0.0817,-24.389,1,0.0375,0.969,0.062,0.0757,165.349,233253.0,4,42.0
0.918,0.434,-9.541,1,0.173,0.569,0.123,0.75,109.997,3.145583333,4,35.0
0.381,0.243,-13.277,1,0.0359,0.951,0.112,0.161,75.043,3.933333333,4,43.0
0.757,0.401,-11.017,0,0.0412,0.476,0.0952,0.456,104.014,143747.0,4,38.0
0.38,0.829,-6.105,1,0.0405,8.4e-05,0.342,0.0534,125.887,179547.0,4,56.0
0.274,0.947,-5.729,1,0.104,0.000291,0.192,0.191,79.917,111373.0,4,38.0
0.376,0.483,-8.879,1,0.0289,0.666,0.139,0.494,134.255,194427.0,4,45.0
0.108,0.556,-7.719,1,0.0494,0.000134,0.639,0.35,175.661,253013.0,4,27.0
0.667,0.757,-6.818,1,0.0285,0.155,0.414,0.77,112.029,199440.0,4,43.0
0.789,0.669,-11.276,1,0.11,0.00388,0.0981,0.722,125.968,186667.0,4,32.0
0.803,0.693,-6.053,1,0.056,0.0383,0.0453,0.43,105.049,142857.0,4,47.0
0.375,0.6,-9.313,1,0.033,0.0966,0.759,0.916,169.976,151693.0,4,51.0
0.523,0.963,-4.594,1,0.0713,0.000434,0.416,0.489,128.007,171646.0,4,29.0
0.626,0.307,-14.645,1,0.0836,0.689,0.0843,0.62,173.652,196040.0,4,48.0
0.432,0.642,-7.069,0,0.0342,0.177,0.0936,0.422,165.534,265347.0,4,49.0
0.656,0.639,-12.546,0,0.0331,0.256,0.0763,0.626,100.995,313838.0,5,31.0
0.278,0.807,-6.251,1,0.04,0.0125,0.976,0.665,140.83,258331.0,4,23.0
0.361,0.716,-8.219,0,0.0399,0.765,0.308,0.648,156.6,5.304883333,3,50.0
0.468,0.841,-3.263,1,0.0294,0.085,0.187,0.574,185.966,266813.0,4,60.0
0.715,0.341,-11.612,1,0.0439,0.371,0.123,0.889,94.602,169493.0,4,40.0
0.543,0.696,-4.572,1,0.0426,0.601,0.384,0.849,92.15,253747.0,4,56.0
0.307,0.635,-8.957,1,0.0339,0.0154,0.366,0.304,166.973,306427.0,4,80.0
0.456,0.841,-7.015,0,0.0546,0.00371,0.0898,0.533,139.981,400200.0,4,36.0
0.158,0.0181,-33.395,1,0.0447,0.987,0.107,0.177,158.152,2.55445,4,34.0
0.408,0.973,-5.605,0,0.135,2.44e-05,0.172,0.329,163.156,229500.0,4,48.0
0.216,0.954,-5.659,1,0.146,0.000283,0.953,0.483,138.647,227253.0,4,34.0
0.772,0.611,-6.52,1,0.0339,0.146,0.142,0.865,120.029,212911.0,4,45.0
0.792,0.747,-15.366,1,0.149,0.202,0.221,0.968,144.15,219827.0,4,54.0
0.38,0.497,-9.827,1,0.0528,0.0751,0.106,0.401,80.043,212995.0,4,48.0
0.468,0.841,-3.263,1,0.0294,0.085,0.187,0.574,185.966,266813.0,4,60.0
0.549,0.86,-4.147,1,0.0498,0.017,0.206,0.512,83.971,225413.0,4,56.0
0.361,0.8,-5.253,1,0.0446,2.2e-05,0.0835,0.436,141.907,300227.0,4,36.0
0.537,0.751,-6.36,0,0.0331,0.346,0.0944,0.776,163.963,210732.0,4,45.0
0.584,0.904,-5.895,1,0.251,0.0571,0.399,0.374,149.99,167693.0,4,47.0
0.724,0.771,-6.208,0,0.369,0.0889,0.362,0.867,90.565,143733.0,4,60.0
0.488,0.444,-9.412,1,0.0245,0.558,0.108,0.547,93.474,252013.0,4,34.0
0.737,0.781,-7.101,0,0.0332,0.392,0.0969,0.545,120.018,191573.0,4,13.0
0.532,0.47,-8.564,1,0.0718,0.775,0.142,0.297,152.762,203200.0,4,33.0
0.504,0.442,-12.402,1,0.0338,0.119,0.0746,0.632,148.722,187691.0,4,32.0
0.603,0.637,-6.24,0,0.0274,0.516,0.156,0.555,108.057,197886.0,4,16.0
0.546,0.878,-5.137,1,0.0525,0.0133,0.135,0.35,119.945,255400.0,4,62.0
0.375,0.721,-9.487,1,0.0359,0.000751,0.12,0.12,147.932,455000.0,4,34.0
0.411,0.702,-4.702,1,0.0334,0.133,0.0973,0.407,178.493,184440.0,4,51.0
0.398,0.864,-8.199,1,0.0492,0.523,0.0985,0.782,148.47,135747.0,4,38.0
0.461,0.168,-16.225,0,0.042,0.449,0.265,0.309,169.675,422464.0,4,52.0
0.479,0.831,-9.242,0,0.044,0.00912,0.341,0.531,78.975,314479.0,4,44.0
0.711,0.195,-8.167,1,0.0285,0.809,0.119,0.369,91.903,223441.0,4,57.0
0.196,0.893,-1.844,0,0.0484,1.62e-05,0.0782,0.26,91.327,271667.0,4,19.0
0.302,0.51,-10.496,0,0.0373,0.164,0.119,0.497,182.091,215453.0,3,31.0
0.51,0.693,-3.192,1,0.0284,0.006,0.11,0.291,81.981,262815.0,4,46.0
0.88,0.436,-10.07,1,0.108,0.184,0.278,0.501,124.063,216954.0,4,57.0
0.379,0.949,-3.377,0,0.149,0.000673,0.325,0.416,157.967,234410.0,4,46.0
0.402,0.597,-9.258,1,0.0327,0.0385,0.109,0.496,81.806,287000.0,4,66.0
0.747,0.567,-8.188,0,0.0436,0.545,0.163,0.453,107.021,3.95175,4,34.0
0.389,0.396,-7.999,1,0.0332,0.887,0.0828,0.585,171.86,192053.0,3,69.0
0.573,0.778,-6.509,1,0.0258,0.302,0.162,0.641,90.065,228139.0,3,18.0
0.426,0.538,-8.154,1,0.0367,0.00751,0.0729,0.507,171.693,228507.0,4,27.0
0.792,0.747,-15.366,1,0.149,0.202,0.221,0.968,144.15,219827.0,4,54.0
0.429,0.455,-10.092,0,0.0369,0.587,0.118,0.597,183.624,338747.0,4,40.0
0.522,0.194,-15.228,1,0.0328,0.713,0.0985,0.187,112.218,242373.0,4,38.0
0.437,0.475,-7.297,0,0.0284,0.00469,0.0907,0.193,88.987,199870.0,4,14.0
0.14,0.159,-17.845,0,0.0401,0.867,0.392,0.0331,142.239,4.052666667,3,42.0
0.542,0.925,-5.357,1,0.0871,0.0137,0.49,0.419,143.156,124960.0,4,40.0
0.566,0.975,-6.806,1,0.0471,0.00136,0.435,0.574,119.659,264893.0,4,33.0
0.696,0.535,-8.053,0,0.146,0.421,0.107,0.662,91.943,196093.0,4,41.0
0.7,0.942,-7.355,0,0.237,0.0469,0.0666,0.766,171.37,216941.0,4,58.0
0.606,0.973,-3.371,1,0.0834,0.255,0.0858,0.813,153.99,186907.0,4,50.0
0.77,0.748,-8.906,1,0.21,0.00217,0.0905,0.729,118.931,299947.0,4,42.0
0.158,0.134,-22.355,1,0.0371,0.971,0.1,0.303,88.363,190558.0,3,11.0
0.704,0.611,-6.112,1,0.0409,0.217,0.0812,0.22,100.0,189467.0,4,81.0
0.293,0.928,-4.865,0,0.095,4.2e-05,0.197,0.507,106.113,251973.0,4,41.0
0.277,0.663,-8.821,0,0.0377,0.000409,0.136,0.527,104.561,237027.0,4,78.0
0.498,0.893,-4.558,1,0.114,0.00519,0.112,0.451,116.142,233680.0,4,44.0
0.541,0.618,-9.652,0,0.179,0.277,0.413,0.68,145.464,175973.0,4,67.0
0.775,0.795,-4.171,1,0.206,0.148,0.0411,0.796,95.212,246493.0,4,59.0
0.465,0.979,-7.443,1,0.0575,1.08e-05,0.0917,0.433,137.029,274547.0,4,34.0
0.0756,0.0891,-25.279,0,0.0383,0.82,0.0847,0.0347,74.897,243431.0,5,26.0
0.663,0.934,-4.227,0,0.0348,0.0646,0.164,0.621,110.031,3.782216667,4,58.0
0.377,0.991,-1.205,0,0.0932,0.00081,0.298,0.258,122.147,238040.0,4,55.0
0.412,0.402,-11.421,0,0.0335,0.795,0.089,0.0362,121.076,576250.0,4,44.0
0.565,0.875,-5.905,0,0.0458,0.1,0.244,0.891,155.546,241307.0,4,38.0
0.304,0.953,-7.701,0,0.128,0.000444,0.258,0.0865,107.395,185027.0,4,44.0
0.859,0.544,-7.465,0,0.291,0.174,0.373,0.43,100.024,150379.0,4,48.0
0.357,0.447,-12.069,1,0.0443,0.538,0.352,0.159,89.998,4.970833333,4,9.0
0.598,0.591,-5.387,1,0.0262,0.179,0.0714,0.467,93.071,178484.0,3,26.0
0.498,0.943,-2.394,1,0.137,0.0218,0.112,0.569,152.216,178840.0,4,52.0
0.503,0.363,-10.625,0,0.0287,0.689,0.105,0.0682,114.019,222842.0,4,43.0
0.428,0.916,-7.75,1,0.0805,0.00038,0.104,0.241,114.819,231307.0,4,30.0
0.598,0.483,-7.474,1,0.0292,0.458,0.36,0.452,130.663,2.860883333,4,52.0
0.536,0.928,-3.64,1,0.0498,0.000213,0.0411,0.46,122.655,266240.0,4,59.0
0.409,0.992,-2.803,0,0.108,4.82e-05,0.1,0.344,149.859,200677.0,4,64.0
0.578,0.756,-5.82,1,0.115,0.157,0.249,0.663,176.739,201173.0,4,73.0
0.408,0.953,-3.883,1,0.226,0.00532,0.338,0.291,177.94,272666.0,4,63.0
0.3,0.986,-3.022,1,0.107,0.000386,0.0924,0.256,85.117,237360.0,4,58.0
0.482,0.649,-13.424,1,0.0298,0.223,0.294,0.717,143.13,327867.0,4,27.0
0.676,0.916,-4.094,0,0.0621,0.149,0.281,0.695,129.968,241962.0,4,27.0
0.568,0.847,-7.953,0,0.332,0.403,0.173,0.833,188.001,251227.0,4,35.0
0.493,0.908,-5.582,1,0.0913,0.000623,0.497,0.257,144.021,217867.0,4,44.0
0.698,0.514,-9.574,1,0.0315,0.0187,0.113,0.141,137.985,294025.0,4,28.0
0.592,0.39,-10.642,1,0.027,0.477,0.12,0.143,146.039,3.77045,4,55.0
0.9,0.487,-12.087,1,0.449,0.0165,0.443,0.644,120.022,350505.0,4,62.0
0.508,0.782,-4.838,0,0.0385,0.00271,0.0812,0.565,135.02,214880.0,4,52.0
0.74,0.386,-9.698,1,0.0326,0.472,0.129,0.209,129.995,225083.0,4,32.0
0.553,0.449,-5.857,1,0.0322,0.635,0.255,0.381,77.633,187401.0,4,45.0
0.279,0.899,-6.588,1,0.0494,0.00135,0.107,0.402,132.209,391160.0,4,37.0
0.422,0.208,-15.886,1,0.0318,0.896,0.192,0.354,111.549,190587.0,3,59.0
0.359,0.286,-10.172,0,0.0338,0.908,0.109,0.229,152.205,152333.0,4,59.0
0.715,0.6,-7.728,0,0.0264,0.0714,0.0876,0.77,86.989,202492.0,4,59.0
0.446,0.999,-1.59,0,0.313,0.0289,0.612,0.0624,149.919,166800.0,4,44.0
0.396,0.436,-15.616,1,0.0411,0.254,0.125,0.389,139.664,350760.0,4,24.0
0.42,0.79,-7.824,0,0.06,0.00384,0.0943,0.507,137.968,170760.0,4,33.0
0.683,0.473,-10.159,0,0.0723,0.201,0.212,0.154,139.998,152633.0,4,35.0
0.446,0.989,-4.131,1,0.155,0.00125,0.102,0.0437,105.955,197264.0,4,34.0
0.513,0.678,-8.697,1,0.0368,0.0405,0.126,0.432,140.052,288610.0,4,38.0
0.703,0.639,-7.341,1,0.0316,0.00976,0.165,0.622,138.048,220597.0,4,53.0
0.532,0.953,-4.09,1,0.102,0.000113,0.118,0.416,137.036,182188.0,4,44.0
0.535,0.716,-5.025,1,0.0431,0.326,0.659,0.901,94.379,175173.0,4,74.0
0.433,0.46,-10.441,1,0.0343,0.606,0.175,0.536,77.525,221867.0,4,62.0
0.429,0.974,-4.04,1,0.0419,4.51e-06,0.577,0.724,137.01,234880.0,4,42.0
0.561,0.715,-5.918,0,0.146,0.437,0.0896,0.801,116.995,208747.0,4,8.0
0.619,0.248,-15.649,0,0.0274,0.844,0.137,0.289,104.872,3.179116667,4,46.0
0.393,0.649,-9.103,0,0.0541,0.69,0.159,0.697,114.054,177840.0,4,34.0
0.365,0.778,-6.117,0,0.039,6.42e-05,0.299,0.712,73.93,199787.0,4,36.0
0.404,0.903,-6.237,1,0.108,0.000123,0.138,0.352,131.768,205853.0,5,43.0
0.471,0.258,-19.476,1,0.0346,0.576,0.11,0.0908,110.634,284320.0,4,46.0
0.501,0.818,-4.631,1,0.0317,0.00203,0.0877,0.338,92.01,221880.0,4,25.0
0.342,0.828,-6.802,1,0.0327,0.00383,0.77,0.681,93.139,387347.0,4,33.0
0.813,0.774,-3.923,0,0.0341,0.012,0.0616,0.909,105.997,180667.0,4,60.0
0.344,0.925,-4.157,1,0.0554,0.0106,0.0136,0.712,152.395,160280.0,4,56.0
0.62,0.832,-4.848,1,0.036,0.332,0.104,0.481,144.926,230120.0,4,75.0
0.438,0.964,-4.634,1,0.0715,1.59e-05,0.0307,0.664,169.957,232431.0,4,32.0
0.48,0.908,-5.466,0,0.0452,5.45e-06,0.0932,0.313,95.084,220707.0,4,58.0
0.697,0.55,-11.496,1,0.179,0.856,0.0907,0.844,84.802,2.04821667,4,60.0
0.534,0.866,-6.013,1,0.0309,0.213,0.0921,0.792,176.268,167840.0,4,17.0
0.631,0.714,-10.218,0,0.186,0.613,0.185,0.601,160.509,131944.0,4,65.0
0.422,0.264,-7.064,1,0.0322,0.922,0.132,0.331,119.93,269560.0,4,86.0
0.654,0.757,-9.208,1,0.0919,0.0498,0.493,0.183,133.951,210896.0,4,37.0
0.352,0.966,-6.302,0,0.0722,3.34e-05,0.403,0.393,155.019,537203.0,4,33.0
0.711,0.542,-10.319,1,0.0287,0.23,0.28,0.813,127.002,4.006216667,4,54.0
0.845,0.576,-5.15,0,0.153,0.139,0.0764,0.461,127.641,4.267116667,4,82.0
0.248,0.982,-7.208,0,0.123,2.07e-05,0.597,0.0722,80.952,177046.0,4,32.0
0.776,0.574,-5.971,0,0.0351,0.431,0.147,0.427,102.895,202090.0,4,53.0
0.646,0.851,-4.22,0,0.0662,0.00618,0.629,0.333,129.921,208396.0,4,60.0
0.648,0.872,-6.924,0,0.0372,0.245,0.0403,0.984,164.908,276133.0,4,19.0
0.414,0.31,-11.54,0,0.0329,0.943,0.1,0.11,128.243,209213.0,3,40.0
0.739,0.219,-13.652,0,0.122,0.945,0.112,0.49,143.695,192348.0,4,29.0
0.755,0.746,-5.73,0,0.0861,0.198,0.237,0.854,91.964,232764.0,4,35.0
0.651,0.433,-7.826,0,0.0362,0.631,0.146,0.182,123.027,3.30636667,4,53.0
0.762,0.701,-3.541,1,0.0286,0.235,0.123,0.742,110.968,3.48111667,4,95.0
0.57,0.866,-4.587,0,0.0344,0.00332,0.116,0.477,81.995,207227.0,4,58.0
0.559,0.551,-10.307,1,0.0731,0.745,0.0878,0.909,137.15,4.951133333,4,18.0
0.308,0.916,-7.455,0,0.153,1.57e-05,0.095,0.361,167.078,200872.0,4,42.0
0.422,0.943,-4.365,1,0.0954,0.074,0.105,0.845,165.764,182133.0,4,61.0
0.373,0.755,-7.574,1,0.103,0.00411,0.0635,0.57,111.813,340187.0,4,53.0
0.426,0.888,-3.72,0,0.0987,0.000455,0.306,0.387,144.111,191520.0,4,73.0
0.54,0.746,-9.412,1,0.045,0.13,0.0976,0.826,163.809,219867.0,4,58.0
0.362,0.928,-4.015,1,0.0503,0.164,0.315,0.678,175.868,234600.0,4,65.0
0.331,0.961,-4.627,1,0.0663,0.000146,0.322,0.882,168.355,161720.0,4,58.0
0.783,0.82,-6.102,1,0.0489,0.00054,0.0628,0.235,129.015,339213.0,4,18.0
0.631,0.387,-11.529,1,0.0262,0.742,0.0822,0.832,103.11,105933.0,4,63.0
0.236,0.876,-6.487,0,0.0866,4.75e-05,0.186,0.105,85.618,350027.0,4,22.0
0.626,0.923,-4.448,1,0.0474,0.0132,0.0331,0.845,87.377,224640.0,4,40.0
0.187,0.777,-5.267,0,0.0476,0.000669,0.167,0.293,139.905,312617.0,4,12.0
0.944,0.805,-9.578,0,0.327,0.182,0.468,0.833,113.993,271333.0,4,34.0
0.306,0.883,-4.205,1,0.0855,1.21e-05,0.185,0.43,81.188,187947.0,4,44.0
0.506,0.964,-2.494,0,0.215,2.21e-05,0.213,0.324,90.086,208907.0,4,39.0
0.567,0.873,-3.312,0,0.0411,0.0285,0.326,0.799,76.0,2.88045,4,31.0
0.687,0.413,-11.68,1,0.145,0.554,0.123,0.183,119.968,168245.0,4,50.0
0.458,0.529,-6.566,1,0.0286,0.286,0.107,0.0767,119.924,3.3191,4,19.0
0.402,0.913,-4.913,1,0.0644,0.00294,0.175,0.687,179.704,201667.0,4,42.0
0.364,0.776,-5.236,1,0.04,0.000648,0.177,0.306,157.15,213125.0,3,39.0
0.618,0.088,-17.014,1,0.06,0.993,0.108,0.24,87.853,2.391083333,4,47.0
0.689,0.522,-7.795,0,0.043,0.755,0.173,0.396,114.89,201391.0,4,23.0
0.755,0.895,-7.8,0,0.0538,0.000236,0.223,0.672,134.081,240527.0,4,35.0
0.746,0.691,-7.533,0,0.0403,0.184,0.205,0.888,119.982,258453.0,4,67.0
0.407,0.367,-13.74,1,0.0356,0.752,0.32,0.581,139.821,290000.0,4,29.0
0.653,0.843,-8.688,1,0.0327,0.211,0.161,0.767,103.053,135728.0,4,37.0
0.729,0.922,-3.695,0,0.109,0.0857,0.278,0.443,108.976,185947.0,4,46.0
0.696,0.696,-6.257,1,0.285,0.461,0.231,0.402,150.191,153652.0,4,43.0
0.627,0.446,-9.477,0,0.0332,0.308,0.111,0.11,139.994,182080.0,4,74.0
0.418,0.886,-3.6,1,0.0325,0.00112,0.0886,0.551,113.65,173808.0,4,33.0
0.267,0.953,-4.899,0,0.096,0.00211,0.283,0.568,84.989,267307.0,4,74.0
0.627,0.94,-5.563,0,0.29,0.148,0.623,0.592,158.012,218680.0,4,56.0
0.504,0.264,-17.572,1,0.0579,0.812,0.112,0.0335,114.629,298909.0,4,12.0
0.713,0.506,-5.975,1,0.0242,0.15,0.362,0.669,108.884,221840.0,4,39.0
0.39,0.984,-4.257,0,0.149,0.000719,0.153,0.0973,149.922,270400.0,4,35.0
0.572,0.688,-4.96,1,0.0608,0.0474,0.072,0.856,138.841,125320.0,4,52.0
0.528,0.538,-5.054,1,0.0335,0.286,0.25,0.343,189.841,210275.0,3,28.0
0.733,0.451,-8.006,1,0.127,0.698,0.139,0.917,154.443,169250.0,4,34.0
0.639,0.961,-1.265,0,0.0597,0.0904,0.351,0.588,127.967,234560.0,4,23.0
0.483,0.659,-5.583,1,0.0291,0.0442,0.333,0.554,109.024,249280.0,4,45.0
0.744,0.693,-6.563,0,0.0261,0.293,0.305,0.896,99.048,228553.0,4,51.0
0.557,0.289,-17.424,1,0.0693,0.86,0.0929,0.454,160.914,243987.0,4,48.0
0.646,0.668,-3.476,1,0.0281,0.04,0.648,0.872,109.985,198547.0,4,45.0
0.406,0.1,-20.82,1,0.047,0.982,0.111,0.314,163.277,2.471716667,3,56.0
0.735,0.696,-7.097,0,0.0574,0.0562,0.0594,0.955,94.973,195789.0,4,48.0
0.53,0.923,-3.911,1,0.0372,0.000587,0.151,0.365,132.964,291333.0,4,31.0
0.519,0.647,-4.859,0,0.0373,0.741,0.132,0.385,122.983,194043.0,4,22.0
0.865,0.457,-11.294,1,0.29,0.344,0.0767,0.465,143.916,153333.0,4,54.0
0.629,0.466,-9.969,1,0.0397,0.446,0.258,0.91,124.88,191880.0,4,24.0
0.653,0.711,-8.126,0,0.402,0.143,0.0961,0.762,92.537,253000.0,4,24.0
0.341,0.601,-14.393,1,0.0361,0.613,0.36,0.841,180.101,213333.0,4,39.0
0.78,0.919,-4.751,1,0.156,0.0389,0.025,0.902,100.006,201667.0,4,47.0
0.695,0.102,-17.316,1,0.0618,0.94,0.0931,0.0375,121.391,2.620833333,3,45.0
0.688,0.629,-5.802,1,0.0878,0.585,0.192,0.211,88.058,192715.0,4,56.0
0.329,0.905,-5.728,1,0.0546,8.63e-05,0.11,0.711,145.149,183560.0,4,22.0
0.348,0.168,-19.254,0,0.0353,0.985,0.0854,0.149,82.508,5.34765,3,53.0
0.729,0.0564,-19.28,0,0.0595,0.996,0.113,0.547,130.184,196653.0,4,14.0
0.353,0.944,-5.013,1,0.0625,0.000298,0.102,0.362,95.072,229080.0,4,41.0
0.245,0.974,-2.523,0,0.0496,0.00045,0.363,0.644,141.885,184133.0,4,55.0
0.491,0.363,-9.267,1,0.0274,0.529,0.103,0.172,77.504,284665.0,3,39.0
0.441,0.267,-8.171,1,0.031,0.715,0.11,0.0566,140.076,279968.0,4,43.0
0.54,0.294,-12.181,1,0.0323,0.775,0.708,0.204,119.134,290267.0,4,57.0
0.643,0.364,-11.018,0,0.04,0.715,0.659,0.283,133.377,230293.0,4,67.0
0.546,0.881,-5.045,1,0.0328,0.000181,0.0962,0.421,99.998,294000.0,4,8.0
0.209,0.412,-9.733,1,0.0443,0.172,0.0843,0.162,86.26,5.09578333,3,1.0
0.771,0.42,-6.696,0,0.0291,0.615,0.0989,0.441,96.018,218707.0,3,34.0
0.297,0.913,-7.853,0,0.128,1.71e-05,0.157,0.361,169.856,188267.0,4,23.0
0.572,0.183,-19.793,0,0.047,0.884,0.127,0.336,119.079,414667.0,4,31.0
0.22,0.848,-3.686,1,0.0501,0.0429,0.142,0.389,121.948,253613.0,4,37.0
0.1,0.804,-4.669,1,0.0768,6.84e-06,0.384,0.0954,82.211,554573.0,4,45.0
0.658,0.813,-3.305,1,0.0486,0.0463,0.388,0.518,116.06,191765.0,4,51.0
0.392,0.977,-6.009,0,0.101,3.78e-05,0.119,0.207,195.984,335360.0,4,46.0
0.454,0.643,-7.377,1,0.0344,0.261,0.243,0.224,91.055,255147.0,4,31.0
0.383,0.97,-5.638,1,0.0435,0.0276,0.0942,0.62,101.603,313926.0,4,67.0
0.464,0.612,-12.019,1,0.0591,0.116,0.171,0.496,91.499,474400.0,4,65.0
0.423,0.984,-4.261,0,0.1,2.29e-05,0.321,0.199,103.218,179785.0,4,1.0
0.725,0.713,-6.173,0,0.187,0.127,0.617,0.207,65.988,148421.0,4,86.0
0.314,0.0643,-17.086,1,0.044,0.973,0.115,0.181,98.353,2.306216667,4,29.0
0.807,0.773,-3.675,1,0.309,0.0657,0.222,0.46,147.961,172399.0,4,46.0
0.562,0.686,-8.48,1,0.0249,0.31,0.125,0.466,103.054,253613.0,4,61.0
0.393,0.937,-3.562,1,0.0872,0.00105,0.269,0.152,155.035,187000.0,4,38.0
0.234,0.943,-9.927,1,0.065,2.96e-06,0.116,0.29,114.823,283009.0,4,34.0
0.448,0.796,-7.896,1,0.0283,0.000274,0.171,0.565,97.178,284907.0,4,52.0
0.289,0.841,-4.33,1,0.146,0.00582,0.267,0.399,183.17,208134.0,3,55.0
0.663,0.835,-5.194,1,0.0446,0.0039,0.594,0.327,140.023,232313.0,4,41.0
0.567,0.463,-7.91,1,0.0362,0.747,0.151,0.499,130.207,6.857333333,4,37.0
0.457,0.379,-13.618,1,0.0342,0.434,0.202,0.363,78.49,4.83466667,3,50.0
0.382,0.957,-2.859,1,0.0613,7.24e-05,0.0902,0.7,181.094,179293.0,4,22.0
0.619,0.706,-10.396,0,0.034,0.0918,0.0781,0.6,130.001,204000.0,4,26.0
0.473,0.735,-8.921,1,0.0296,0.0603,0.15,0.754,132.506,169800.0,4,45.0
0.675,0.844,-5.92,0,0.0895,0.0212,0.113,0.668,120.076,173741.0,4,23.0
0.356,0.205,-7.617,0,0.0304,0.756,0.0916,0.177,107.057,259189.0,4,50.0
0.629,0.914,-5.199,1,0.0461,2.79e-05,0.325,0.322,119.904,230000.0,4,41.0
0.486,0.449,-10.298,1,0.0267,0.166,0.54,0.549,100.456,254293.0,4,73.0
0.689,0.452,-12.927,1,0.0407,0.0293,0.0672,0.696,152.814,342160.0,4,51.0
0.401,0.933,-5.682,1,0.0344,0.00744,0.318,0.734,127.193,310893.0,4,65.0
0.563,0.272,-7.821,0,0.0559,0.946,0.108,0.406,130.633,192036.0,4,42.0
0.721,0.565,-9.157,0,0.28,0.248,0.284,0.597,93.8,227234.0,4,72.0
0.611,0.765,-5.122,1,0.0293,0.0473,0.288,0.766,146.102,2.71475,4,69.0
0.681,0.499,-6.894,1,0.034,0.0589,0.0743,0.841,123.458,177427.0,4,44.0
0.18,0.919,-7.315,1,0.118,8.34e-05,0.151,0.252,169.951,287800.0,4,15.0
0.471,0.886,-3.627,1,0.0496,0.00261,0.124,0.473,100.025,236719.0,4,42.0
0.737,0.668,-6.261,0,0.0323,0.00405,0.385,0.961,131.009,176240.0,4,37.0
0.597,0.666,-5.323,0,0.0372,0.183,0.12,0.436,136.81,238421.0,4,41.0
0.728,0.604,-6.788,1,0.0362,0.278,0.11,0.75,76.078,276547.0,4,31.0
0.677,0.874,-5.445,1,0.129,0.0219,0.973,0.58,100.012,244828.0,4,49.0
0.662,0.774,-5.746,1,0.054,0.424,0.221,0.718,100.006,174600.0,4,47.0
0.447,0.979,-4.129,0,0.118,0.000893,0.393,0.17,109.056,267649.0,4,55.0
0.574,0.625,-6.249,1,0.0304,0.0366,0.114,0.281,126.923,189385.0,4,56.0
0.809,0.911,-4.41,0,0.0617,0.00795,0.181,0.64,122.035,191242.0,4,77.0
0.31,0.61,-9.415,0,0.0723,0.147,0.179,0.144,88.132,1385907.0,4,43.0
0.318,0.975,-4.21,1,0.0926,0.00562,0.345,0.668,174.206,182987.0,4,37.0
0.674,0.754,-5.807,1,0.113,0.0382,0.113,0.824,159.906,280066.0,4,54.0
0.401,0.65,-5.204,1,0.037,0.447,0.105,0.385,144.802,175800.0,4,11.0
0.877,0.747,-5.873,1,0.365,0.0288,0.273,0.679,145.162,205296.0,4,64.0
0.438,0.703,-7.069,1,0.0265,0.493,0.0866,0.645,175.881,176751.0,4,33.0
0.745,0.308,-6.825,1,0.0498,0.806,0.106,0.344,100.073,226453.0,4,53.0
0.523,0.891,-5.726,1,0.0368,0.000347,0.128,0.228,120.011,238317.0,4,47.0
0.461,0.934,-5.187,0,0.0653,0.00353,0.71,0.777,167.126,240187.0,4,40.0
0.677,0.221,-11.004,0,0.309,0.827,0.11,0.561,89.905,193362.0,4,46.0
0.31,0.921,-5.294,0,0.0598,1.27e-05,0.103,0.106,112.199,201350.0,4,34.0
0.443,0.429,-10.169,0,0.0392,0.227,0.112,0.185,111.968,222200.0,4,43.0
0.144,0.288,-8.902,0,0.0301,0.152,0.126,0.0388,76.206,146267.0,3,16.0
0.624,0.494,-11.319,1,0.0332,0.346,0.0995,0.128,99.991,162000.0,4,36.0
0.525,0.739,-5.917,1,0.229,0.00678,0.0815,0.62,88.202,177091.0,4,52.0
0.841,0.545,-8.013,1,0.222,0.268,0.25,0.305,94.528,183983.0,4,76.0
0.806,0.698,-6.483,1,0.4,0.123,0.443,0.738,147.07,133940.0,4,27.0
0.782,0.722,-4.803,0,0.0596,0.227,0.0993,0.782,120.009,238758.0,4,18.0
0.375,0.661,-7.113,0,0.0362,2.29e-05,0.23,0.512,91.611,209804.0,4,50.0
0.755,0.725,-4.886,0,0.041,0.0947,0.22,0.458,121.022,245950.0,4,44.0
0.728,0.5,-6.214,0,0.0344,0.0749,0.108,0.382,138.528,283427.0,4,62.0
0.335,0.916,-8.521,1,0.0914,0.00397,0.938,0.67,155.115,235173.0,4,40.0
0.212,0.00124,-30.245,1,0.0467,0.992,0.118,0.0391,71.665,200210.0,3,38.0
0.347,0.302,-12.104,1,0.0291,0.163,0.14,0.0332,105.702,703373.0,4,61.0
0.488,0.99,-2.874,1,0.219,0.00494,0.127,0.169,160.089,154962.0,4,31.0
0.464,0.795,-9.267,1,0.0926,0.0493,0.399,0.612,158.691,202267.0,4,79.0
0.249,0.943,-5.188,1,0.0669,0.0286,0.162,0.458,173.671,233507.0,4,70.0
0.541,0.882,-3.929,0,0.219,0.158,0.079,0.423,142.867,218373.0,4,27.0
0.763,0.498,-7.278,1,0.0746,0.192,0.0781,0.603,143.949,3.497583333,4,29.0
0.674,0.61,-8.156,0,0.45,0.12,0.287,0.572,139.722,223642.0,4,63.0
0.656,0.918,-9.747,0,0.0352,0.308,0.0817,0.782,103.225,6.014883333,4,41.0
0.421,0.784,-8.457,1,0.0466,0.015,0.186,0.648,176.659,211520.0,4,24.0
0.583,0.398,-6.814,1,0.0326,0.928,0.152,0.528,99.244,3.778,4,30.0
0.538,0.51,-13.192,1,0.102,0.726,0.205,0.262,72.471,206160.0,4,61.0
0.322,0.719,-5.142,1,0.0337,0.0328,0.137,0.391,77.44,232627.0,4,30.0
0.697,0.86,-5.181,1,0.43,0.0368,0.0721,0.433,160.895,263920.0,4,58.0
0.441,0.598,-12.105,0,0.14,0.675,0.188,0.904,164.848,246493.0,4,33.0
0.617,0.886,-5.953,1,0.055,0.0112,0.0523,0.629,96.328,252760.0,4,68.0
0.435,0.658,-5.949,0,0.0368,0.699,0.125,0.524,77.17,3.70835,4,65.0
0.565,0.375,-8.647,1,0.033,0.639,0.0943,0.417,138.745,255500.0,4,34.0
0.237,0.88,-3.945,1,0.0505,8.54e-06,0.085,0.309,130.128,210067.0,4,44.0
0.757,0.709,-5.961,0,0.0928,0.314,0.111,0.642,98.008,184687.0,4,50.0
0.696,0.571,-5.472,1,0.0545,0.0285,0.0917,0.456,136.036,258337.0,4,43.0
0.601,0.717,-5.458,1,0.0259,0.0155,0.114,0.658,138.042,3.13155,4,41.0
0.209,0.928,-5.885,0,0.0783,8.57e-06,0.088,0.35,90.258,186584.0,4,31.0
0.485,0.94,-4.598,1,0.294,0.0031,0.349,0.666,120.104,228111.0,4,28.0
0.569,0.592,-9.99,0,0.0483,0.296,0.126,0.189,128.004,286000.0,4,21.0
0.509,0.837,-4.86,0,0.0371,0.000435,0.337,0.569,97.568,242067.0,4,34.0
0.784,0.437,-7.868,1,0.0509,0.265,0.126,0.47,90.003,196018.0,4,51.0
0.632,0.893,-6.04,1,0.0455,0.0143,0.0741,0.773,149.97,253800.0,4,60.0
0.419,0.621,-6.833,0,0.0287,0.432,0.098,0.307,154.016,228307.0,4,42.0
0.226,0.87,-6.907,1,0.0512,0.0353,0.397,0.481,201.099,6.316883333,4,36.0
0.814,0.674,-6.673,0,0.0494,0.488,0.102,0.263,118.018,269432.0,3,56.0
0.366,0.866,-4.084,1,0.0706,0.000292,0.324,0.221,124.895,272347.0,4,40.0
0.513,0.853,-5.187,0,0.0317,0.0269,0.0961,0.745,100.049,202427.0,4,26.0
0.613,0.671,-8.19,0,0.0698,0.563,0.104,0.471,164.015,236653.0,4,20.0
0.342,0.587,-7.273,0,0.0537,0.00648,0.207,0.484,168.847,236867.0,4,55.0
0.64,0.663,-7.516,1,0.0374,0.201,0.152,0.663,132.77,140773.0,4,82.0
0.541,0.789,-11.187,1,0.0707,5.67e-05,0.0821,0.83,156.263,219427.0,4,35.0
0.64,0.651,-14.981,0,0.0517,0.142,0.0341,0.801,111.676,271573.0,4,71.0
0.186,0.183,-16.074,1,0.0369,0.925,0.0926,0.0661,86.283,3.706666667,4,50.0
0.526,0.803,-3.989,1,0.127,0.135,0.119,0.564,157.887,208205.0,4,65.0
0.736,0.811,-4.17,0,0.081,0.00132,0.107,0.609,103.502,216733.0,4,72.0
0.562,0.383,-15.474,1,0.0304,0.143,0.138,0.599,93.764,206760.0,3,71.0
0.523,0.188,-14.701,1,0.0345,0.609,0.285,0.0744,112.092,4.88755,4,9.0
0.553,0.828,-4.091,1,0.0609,0.11,0.2,0.902,152.638,201194.0,4,53.0
0.463,0.89,-6.099,0,0.0391,0.000138,0.394,0.501,125.156,162766.0,4,26.0
0.817,0.599,-9.249,0,0.0328,0.132,0.0873,0.548,108.873,245640.0,4,76.0
0.414,0.725,-8.713,1,0.0279,0.000179,0.157,0.317,141.083,317960.0,4,39.0
0.383,0.97,-5.638,1,0.0435,0.0276,0.0942,0.62,101.603,313926.0,4,67.0
0.698,0.763,-5.09,0,0.131,0.00224,0.0856,0.672,91.986,422813.0,4,38.0
0.344,0.81,-8.098,1,0.0448,0.0017,0.119,0.667,153.801,160827.0,4,53.0
0.83,0.517,-6.416,0,0.333,0.399,0.0916,0.616,171.959,182496.0,4,93.0
0.708,0.782,-4.687,1,0.0674,0.00772,0.107,0.484,119.997,2.681333333,4,88.0
0.7,0.74,-6.547,0,0.041,0.152,0.213,0.584,101.994,257627.0,4,48.0
0.344,0.911,-5.997,1,0.054,5.05e-05,0.0642,0.51,135.213,320333.0,4,53.0
0.743,0.786,-7.522,0,0.0645,0.61,0.0903,0.865,99.799,203199.0,4,37.0
0.567,0.893,-5.747,1,0.0408,0.00941,0.0873,0.706,77.492,226947.0,4,54.0
0.644,0.883,-6.985,1,0.473,0.0119,0.377,0.522,164.158,97317.0,4,71.0
0.63,0.557,-6.164,1,0.131,0.311,0.155,0.603,103.68,242129.0,4,50.0
0.617,0.588,-8.202,0,0.0263,0.0534,0.101,0.587,99.05,206378.0,4,45.0
0.492,0.567,-6.159,1,0.0327,0.000114,0.358,0.245,111.01,323373.0,4,45.0
0.489,0.957,-5.604,1,0.0598,0.00303,0.78,0.334,135.049,204444.0,4,44.0
0.644,0.433,-7.568,1,0.0346,0.742,0.129,0.611,85.799,206003.0,4,47.0
0.555,0.178,-11.771,0,0.0386,0.805,0.131,0.161,115.737,261493.0,4,41.0
0.542,0.872,-2.553,1,0.0402,0.0495,0.0823,0.311,137.976,237086.0,4,36.0
0.398,0.971,-5.34,1,0.0527,4.32e-05,0.257,0.276,156.237,296907.0,4,33.0
0.725,0.981,-3.126,0,0.0417,0.121,0.0641,0.932,134.947,197440.0,4,22.0
0.706,0.824,-7.036,1,0.133,0.0547,0.0448,0.536,123.965,185133.0,4,62.0
0.296,0.892,-5.584,0,0.0925,0.00129,0.186,0.302,93.834,260225.0,3,33.0
0.487,0.427,-6.949,1,0.0405,0.545,0.0909,0.803,185.117,200067.0,3,57.0
0.557,0.0593,-23.714,1,0.0383,0.827,0.108,0.15,117.939,3.831416667,4,54.0
0.701,0.558,-8.002,1,0.0285,0.814,0.15,0.408,135.963,297955.0,4,41.0
0.608,0.48,-8.347,0,0.0317,0.402,0.11,0.423,141.976,234355.0,4,39.0
0.383,0.737,-8.357,0,0.0442,0.0131,0.0919,0.334,165.52,246493.0,4,36.0
0.598,0.911,-3.97,1,0.0515,0.222,0.216,0.953,146.469,134907.0,4,61.0
0.847,0.843,-3.579,0,0.106,0.415,0.107,0.963,110.027,3.393333333,4,71.0
0.718,0.93,-4.719,0,0.088,0.0166,0.206,0.765,128.003,245098.0,4,62.0
0.628,0.455,-12.436,1,0.0427,0.142,0.135,0.858,102.09,318373.0,4,59.0
0.344,0.972,-3.675,0,0.116,8.48e-05,0.293,0.387,167.819,208187.0,4,61.0
0.592,0.585,-10.582,1,0.0535,0.00318,0.389,0.597,140.01,339104.0,4,41.0
0.446,0.632,-12.197,1,0.034,0.0793,0.0881,0.359,113.176,233173.0,4,69.0
0.562,0.64,-7.848,0,0.366,0.345,0.296,0.539,142.767,149957.0,4,54.0
0.854,0.602,-10.162,0,0.32,0.0689,0.292,0.592,99.429,252520.0,4,55.0
0.715,0.817,-5.591,1,0.32,0.18,0.432,0.728,90.015,150413.0,4,51.0
0.548,0.954,-4.008,1,0.0806,5.49e-05,0.245,0.488,130.086,205720.0,4,52.0
0.43,0.844,-6.564,1,0.0577,0.08,0.0995,0.595,175.647,167680.0,4,26.0
0.7,0.896,-2.276,1,0.191,0.108,0.453,0.817,102.065,3.33845,4,69.0
0.614,0.474,-10.133,0,0.0264,0.00563,0.1,0.388,104.987,237653.0,4,60.0
0.665,0.707,-5.144,1,0.03,0.193,0.219,0.391,144.952,156331.0,4,72.0
0.504,0.939,-4.357,1,0.0507,9.36e-05,0.103,0.402,94.048,166147.0,4,49.0
0.625,0.814,-5.181,1,0.0657,0.0172,0.158,0.535,144.991,205485.0,4,84.0
0.725,0.617,-5.549,1,0.0305,0.0432,0.118,0.637,116.046,3.844,4,38.0
0.812,0.725,-8.947,1,0.0579,0.0277,0.0826,0.617,115.038,172489.0,4,38.0
0.426,0.883,-5.597,1,0.0429,0.0512,0.121,0.657,95.042,233583.0,4,30.0
0.645,0.872,-5.338,0,0.0419,0.105,0.154,0.959,115.627,213920.0,4,10.0
0.425,0.681,-8.604,0,0.0316,0.0229,0.0543,0.933,131.011,279333.0,4,66.0
0.318,0.254,-10.868,1,0.0331,0.926,0.0968,0.201,111.821,273199.0,3,36.0
0.674,0.831,-6.654,0,0.065,0.0315,0.183,0.415,148.02,135962.0,4,66.0
0.515,0.826,-4.268,1,0.0414,0.0319,0.077,0.685,149.954,220889.0,4,40.0
0.645,0.88,-8.493,1,0.325,0.0343,0.404,0.416,124.252,175638.0,4,23.0
0.72,0.142,-18.26,0,0.05,0.941,0.09,0.64,107.134,276107.0,4,36.0
0.498,0.141,-17.14,0,0.0386,0.956,0.109,0.352,139.099,3.18725,4,51.0
0.354,0.581,-6.074,1,0.0302,0.203,0.177,0.337,171.961,258587.0,4,52.0
0.33,0.461,-12.407,1,0.0314,0.154,0.151,0.322,127.058,396613.0,4,43.0
0.429,0.995,-4.353,0,0.139,0.00301,0.321,0.183,158.355,240707.0,4,52.0
0.586,0.873,-2.442,1,0.119,0.0652,0.143,0.458,145.992,165680.0,4,57.0
0.456,0.961,-4.353,1,0.0772,0.000288,0.366,0.712,76.547,118720.0,4,25.0
0.214,0.243,-17.301,1,0.0319,0.917,0.0657,0.0381,80.187,2.934366667,4,43.0
0.814,0.494,-7.167,1,0.0846,0.624,0.0888,0.607,128.083,230973.0,4,54.0
0.368,0.715,-7.718,1,0.0452,0.00394,0.313,0.498,146.105,302877.0,4,34.0
0.638,0.874,-1.642,0,0.298,0.0328,0.18,0.565,84.775,207613.0,4,29.0
0.281,0.918,-3.845,1,0.32,0.166,0.323,0.36,99.455,273137.0,4,41.0
0.566,0.751,-7.28,1,0.0374,0.227,0.184,0.377,146.022,4.448033333,4,21.0
0.166,0.995,-5.137,0,0.161,3.52e-05,0.639,0.0382,111.763,190813.0,4,40.0
0.596,0.679,-6.395,1,0.0394,0.723,0.116,0.479,131.912,3.466233333,4,77.0
0.565,0.136,-12.179,1,0.0299,0.943,0.0952,0.349,83.013,2.91866667,4,43.0
0.561,0.72,-3.877,1,0.0357,0.0995,0.152,0.472,119.98,258133.0,4,25.0
0.555,0.722,-6.005,1,0.034,0.119,0.0861,0.559,134.058,3.616,4,2.0
0.159,0.76,-5.09,1,0.0402,0.485,0.933,0.551,189.333,6.124883333,4,33.0
0.525,0.551,-9.131,1,0.0341,0.000297,0.0789,0.575,128.055,279232.0,4,48.0
0.577,0.688,-8.735,1,0.032,0.109,0.0788,0.843,81.032,225080.0,4,52.0
0.424,0.934,-5.813,0,0.0648,0.000146,0.223,0.359,168.025,211933.0,4,44.0
0.384,0.455,-13.386,0,0.0312,0.29,0.116,0.481,179.803,345667.0,3,35.0
0.486,0.391,-9.131,1,0.0333,0.832,0.107,0.501,123.082,278317.0,4,44.0
0.464,0.68,-9.297,0,0.483,0.342,0.325,0.522,172.771,234632.0,4,28.0
0.685,0.89,-3.943,0,0.253,0.00183,0.0473,0.878,104.919,248267.0,4,47.0
0.512,0.858,-5.717,0,0.0349,0.0479,0.374,0.392,125.065,225093.0,4,35.0
0.53,0.959,-7.005,0,0.0553,0.000114,0.394,0.392,120.012,188135.0,4,38.0
0.184,0.039,-24.906,1,0.0434,0.989,0.131,0.0396,92.631,5.502,4,30.0
0.502,0.816,-4.826,1,0.03,0.241,0.107,0.419,92.512,244440.0,4,38.0
0.575,0.188,-16.499,0,0.0586,0.875,0.166,0.322,130.63,208439.0,4,33.0
0.484,0.807,-5.386,1,0.0566,0.00299,0.107,0.253,120.223,180592.0,4,50.0
0.781,0.447,-13.725,0,0.195,0.00502,0.0352,0.736,89.264,333787.0,4,34.0
0.692,0.497,-7.316,1,0.119,0.676,0.259,0.475,81.308,122067.0,4,78.0
0.641,0.637,-10.92,1,0.0262,0.0495,0.267,0.793,147.502,2.851116667,4,61.0
0.494,0.264,-14.155,1,0.0298,0.868,0.109,0.42,93.673,269733.0,4,24.0
0.305,0.597,-9.055,1,0.0307,0.0739,0.098,0.415,150.558,226160.0,4,39.0
0.617,0.0608,-19.316,1,0.0295,0.424,0.144,0.616,79.974,118107.0,4,44.0
0.749,0.732,-7.897,0,0.0389,0.217,0.0981,0.952,102.063,231080.0,4,33.0
0.818,0.439,-10.829,0,0.0759,0.273,0.125,0.861,144.005,142933.0,4,55.0
0.556,0.913,-2.36,1,0.0437,0.0193,0.346,0.73,96.184,282160.0,4,77.0
0.182,0.21,-16.766,0,0.0358,0.987,0.11,0.175,64.633,2.211783333,4,21.0
0.41,0.803,-5.363,1,0.0623,0.239,0.103,0.814,153.315,169307.0,4,71.0
0.54,0.863,-4.483,1,0.0481,0.0138,0.0874,0.64,77.0,3.112216667,4,2.0
0.607,0.817,-5.561,1,0.0415,0.00409,0.0851,0.749,125.005,204853.0,4,34.0
0.45,0.803,-7.647,1,0.0421,0.000158,0.0876,0.334,157.0,159543.0,5,41.0
0.167,0.539,-10.654,1,0.0367,0.0567,0.254,0.289,144.565,240840.0,3,35.0
0.441,0.943,-4.996,1,0.138,0.000506,0.122,0.142,177.971,253760.0,4,52.0
0.552,0.954,-2.56,1,0.0735,0.000771,0.0775,0.587,105.186,191707.0,4,26.0
0.649,0.914,-6.199,1,0.0455,0.00573,0.0997,0.739,139.125,209760.0,4,51.0
0.551,0.78,-6.659,1,0.055,0.0941,0.11,0.421,135.023,250613.0,4,63.0
0.743,0.619,-6.187,1,0.0313,0.128,0.156,0.763,115.069,237240.0,4,40.0
0.676,0.695,-13.395,0,0.0392,0.326,0.0462,0.691,114.93,236800.0,4,71.0
0.684,0.764,-5.342,0,0.0254,0.0129,0.141,0.944,107.806,233413.0,4,60.0
0.0644,0.077,-19.871,1,0.0459,0.957,0.127,0.0357,63.164,5.256,4,30.0
0.402,0.873,-3.209,0,0.0586,0.00484,0.157,0.684,125.443,253667.0,4,67.0
0.364,0.968,-2.792,1,0.0547,6.92e-06,0.0904,0.626,166.857,185527.0,4,31.0
0.389,0.746,-4.353,1,0.0321,0.000637,0.31,0.899,159.876,162267.0,4,49.0
0.493,0.604,-6.452,1,0.0345,0.434,0.186,0.119,136.009,338286.0,4,31.0
0.602,0.732,-8.29,1,0.0282,0.36,0.0755,0.411,129.355,312773.0,4,61.0
0.208,0.87,-8.141,1,0.0643,0.0759,0.337,0.182,83.831,323040.0,4,35.0
0.371,0.792,-7.265,1,0.0468,0.0188,1.0,0.38,160.013,5.632,4,38.0
0.431,0.978,-3.851,0,0.163,3.48e-06,0.0514,0.254,139.988,198661.0,4,34.0
0.557,0.673,-6.616,1,0.246,0.279,0.0719,0.501,76.241,216000.0,4,49.0
0.55,0.658,-4.166,1,0.0344,0.81,0.113,0.828,92.96,167867.0,4,8.0
0.552,0.483,-13.129,1,0.0366,0.994,0.138,0.932,108.177,4.74,4,5.0
0.921,0.856,-6.267,1,0.0482,0.0205,0.0215,0.976,135.978,201587.0,4,9.0
0.657,0.813,-7.861,1,0.216,0.00834,0.208,0.589,82.035,219587.0,4,38.0
0.778,0.66,-6.662,0,0.0592,0.156,0.137,0.747,110.016,194182.0,4,58.0
0.331,0.639,-9.07,0,0.0361,0.253,0.0856,0.428,84.545,291758.0,4,52.0
0.51,0.52,-7.022,1,0.03,0.0435,0.0971,0.132,82.99,248399.0,4,58.0
0.732,0.667,-9.278,1,0.0278,0.502,0.0524,0.727,125.6,3.521116667,4,57.0
0.607,0.758,-6.855,1,0.0306,0.00505,0.372,0.727,90.031,231783.0,4,51.0
0.523,0.472,-10.578,0,0.0691,0.838,0.103,0.359,169.994,4.623533333,4,23.0
0.424,0.856,-6.342,1,0.0566,4.14e-05,0.39,0.0695,120.026,188413.0,4,30.0
0.97,0.739,-4.917,0,0.295,0.155,0.111,0.414,120.061,168000.0,4,60.0
0.554,0.0867,-16.493,0,0.0533,0.991,0.109,0.278,51.197,3.418216667,4,45.0
0.545,0.865,-4.739,1,0.037,0.00551,0.103,0.819,145.981,191650.0,4,11.0
0.643,0.436,-12.245,1,0.0273,0.724,0.11,0.422,91.485,3.34666667,4,51.0
0.412,0.995,-2.851,0,0.216,9.19e-05,0.344,0.0936,145.02,275875.0,4,40.0
0.378,0.947,-4.441,1,0.0917,0.000668,0.346,0.172,99.97,229924.0,4,41.0
0.385,0.848,-7.009,0,0.0837,0.000185,0.0878,0.322,131.338,282566.0,4,40.0
0.545,0.908,-6.548,1,0.0512,0.115,0.0877,0.391,120.155,218778.0,4,47.0
0.514,0.962,-4.14,1,0.137,0.000208,0.399,0.175,110.023,237886.0,4,16.0
0.696,0.434,-9.954,1,0.0333,0.692,0.113,0.463,116.011,213289.0,4,58.0
0.674,0.882,-2.771,0,0.0477,0.000441,0.068,0.682,123.016,205733.0,4,72.0
0.459,0.67,-9.568,0,0.0483,0.836,0.23,0.665,127.855,157813.0,4,23.0
0.663,0.835,-5.194,1,0.0446,0.0039,0.594,0.327,140.023,232313.0,4,41.0
0.674,0.796,-8.139,0,0.0526,0.648,0.111,0.155,129.986,255722.0,4,51.0
0.636,0.51,-8.955,0,0.0244,0.0688,0.131,0.718,84.198,213440.0,4,33.0
0.56,0.423,-16.309,0,0.131,0.117,0.0939,0.625,113.48,181493.0,4,35.0
0.703,0.813,-4.016,0,0.0987,0.287,0.0958,0.711,107.875,203310.0,4,46.0
0.466,0.632,-6.94,1,0.0326,0.465,0.135,0.246,68.893,259907.0,4,63.0
0.648,0.732,-5.194,1,0.0821,0.225,0.0682,0.324,159.88,95587.0,4,56.0
0.581,0.934,-5.511,1,0.0547,0.000169,0.0901,0.391,120.024,184027.0,4,60.0
0.276,0.836,-7.396,0,0.0511,0.00266,0.219,0.411,136.62,561707.0,4,30.0
0.426,0.352,-7.185,0,0.0401,0.55,0.0744,0.329,139.105,296413.0,3,34.0
0.549,0.464,-7.375,0,0.079,0.0652,0.112,0.553,71.658,200969.0,1,44.0
0.406,0.196,-13.202,1,0.0347,0.689,0.119,0.107,127.719,176367.0,4,49.0
0.618,0.793,-5.711,1,0.0601,0.204,0.126,0.459,101.015,347526.0,4,73.0
0.741,0.508,-15.703,1,0.0294,0.0334,0.12,0.872,116.572,3.200666667,4,43.0
0.456,0.112,-23.175,1,0.0361,0.955,0.0981,0.332,85.122,2.258466667,4,50.0
0.514,0.267,-14.426,1,0.0268,0.788,0.113,0.388,73.149,264493.0,4,37.0
0.634,0.486,-9.403,0,0.039,0.736,0.0681,0.158,119.942,4.492883333,4,21.0
0.27,0.692,-7.614,1,0.0478,0.00262,0.446,0.039,119.926,405147.0,4,20.0
0.536,0.619,-5.899,0,0.189,0.609,0.146,0.634,168.046,178929.0,4,37.0
0.866,0.534,-9.201,1,0.229,0.184,0.0929,0.841,98.243,226133.0,4,67.0
0.454,0.645,-8.201,1,0.258,0.365,0.147,0.647,97.408,207107.0,4,35.0
0.668,0.788,-6.752,1,0.0424,7.48e-05,0.0792,0.692,137.38,251533.0,4,55.0
0.502,0.175,-22.095,1,0.0379,0.62,0.152,0.329,63.082,6.360883333,4,46.0
0.3,0.884,-3.836,1,0.0504,0.000553,0.065,0.407,160.011,295440.0,4,51.0
0.453,0.383,-11.015,1,0.163,0.728,0.387,0.333,105.029,2.91711667,4,78.0
0.549,0.401,-12.696,1,0.0289,0.499,0.186,0.422,78.062,223132.0,4,24.0
0.615,0.798,-4.163,0,0.0815,0.0188,0.0995,0.753,88.465,181133.0,4,57.0
0.691,0.748,-8.414,0,0.109,0.0217,0.134,0.908,82.861,155280.0,4,40.0
0.44,0.719,-6.645,0,0.0445,0.0217,0.0663,0.523,111.398,196777.0,4,62.0
0.546,0.59,-5.37,0,0.0564,0.902,0.0754,0.628,105.204,176000.0,4,44.0
0.575,0.645,-6.421,1,0.0348,0.204,0.194,0.166,123.955,5.658033333,3,7.0
0.463,0.926,-3.204,1,0.122,0.0555,0.478,0.437,91.197,284987.0,4,51.0
0.802,0.183,-17.1,1,0.403,0.809,0.109,0.664,91.078,183338.0,4,52.0
0.634,0.78,-6.273,1,0.233,0.154,0.0505,0.318,140.117,236571.0,4,38.0
0.726,0.385,-9.047,0,0.121,0.516,0.332,0.713,101.704,244501.0,4,49.0
0.508,0.373,-11.822,1,0.0265,0.86,0.149,0.768,84.121,158373.0,4,32.0
0.326,0.545,-8.82,1,0.032,0.724,0.15,0.902,173.29,330400.0,3,37.0
0.508,0.855,-7.552,1,0.0619,0.000602,0.389,0.631,153.916,204032.0,4,43.0
0.933,0.448,-4.491,0,0.136,0.0253,0.104,0.737,103.981,167350.0,4,58.0
0.679,0.367,-6.946,1,0.0534,0.857,0.103,0.406,148.959,189640.0,4,54.0
0.25,0.976,-5.978,0,0.0508,5.25e-06,0.238,0.737,161.61,257693.0,4,35.0
0.536,0.288,-9.212,1,0.0289,0.956,0.112,0.119,115.725,3.1,4,33.0
0.305,0.658,-4.841,0,0.0388,0.252,0.243,0.24,80.718,182117.0,4,29.0
0.877,0.809,-8.809,1,0.0365,0.0385,0.0817,0.581,137.063,198520.0,4,24.0
0.777,0.815,-5.365,1,0.0609,0.0598,0.0768,0.495,101.984,137034.0,4,60.0
0.455,0.812,-3.19,1,0.0476,0.00829,0.103,0.378,134.049,231933.0,4,32.0
0.642,0.516,-7.804,1,0.0458,0.36,0.0835,0.695,83.442,222235.0,4,19.0
0.541,0.41,-6.816,1,0.0411,0.0434,0.0884,0.298,130.152,164203.0,5,72.0
0.571,0.695,-5.785,1,0.0579,0.373,0.133,0.304,100.648,100572.0,4,34.0
0.897,0.513,-6.973,0,0.309,0.571,0.101,0.692,139.935,137744.0,4,64.0
0.176,0.974,-3.312,1,0.0798,0.00126,0.681,0.102,146.393,278160.0,4,49.0
0.685,0.718,-6.869,0,0.222,0.0281,0.27,0.813,93.304,254627.0,4,37.0
0.609,0.143,-12.388,1,0.0282,0.893,0.156,0.189,87.153,2.93866667,4,50.0
0.525,0.286,-15.92,1,0.0347,0.879,0.334,0.574,78.945,264007.0,4,56.0
0.495,0.653,-6.769,0,0.0361,0.217,0.334,0.571,80.897,272947.0,4,66.0
0.714,0.8,-4.808,0,0.0504,0.127,0.359,0.589,134.002,3.526,4,100.0
0.702,0.764,-6.189,1,0.347,0.12,0.146,0.471,85.991,153508.0,4,47.0
0.607,0.294,-11.836,1,0.0764,0.778,0.106,0.192,76.083,303973.0,4,62.0
0.568,0.761,-3.987,1,0.0459,0.452,0.217,0.789,163.974,3.962216667,4,63.0
0.536,0.638,-4.81,1,0.0323,0.72,0.353,0.405,110.405,2.648883333,4,7.0
0.312,0.681,-6.628,1,0.0329,0.00133,0.121,0.222,179.964,3.934,4,1.0
0.756,0.768,-10.701,1,0.112,0.735,0.182,0.783,118.208,2.38733333,4,56.0
0.158,0.893,-6.4,1,0.129,0.00782,0.119,0.607,170.233,220037.0,4,36.0
0.634,0.637,-7.434,1,0.0331,0.108,0.356,0.787,137.992,229123.0,4,42.0
0.814,0.874,-5.316,1,0.0425,0.000222,0.276,0.434,123.992,161041.0,4,52.0
0.437,0.916,-6.515,0,0.0657,2.37e-05,0.306,0.255,99.995,394578.0,4,43.0
0.684,0.417,-14.849,1,0.0502,0.0994,0.0789,0.743,82.837,2.903783333,4,40.0
0.566,0.872,-4.88,1,0.0278,0.00509,0.359,0.704,107.982,346373.0,4,27.0
0.53,0.561,-16.324,0,0.0753,0.0199,0.349,0.754,123.59,348717.0,4,30.0
0.509,0.407,-9.063,1,0.0332,0.0582,0.121,0.0411,115.847,429742.0,3,25.0
0.461,0.467,-7.628,1,0.0586,0.00766,0.11,0.167,74.686,206271.0,4,61.0
0.884,0.679,-5.857,0,0.282,0.0957,0.0289,0.591,76.993,238467.0,4,68.0
0.775,0.55,-3.765,1,0.0345,0.183,0.0434,0.72,109.952,122333.0,4,4.0
0.55,0.618,-9.822,1,0.0307,0.0564,0.0937,0.429,78.61,335240.0,4,66.0
0.468,0.769,-7.036,1,0.041,0.00014,0.271,0.17,104.102,270920.0,4,72.0
0.635,0.909,-4.796,0,0.0553,0.00384,0.239,0.639,110.005,190448.0,4,58.0
0.345,0.0562,-24.913,0,0.0458,0.979,0.108,0.0503,86.078,177187.0,4,48.0
0.446,0.964,-5.47,0,0.169,0.000906,0.131,0.308,164.009,210987.0,4,43.0
0.53,0.593,-7.286,1,0.0545,0.385,0.314,0.538,125.723,2.64228333,4,80.0
0.202,0.665,-9.097,1,0.0342,2.8e-06,0.0723,0.36,88.925,246413.0,4,44.0
0.271,0.863,-3.856,1,0.0558,0.00106,0.344,0.523,149.725,165814.0,4,9.0
0.74,0.696,-9.447,1,0.0298,0.524,0.0752,0.426,103.04,195600.0,4,52.0
0.286,0.907,-9.67,1,0.0374,0.000277,0.0837,0.746,156.395,417800.0,4,63.0
0.529,0.455,-8.603,1,0.0274,0.0424,0.364,0.318,138.678,233373.0,4,51.0
0.471,0.732,-6.493,0,0.0517,0.059,0.469,0.0569,119.991,257037.0,4,29.0
0.653,0.964,-4.261,0,0.0582,0.00316,0.144,0.87,126.928,209267.0,4,75.0
0.821,0.645,-5.385,0,0.0515,0.0473,0.0858,0.328,117.001,155897.0,4,15.0
0.784,0.539,-8.938,0,0.274,0.0818,0.106,0.576,149.059,202560.0,4,73.0
0.568,0.818,-5.576,1,0.13,0.00298,0.0805,0.376,143.114,198840.0,4,34.0
0.504,0.441,-10.01,1,0.21,0.066,0.0873,0.602,80.012,250000.0,3,21.0
0.818,0.71,-5.716,1,0.0472,0.0753,0.0581,0.791,145.97,3.609116667,4,41.0
0.569,0.864,-5.697,1,0.0862,0.0614,0.353,0.318,90.08,4.13978333,4,57.0
0.528,0.929,-3.346,0,0.051,0.0102,0.334,0.653,102.994,158465.0,4,43.0
0.181,0.949,-4.489,0,0.131,2.68e-06,0.181,0.0698,112.361,285726.0,3,43.0
0.75,0.751,-4.343,1,0.0289,0.239,0.39,0.913,92.02,3.533783333,4,2.0
0.472,0.671,-4.649,1,0.029,0.0129,0.159,0.0681,82.952,232800.0,4,80.0
0.629,0.696,-4.848,0,0.332,0.52,0.134,0.752,144.322,188194.0,4,62.0
0.66,0.698,-4.722,0,0.0302,1.92e-05,0.0517,0.511,123.005,214600.0,4,59.0
0.709,0.517,-8.077,1,0.0335,0.277,0.484,0.429,105.369,132000.0,4,53.0
0.49,0.883,-8.736,0,0.0423,0.0121,0.0635,0.684,155.832,227707.0,4,58.0
0.682,0.78,-9.948,1,0.0538,0.0114,0.0862,0.317,115.564,319760.0,4,45.0
0.596,0.14,-13.349,1,0.0273,0.851,0.0948,0.431,80.955,301320.0,4,31.0
0.507,0.723,-5.577,0,0.0288,8.83e-05,0.0852,0.188,140.032,258613.0,4,52.0
0.688,0.819,-8.827,1,0.0775,0.111,0.101,0.688,89.985,292173.0,4,41.0
0.478,0.651,-5.559,0,0.0621,0.29,0.49,0.577,93.191,3.6345,4,9.0
0.595,0.696,-4.551,1,0.0311,0.0492,0.12,0.725,131.561,216880.0,4,48.0
0.421,0.257,-15.478,1,0.0893,0.842,0.529,0.56,89.787,196733.0,4,60.0
0.775,0.863,-8.604,1,0.0384,0.102,0.168,0.915,95.01,338398.0,5,34.0
0.531,0.8,-6.256,1,0.0746,0.751,0.175,0.617,96.795,5.877333333,4,29.0
0.498,0.858,-9.48,1,0.0564,0.0299,0.106,0.437,151.698,215307.0,4,45.0
0.264,0.285,-15.208,1,0.0385,0.892,0.344,0.0776,84.825,240671.0,4,62.0
0.323,0.982,-1.742,0,0.113,0.706,0.853,0.365,95.517,110093.0,4,71.0
0.406,0.846,-6.073,0,0.223,0.264,0.235,0.55,180.064,8.558216667,4,18.0
0.393,0.552,-3.526,1,0.0283,0.544,0.101,0.217,147.515,4.33,4,50.0
0.791,0.262,-15.584,0,0.0419,0.631,0.0646,0.378,105.483,286000.0,3,30.0
0.475,0.776,-4.745,1,0.039,0.000715,0.597,0.561,165.088,116413.0,4,68.0
0.599,0.125,-14.472,0,0.0557,0.93,0.0811,0.405,120.392,221379.0,4,43.0
0.495,0.291,-19.429,1,0.0293,0.562,0.1,0.52,79.059,279827.0,4,49.0
0.234,0.795,-6.686,1,0.0438,2.94e-05,0.127,0.66,109.676,158375.0,4,19.0
0.543,0.968,-4.028,1,0.0703,0.000189,0.539,0.495,100.984,194493.0,4,2.0
0.453,0.322,-13.662,0,0.0296,0.291,0.0819,0.741,81.692,3.053783333,4,6.0
0.286,0.0439,-24.745,1,0.042,0.925,0.147,0.0932,152.867,6.486883333,3,43.0
0.415,0.257,-9.36,1,0.035,0.902,0.128,0.265,120.927,2.695116667,3,49.0
0.621,0.766,-1.73,0,0.0392,0.433,0.323,0.612,138.974,153784.0,4,52.0
0.575,0.666,-5.425,1,0.0301,0.206,0.0852,0.546,88.311,226187.0,4,59.0
0.566,0.579,-8.215,0,0.0336,0.3,0.134,0.56,139.753,202577.0,4,52.0
0.745,0.504,-10.405,0,0.307,0.0162,0.432,0.434,114.901,248765.0,4,60.0
0.596,0.405,-10.497,1,0.0313,0.643,0.205,0.812,88.593,174568.0,4,44.0
0.774,0.11,-18.928,1,0.16,0.869,0.104,0.383,111.887,182813.0,4,37.0
0.147,0.888,-6.105,0,0.0926,5.18e-05,0.366,0.203,161.293,413829.0,3,41.0
0.483,0.692,-9.995,0,0.0363,0.102,0.102,0.935,89.05,208493.0,4,38.0
0.681,0.174,-8.745,1,0.0315,0.837,0.0983,0.231,112.672,260285.0,4,82.0
0.845,0.744,-4.238,1,0.0636,0.0653,0.11,0.467,109.999,174545.0,4,44.0
0.748,0.939,-4.288,0,0.0341,0.0534,0.32,0.96,104.001,3.301116667,4,63.0
0.255,0.403,-10.187,1,0.0448,0.567,0.92,0.621,157.656,1.130666667,4,16.0
0.285,0.846,-6.472,1,0.0438,0.0404,0.182,0.287,108.808,318227.0,4,72.0
0.511,0.696,-5.157,0,0.0421,0.0272,0.0875,0.788,164.614,179240.0,4,57.0
0.484,0.282,-8.644,1,0.0351,0.405,0.124,0.281,179.836,266864.0,4,47.0
0.506,0.68,-5.639,0,0.0406,0.452,0.278,0.631,89.786,189333.0,4,51.0
0.412,0.492,-7.991,1,0.0991,0.874,0.115,0.969,81.305,2.817783333,4,3.0
0.577,0.92,-6.16,1,0.086,0.0123,0.0713,0.226,119.967,232000.0,4,52.0
0.721,0.62,-9.775,1,0.0326,0.379,0.344,0.644,118.696,172827.0,4,46.0
0.52,0.982,-3.855,0,0.0502,0.00134,0.12,0.723,150.944,186137.0,4,43.0
0.56,0.849,-4.949,0,0.164,0.0402,0.408,0.541,92.319,177274.0,4,54.0
0.433,0.947,-12.672,0,0.0781,0.00549,0.383,0.251,99.824,257667.0,4,30.0
0.519,0.702,-7.125,1,0.0289,0.218,0.137,0.366,97.042,207522.0,4,47.0
0.644,0.939,-3.486,0,0.0456,0.157,0.233,0.861,106.031,208107.0,4,72.0
0.416,0.466,-8.718,1,0.0363,0.00406,0.12,0.357,119.085,329627.0,4,49.0
0.213,0.957,-2.967,1,0.235,0.00156,0.394,0.157,196.118,242080.0,3,60.0
0.568,0.871,-5.235,1,0.0494,0.00177,0.36,0.693,133.064,197933.0,4,56.0
0.406,0.945,-2.278,0,0.0673,4.95e-05,0.233,0.178,92.464,275746.0,4,51.0
0.255,0.393,-10.654,1,0.0278,0.0577,0.113,0.118,76.426,229120.0,4,73.0
0.443,0.401,-13.997,1,0.0426,0.263,0.168,0.751,168.209,182587.0,3,38.0
0.563,0.542,-10.862,1,0.0962,0.706,0.355,0.785,133.285,181000.0,4,54.0
0.736,0.564,-6.871,1,0.055,0.072,0.227,0.713,117.824,242706.0,4,20.0
0.508,0.33,-14.071,1,0.0265,0.259,0.114,0.101,96.818,286293.0,4,69.0
0.324,0.832,-5.95,1,0.0765,7.05e-05,0.281,0.372,130.044,155846.0,4,26.0
0.617,0.635,-6.769,0,0.0317,0.0498,0.164,0.446,103.019,247160.0,4,83.0
0.453,0.562,-10.233,0,0.045,0.137,0.0463,0.463,156.654,514867.0,4,47.0
0.191,0.91,-8.936,1,0.0476,1.52e-05,0.131,0.136,174.929,220355.0,4,27.0
0.494,0.735,-8.347,1,0.0345,0.00401,0.544,0.742,132.526,283000.0,4,60.0
0.468,0.484,-7.432,0,0.302,0.438,0.161,0.37,89.944,171568.0,4,51.0
0.577,0.853,-4.492,1,0.0317,0.000216,0.189,0.805,125.64,183065.0,4,29.0
0.352,0.911,-5.23,1,0.0747,0.00121,0.0995,0.236,148.033,222973.0,4,82.0
0.665,0.805,-5.754,1,0.0539,0.0366,0.445,0.417,135.065,179200.0,4,19.0
0.858,0.737,-4.854,0,0.36,0.414,0.0797,0.796,144.974,175448.0,4,53.0
0.41,0.763,-7.904,1,0.338,0.274,0.0553,0.649,172.295,284333.0,4,56.0
0.565,0.97,-3.792,1,0.0413,0.00096,0.0519,0.683,123.573,213693.0,4,36.0
0.261,0.908,-5.222,1,0.15,2e-05,0.144,0.252,154.029,199107.0,4,32.0
0.82,0.645,-7.233,0,0.18,0.145,0.316,0.667,97.039,155138.0,4,29.0
0.353,0.898,-5.877,1,0.052,2.23e-05,0.39,0.525,103.293,255733.0,4,74.0
0.664,0.556,-7.713,1,0.0365,0.146,0.113,0.494,75.049,3.687783333,4,65.0
0.291,0.758,-12.103,1,0.0556,0.000918,0.291,0.446,80.601,221693.0,4,50.0
0.461,0.109,-21.082,1,0.0391,0.836,0.103,0.132,118.379,4.442666667,5,39.0
0.739,0.791,-2.881,0,0.158,0.613,0.13,0.675,96.998,170880.0,4,35.0
0.614,0.869,-3.234,1,0.0379,0.203,0.0903,0.506,82.021,3.2473,4,48.0
0.578,0.967,-6.02,1,0.0604,0.00111,0.34,0.736,111.735,241307.0,4,51.0
0.841,0.26,-15.331,0,0.0565,0.686,0.155,0.658,114.162,3.46998333,4,52.0
0.278,0.807,-6.251,1,0.04,0.0125,0.976,0.665,140.83,258331.0,4,23.0
0.269,0.924,-4.446,1,0.0638,7.57e-05,0.0719,0.172,112.273,287939.0,3,35.0
0.369,0.441,-11.879,1,0.0327,0.931,0.105,0.218,128.968,241640.0,3,65.0
0.53,0.108,-17.208,1,0.0663,0.993,0.104,0.255,137.02,3.045833333,4,51.0
0.772,0.761,-6.289,1,0.21,0.0539,0.687,0.646,140.009,253283.0,4,23.0
0.149,0.908,-7.941,0,0.0862,1.71e-05,0.0713,0.147,143.237,471280.0,3,40.0
0.468,0.988,-2.741,1,0.0844,0.000105,0.0982,0.117,140.95,187026.0,4,49.0
0.203,0.717,-5.82,0,0.0381,0.00539,0.976,0.461,175.923,5.761116667,4,36.0
0.572,0.348,-13.454,1,0.0293,0.438,0.235,0.34,73.303,275267.0,4,57.0
0.554,0.188,-11.739,1,0.0441,0.833,0.118,0.273,131.481,225317.0,4,44.0
0.516,0.737,-5.22,1,0.0992,0.0229,0.375,0.602,133.217,168293.0,4,26.0
0.496,0.914,-6.368,0,0.0351,0.0963,0.085,0.723,172.965,184509.0,4,58.0
0.547,0.987,-1.789,1,0.0807,0.00262,0.31,0.5,135.014,128613.0,4,47.0
0.435,0.841,-6.332,1,0.0532,0.00019,0.191,0.481,160.099,312453.0,4,31.0
0.593,0.691,-9.442,0,0.113,0.0133,0.0691,0.532,153.486,576703.0,4,54.0
0.472,0.846,-9.164,0,0.0351,0.0527,0.115,0.549,200.038,272773.0,4,33.0
0.508,0.103,-16.596,0,0.0337,0.985,0.108,0.12,120.027,2.402566667,4,40.0
0.222,0.837,-6.49,1,0.0794,0.483,0.367,0.594,200.342,214893.0,4,50.0
0.702,0.596,-8.403,0,0.0279,0.716,0.105,0.758,131.996,303760.0,4,45.0
0.536,0.592,-9.145,1,0.0295,0.00118,0.0907,0.0549,100.015,376800.0,4,35.0
0.485,0.808,-8.522,0,0.0495,0.716,0.613,0.732,64.934,6.303116667,4,29.0
0.557,0.833,-4.559,1,0.0663,0.00226,0.161,0.815,125.205,253307.0,4,57.0
0.3,0.993,-1.437,1,0.233,0.000534,0.302,0.111,109.968,227500.0,4,40.0
0.246,0.768,-7.48,1,0.0387,0.000631,0.102,0.35,169.873,212733.0,4,70.0
0.529,0.88,-6.758,0,0.0473,0.152,0.603,0.603,103.231,188307.0,4,41.0
0.373,0.423,-11.642,1,0.0618,0.578,0.16,0.527,187.477,2.542216667,3,55.0
0.56,0.132,-15.864,0,0.0641,0.993,0.112,0.23,88.071,3.9981,4,46.0
0.466,0.788,-7.434,0,0.0308,2.65e-05,0.634,0.636,149.941,196538.0,4,30.0
0.902,0.669,-5.049,1,0.457,0.161,0.0728,0.628,139.949,1.875783333,4,84.0
0.675,0.561,-5.845,0,0.0469,0.535,0.0921,0.12,131.957,3.85878333,4,52.0
0.458,0.481,-6.703,1,0.0571,0.814,0.0458,0.636,165.041,168507.0,4,27.0
0.39,0.629,-4.876,0,0.0469,0.0187,0.0658,0.162,141.983,231667.0,4,63.0
0.439,0.971,-5.855,0,0.177,0.0148,0.255,0.24,118.369,163880.0,4,53.0
0.536,0.608,-6.385,1,0.0295,0.299,0.128,0.681,147.957,244627.0,4,62.0
0.503,0.727,-3.256,1,0.0257,0.0487,0.128,0.717,160.043,197968.0,4,49.0
0.458,0.0533,-20.472,0,0.0289,0.863,0.11,0.155,96.864,2.726516667,4,59.0
0.16,0.949,-4.002,1,0.102,2.17e-06,0.0986,0.0393,109.021,221427.0,4,31.0
0.318,0.646,-7.15,0,0.0392,0.00521,0.0679,0.172,125.986,382800.0,4,53.0
0.492,0.341,-9.538,0,0.0282,0.244,0.3,0.385,149.9,193915.0,3,23.0
0.271,0.575,-9.638,0,0.0291,0.00572,0.181,0.0867,110.849,382947.0,3,32.0
0.603,0.933,-3.358,1,0.171,0.00591,0.206,0.709,96.306,213760.0,4,75.0
0.49,0.516,-6.934,1,0.0421,0.12,0.0654,0.383,156.671,4.013516667,4,41.0
0.628,0.877,-4.205,1,0.046,0.0155,0.113,0.721,101.992,3.62346667,4,78.0
0.508,0.323,-13.239,1,0.0347,0.714,0.118,0.472,120.861,159761.0,4,62.0
0.698,0.747,-5.364,1,0.0539,0.624,0.281,0.864,125.795,254240.0,4,17.0
0.422,0.919,-4.168,0,0.151,0.000245,0.21,0.279,149.989,243600.0,4,56.0
0.724,0.806,-6.843,0,0.295,0.0541,0.314,0.586,93.863,308907.0,4,56.0
0.791,0.565,-3.933,0,0.0439,0.0623,0.156,0.181,99.961,156347.0,4,76.0
0.42,0.573,-10.353,0,0.332,0.54,0.0911,0.236,138.003,278680.0,5,36.0
0.601,0.257,-14.934,1,0.0593,0.928,0.138,0.251,79.465,184000.0,4,42.0
0.613,0.555,-9.801,1,0.072,0.58,0.119,0.556,127.267,166680.0,4,55.0
0.638,0.332,-7.805,0,0.0439,0.889,0.142,0.205,120.214,203777.0,4,46.0
0.774,0.801,-5.203,1,0.047,0.0438,0.0419,0.835,141.014,210200.0,4,45.0
0.761,0.465,-7.967,0,0.0347,0.534,0.129,0.652,114.004,230533.0,4,34.0
0.472,0.993,-2.756,1,0.151,0.000978,0.364,0.215,94.969,213474.0,4,45.0
0.56,0.649,-4.801,1,0.0404,0.0191,0.342,0.385,87.934,252245.0,4,42.0
0.475,0.157,-19.063,1,0.0567,0.976,0.0776,0.519,169.224,183066.0,4,36.0
0.619,0.573,-7.277,1,0.393,0.0352,0.228,0.376,175.187,166392.0,3,71.0
0.519,0.404,-7.12,1,0.0749,0.906,0.101,0.35,134.366,4.391783333,3,24.0
0.604,0.808,-6.135,0,0.0438,0.0126,0.484,0.369,128.958,250693.0,4,40.0
0.574,0.913,-4.793,0,0.133,0.061,0.156,0.423,115.728,208400.0,4,83.0
0.651,0.695,-6.013,0,0.0411,0.107,0.114,0.262,109.992,200440.0,4,35.0
0.644,0.617,-7.139,1,0.0287,0.000203,0.0902,0.805,99.057,208212.0,4,38.0
0.201,0.777,-10.167,1,0.0705,0.304,0.0981,0.235,145.733,433573.0,4,58.0
0.587,0.502,-13.034,0,0.0498,0.769,0.0813,0.831,165.074,4.356216667,4,36.0
0.401,0.897,-4.318,0,0.0511,0.00131,0.0628,0.426,96.992,205387.0,4,25.0
0.719,0.417,-9.925,1,0.24,0.717,0.0984,0.327,185.994,224548.0,4,23.0
0.463,0.5,-13.366,1,0.0387,0.021,0.071,0.399,130.749,1244613.0,4,26.0
0.527,0.636,-12.888,0,0.0347,0.0599,0.204,0.607,83.101,334467.0,4,63.0
0.375,0.969,-5.704,1,0.06,3.87e-05,0.326,0.558,179.048,207455.0,4,38.0
0.465,0.821,-11.115,1,0.0487,0.0133,0.447,0.697,149.824,3.49845,4,48.0
0.545,0.714,-5.659,1,0.0562,0.675,0.121,0.952,94.784,1.99333333,4,56.0
0.642,0.823,-3.68,0,0.0612,0.000281,0.216,0.826,112.005,161253.0,4,68.0
0.486,0.92,-6.27,0,0.0518,0.084,0.319,0.281,164.023,173476.0,4,41.0
0.503,0.895,-6.228,1,0.0436,2.37e-05,0.319,0.211,93.953,460400.0,4,50.0
0.513,0.977,-1.821,1,0.145,0.000509,0.057,0.134,140.027,204657.0,4,11.0
0.454,0.61,-10.629,0,0.0307,0.137,0.368,0.492,88.765,183929.0,4,24.0
0.719,0.907,-5.154,0,0.0502,0.167,0.245,0.975,127.153,272227.0,4,64.0
0.436,0.304,-9.016,0,0.0318,0.364,0.101,0.283,114.008,220400.0,4,32.0
0.59,0.608,-9.083,1,0.0266,0.207,0.211,0.536,129.393,254938.0,4,34.0
0.791,0.863,-6.118,0,0.151,0.317,0.27,0.742,97.035,264653.0,4,55.0
0.433,0.885,-3.897,0,0.0618,0.00427,0.214,0.493,123.104,284268.0,4,30.0
0.488,0.407,-8.798,0,0.0288,0.057,0.122,0.34,77.522,192533.0,4,31.0
0.829,0.388,-13.55,0,0.0421,0.675,0.271,0.896,116.5,223840.0,4,54.0
0.795,0.439,-9.116,1,0.0447,0.0472,0.0562,0.822,109.96,209973.0,4,22.0
0.393,0.349,-11.555,1,0.0431,0.548,0.825,0.546,139.002,6.030666667,3,10.0
0.567,0.627,-12.229,1,0.0607,0.00678,0.14,0.704,94.869,254973.0,4,37.0
0.575,0.318,-16.729,1,0.109,0.683,0.0934,0.385,104.522,254173.0,4,75.0
0.447,0.544,-6.509,1,0.378,0.466,0.547,0.625,139.925,125643.0,4,54.0
0.535,0.755,-5.354,0,0.0559,0.042,0.152,0.311,191.931,169668.0,4,62.0
0.552,0.978,-3.873,1,0.173,0.000228,0.212,0.213,135.035,223434.0,4,45.0
0.559,0.511,-11.167,0,0.0326,0.553,0.0865,0.742,87.999,740520.0,4,40.0
0.336,0.329,-11.501,0,0.0314,0.99,0.468,0.525,86.281,5.771333333,3,26.0
0.951,0.348,-13.05,0,0.574,0.572,0.106,0.683,122.074,169180.0,4,45.0
0.561,0.966,-4.628,1,0.0735,0.00336,0.384,0.572,108.038,169568.0,4,62.0
0.614,0.721,-8.962,1,0.0322,0.000642,0.167,0.708,146.629,175907.0,4,57.0
0.356,0.856,-4.278,1,0.0499,0.000146,0.0947,0.582,133.076,185094.0,4,40.0
0.596,0.233,-10.932,0,0.0569,0.896,0.097,0.411,98.548,2.547616667,4,45.0
0.654,0.237,-11.855,1,0.0342,0.945,0.11,0.206,136.013,3.232266667,4,49.0
0.363,0.81,-4.019,0,0.0397,0.00805,0.128,0.555,118.581,233320.0,4,36.0
0.914,0.672,-6.927,0,0.213,0.0213,0.076,0.584,96.199,243560.0,4,35.0
0.679,0.795,-6.5,0,0.0669,0.0658,0.0601,0.924,80.009,3.371783333,4,41.0
0.468,0.964,-5.384,0,0.0931,0.00914,0.35,0.185,95.035,219185.0,4,43.0
0.377,0.17,-13.604,1,0.0323,0.963,0.278,0.221,105.186,287795.0,3,9.0
0.667,0.758,-3.955,1,0.0471,0.0247,0.0708,0.307,128.974,255293.0,4,28.0
0.684,0.691,-8.905,0,0.0522,0.000453,0.0593,0.554,124.007,330458.0,4,37.0
0.943,0.685,-11.903,1,0.188,0.000507,0.0604,0.813,125.515,263573.0,4,59.0
0.608,0.562,-5.63,1,0.077,0.0756,0.103,0.66,179.988,189293.0,4,42.0
0.52,0.962,-4.294,1,0.131,7.92e-06,0.103,0.177,102.039,216451.0,3,38.0
0.332,0.319,-11.599,1,0.0434,0.832,0.107,0.273,174.861,243973.0,3,46.0
0.543,0.948,-2.567,1,0.0462,0.000353,0.35,0.458,123.035,256200.0,4,40.0
0.779,0.733,-8.137,0,0.0734,0.0177,0.591,0.515,115.009,178714.0,4,58.0
0.77,0.506,-8.854,0,0.12,0.3,0.125,0.507,124.042,124011.0,4,26.0
0.677,0.763,-8.306,0,0.0395,0.00369,0.291,0.347,125.986,619787.0,4,19.0
0.466,0.763,-7.748,0,0.0391,0.0542,0.119,0.473,123.539,204800.0,4,67.0
0.768,0.523,-5.088,1,0.0374,0.343,0.1,0.538,115.934,200320.0,4,43.0
0.338,0.904,-3.855,1,0.0587,0.167,0.0785,0.674,141.257,215573.0,4,43.0
0.075,0.929,-5.371,1,0.107,4.51e-06,0.344,0.281,181.015,195587.0,4,40.0
0.561,0.722,-6.437,0,0.068,0.173,0.175,0.173,103.099,234027.0,4,68.0
0.696,0.79,-4.633,0,0.0438,0.00279,0.172,0.555,115.015,176413.0,4,46.0
0.374,0.903,-4.49,1,0.0825,0.00075,0.244,0.429,109.118,263080.0,3,62.0
0.751,0.486,-7.8,1,0.0523,0.921,0.0849,0.928,105.997,169040.0,4,42.0
0.413,0.862,-4.118,1,0.0362,7.5e-06,0.0932,0.547,91.017,187827.0,4,32.0
0.42,0.965,-1.986,1,0.0403,0.0981,0.0784,0.846,176.243,169920.0,4,60.0
0.238,0.759,-12.476,1,0.0624,0.000407,0.608,0.732,193.044,203933.0,4,49.0
0.752,0.809,-8.399,1,0.0598,0.0908,0.169,0.658,106.999,237827.0,4,57.0
0.644,0.284,-14.867,0,0.179,0.567,0.148,0.711,85.191,250000.0,4,45.0
0.568,0.453,-7.453,1,0.0258,0.626,0.135,0.224,134.996,271420.0,4,62.0
0.624,0.53,-9.092,0,0.0486,0.28,0.0839,0.715,145.047,219000.0,4,28.0
0.369,0.948,-3.923,1,0.0376,0.141,0.169,0.696,94.459,240307.0,4,50.0
0.609,0.796,-8.157,1,0.0331,0.0186,0.626,0.819,155.046,197000.0,4,41.0
0.577,0.53,-6.749,1,0.0312,0.544,0.103,0.22,85.471,241147.0,4,58.0
0.603,0.506,-9.531,1,0.0391,0.213,0.0553,0.735,124.953,191493.0,4,32.0
0.56,0.772,-6.096,0,0.0836,0.0375,0.156,0.788,170.08,202179.0,4,50.0
0.359,0.677,-8.616,1,0.0488,0.732,0.315,0.494,114.513,2.583783333,4,6.0
0.299,0.634,-13.589,1,0.0438,0.00437,0.118,0.516,144.189,387640.0,3,33.0
0.485,0.0683,-17.572,1,0.0719,0.994,0.109,0.235,72.684,2.43635,4,49.0
0.458,0.949,-3.243,1,0.115,0.000385,0.306,0.518,164.073,173520.0,4,62.0
0.471,0.639,-7.989,1,0.0885,0.593,0.717,0.472,149.146,317027.0,4,51.0
0.678,0.668,-6.994,0,0.0386,0.062,0.156,0.737,74.997,223867.0,4,41.0
0.654,0.336,-12.825,1,0.0379,0.858,0.0786,0.947,176.083,2.24,4,68.0
0.725,0.713,-6.173,0,0.187,0.127,0.617,0.207,65.988,148421.0,4,86.0
0.653,0.414,-14.137,1,0.027,0.922,0.09,0.181,100.018,216590.0,4,31.0
0.577,0.936,-2.924,0,0.078,0.043,0.413,0.899,168.879,170453.0,4,60.0
0.712,0.604,-8.961,0,0.0307,0.0478,0.117,0.566,110.022,225969.0,4,41.0
0.469,0.236,-16.981,1,0.0364,0.407,0.215,0.415,82.232,399173.0,4,50.0
0.431,0.892,-4.103,1,0.114,0.0768,0.211,0.844,185.965,243200.0,4,41.0
0.615,0.477,-8.816,1,0.092,0.0558,0.231,0.731,156.008,259467.0,4,50.0
0.701,0.821,-4.496,0,0.0335,0.0276,0.0875,0.651,107.99,203333.0,4,44.0
0.611,0.421,-11.988,0,0.0277,0.807,0.118,0.495,140.547,2.533216667,4,37.0
0.581,0.348,-13.138,1,0.0339,0.48,0.263,0.135,112.123,205714.0,4,25.0
0.361,0.91,-7.914,1,0.0943,0.0338,0.122,0.305,108.168,486861.0,4,36.0
0.449,0.775,-12.029,1,0.0405,0.162,0.248,0.313,94.907,249768.0,4,60.0
0.507,0.828,-6.023,1,0.0449,0.00711,0.261,0.489,178.032,211295.0,4,85.0
0.499,0.958,-5.417,1,0.0898,0.000326,0.432,0.359,127.491,205440.0,4,60.0
0.537,0.823,-5.874,1,0.0322,0.00784,0.122,0.759,132.241,151827.0,4,43.0
0.381,0.381,-6.132,1,0.0264,0.444,0.08,0.0734,84.891,3.459116667,3,1.0
0.19,0.136,-14.818,1,0.0404,0.987,0.0768,0.0819,71.597,425905.0,4,28.0
0.46,0.115,-20.167,1,0.0363,0.971,0.23,0.0722,102.907,3.011516667,3,54.0
0.461,0.19,-11.626,1,0.0324,0.97,0.185,0.412,75.693,202933.0,3,36.0
0.532,0.699,-9.496,1,0.0618,0.00674,0.0925,0.837,135.425,217467.0,4,50.0
0.282,0.656,-6.557,1,0.0302,0.0105,0.0892,0.242,139.352,251867.0,4,69.0
0.526,0.837,-5.007,1,0.0526,0.0978,0.298,0.625,79.715,231880.0,4,54.0
0.645,0.74,-8.626,0,0.0324,0.223,0.338,0.672,94.931,172333.0,4,46.0
0.408,0.634,-6.087,1,0.029,0.216,0.0903,0.139,80.249,334240.0,4,52.0
0.536,0.426,-10.446,1,0.123,0.64,0.147,0.375,135.872,211567.0,4,62.0
0.66,0.0863,-19.892,1,0.0597,0.94,0.117,0.153,131.096,2.579166667,4,51.0
0.326,0.948,-4.315,0,0.0606,0.000258,0.367,0.358,166.397,241320.0,4,59.0
0.602,0.935,-4.802,0,0.0755,0.000844,0.0621,0.202,124.989,276307.0,4,49.0
0.32,0.96,-7.01,1,0.055,0.00116,0.334,0.562,140.861,154307.0,4,32.0
0.276,0.658,-5.418,1,0.0329,0.0836,0.161,0.16,172.326,259133.0,4,61.0
0.676,0.674,-5.301,0,0.0582,0.107,0.153,0.462,103.951,187041.0,4,40.0
0.437,0.671,-6.574,1,0.0332,0.236,0.972,0.47,83.875,6.280883333,4,36.0
0.312,0.987,-4.646,1,0.137,0.000351,0.279,0.187,107.271,216715.0,4,19.0
0.473,0.913,-6.05,1,0.0594,0.02,0.487,0.594,94.518,203347.0,4,24.0
0.627,0.935,-3.257,1,0.0495,0.00145,0.335,0.903,80.986,2.29335,4,58.0
0.764,0.662,-10.231,0,0.263,0.28,0.0918,0.808,88.784,237400.0,4,45.0
0.472,0.207,-11.287,1,0.0326,0.913,0.115,0.32,86.656,176896.0,4,33.0
0.355,0.973,-7.004,0,0.071,0.000359,0.142,0.628,187.385,152600.0,4,51.0
0.635,0.634,-8.91,0,0.356,0.195,0.198,0.224,107.008,217883.0,4,69.0
0.683,0.298,-11.25,0,0.327,0.0672,0.109,0.387,120.007,164009.0,4,29.0
0.55,0.824,-7.848,0,0.0347,0.000362,0.0865,0.332,131.387,403867.0,4,65.0
0.332,0.995,-6.366,1,0.125,3.52e-05,0.0762,0.34,95.329,274816.0,4,30.0
0.796,0.426,-7.994,1,0.0324,0.031,0.171,0.572,100.006,183570.0,4,60.0
0.462,0.821,-5.531,0,0.0418,0.012,0.179,0.337,129.941,211316.0,4,38.0
0.572,0.747,-6.237,1,0.0943,0.13,0.108,0.3,158.051,155275.0,4,55.0
0.607,0.802,-7.345,1,0.0488,0.000645,0.242,0.636,85.98,181218.0,4,42.0
0.546,0.279,-10.435,1,0.0279,0.817,0.176,0.26,109.689,3.00781667,4,53.0
0.428,0.966,-2.207,1,0.116,0.00783,0.0719,0.505,166.06,168937.0,4,44.0
0.529,0.836,-8.429,1,0.0751,0.713,0.156,0.652,97.22,7.03645,4,41.0
0.559,0.668,-5.511,1,0.0287,0.0438,0.226,0.51,118.94,228271.0,4,31.0
0.52,0.645,-8.926,1,0.0507,0.791,0.132,0.546,105.646,173400.0,4,28.0
0.705,0.633,-7.631,1,0.044,0.0847,0.106,0.662,92.039,268195.0,4,19.0
0.775,0.479,-12.928,1,0.341,0.138,0.105,0.399,150.648,365365.0,5,52.0
0.277,0.0456,-21.903,0,0.0529,0.984,0.107,0.0398,99.421,262920.0,3,45.0
0.742,0.846,-3.956,0,0.126,0.0754,0.129,0.91,159.991,171240.0,4,45.0
0.723,0.598,-8.146,0,0.215,0.489,0.168,0.641,139.929,180271.0,4,36.0
0.488,0.279,-9.292,1,0.0506,0.838,0.125,0.414,145.728,175240.0,5,42.0
0.753,0.88,-4.689,0,0.0806,0.087,0.24,0.794,115.057,186851.0,4,61.0
0.462,0.754,-3.361,1,0.0459,0.00843,0.118,0.475,110.397,168533.0,3,51.0
0.735,0.689,-4.575,0,0.0379,0.0204,0.0499,0.624,114.983,252067.0,4,48.0
0.39,0.407,-9.737,1,0.0284,0.00317,0.129,0.681,95.75,247307.0,4,24.0
0.756,0.732,-7.713,1,0.0692,0.00845,0.115,0.505,169.001,156270.0,4,47.0
0.643,0.726,-8.973,1,0.0529,0.00065,0.0801,0.553,94.026,422173.0,4,40.0
0.686,0.885,-4.754,1,0.0377,0.0503,0.147,0.616,120.066,178560.0,4,56.0
0.468,0.998,-2.158,1,0.235,0.000405,0.39,0.0705,99.928,171880.0,4,42.0
0.302,0.842,-8.307,0,0.0586,0.466,0.0937,0.505,94.614,229973.0,4,17.0
0.815,0.438,-14.522,0,0.0346,0.216,0.0787,0.552,108.965,4.06288333,4,73.0
0.628,0.455,-12.436,1,0.0427,0.142,0.135,0.858,102.09,318373.0,4,59.0
0.383,0.916,-5.562,1,0.0467,1.16e-06,0.125,0.271,89.927,233225.0,4,27.0
0.324,0.883,-3.544,0,0.0444,3.65e-05,0.212,0.24,158.035,261301.0,4,31.0
0.463,0.562,-7.574,0,0.0902,0.222,0.227,0.383,121.43,250175.0,4,16.0
0.591,0.286,-9.439,0,0.0261,0.419,0.133,0.311,73.367,263727.0,4,46.0
0.472,0.858,-5.814,1,0.0461,0.0036,0.234,0.552,160.05,175871.0,4,45.0
0.649,0.57,-7.537,0,0.213,0.648,0.114,0.463,139.831,240000.0,4,45.0
0.491,0.834,-11.204,1,0.0571,0.26,0.196,0.481,124.122,4.77445,4,48.0
0.533,0.972,-5.913,0,0.254,0.00041,0.336,0.117,130.071,196880.0,4,38.0
0.456,0.527,-9.697,1,0.0257,0.185,0.109,0.126,146.061,248085.0,4,46.0
0.493,0.839,-5.75,1,0.0431,0.000115,0.199,0.36,122.996,279817.0,4,44.0
0.527,0.622,-8.172,0,0.0842,0.7,0.126,0.672,173.709,3.43625,4,58.0
0.333,0.742,-9.151,1,0.0393,0.000713,0.96,0.303,98.099,4.4544,4,28.0
0.55,0.377,-9.933,1,0.0254,0.442,0.126,0.261,113.608,319787.0,4,54.0
0.65,0.518,-9.069,1,0.301,0.00721,0.0969,0.603,138.822,210867.0,4,38.0
0.175,0.993,-3.179,1,0.143,5.81e-05,0.185,0.0396,123.699,405867.0,4,32.0
0.545,0.671,-9.54,1,0.0817,0.147,0.61,0.473,81.863,169107.0,4,35.0
0.665,0.583,-7.271,0,0.043,0.272,0.311,0.365,105.004,218370.0,4,53.0
0.55,0.796,-7.262,1,0.0378,0.00107,0.123,0.51,89.876,216493.0,4,68.0
0.475,0.473,-10.272,1,0.0789,0.461,0.161,0.118,78.806,145293.0,4,12.0
0.142,0.657,-5.767,1,0.0423,0.039,0.319,0.0377,179.119,265973.0,4,51.0
0.631,0.531,-8.238,0,0.0267,0.723,0.124,0.301,111.938,239276.0,4,40.0
0.585,0.969,-5.58,1,0.0587,0.00131,0.286,0.138,131.987,309107.0,4,52.0
0.94,0.425,-11.584,1,0.55,0.00021,0.273,0.499,128.989,316973.0,4,51.0
0.245,0.471,-7.952,0,0.0313,0.652,0.126,0.287,165.996,206693.0,4,50.0
0.586,0.784,-12.678,1,0.0433,0.764,0.115,0.802,115.062,129587.0,4,34.0
0.225,0.967,-2.785,1,0.247,0.000168,0.693,0.255,189.557,173403.0,4,29.0
0.741,0.722,-5.471,0,0.0824,0.0172,0.0678,0.774,120.086,171294.0,4,60.0
0.571,0.618,-5.682,1,0.0371,0.18,0.178,0.852,156.892,155040.0,4,60.0
0.914,0.607,-5.658,1,0.32,0.0626,0.0515,0.666,98.054,256973.0,4,58.0
0.358,0.93,-3.389,1,0.0715,7.73e-06,0.191,0.309,142.011,203413.0,4,52.0
0.334,0.957,-2.189,1,0.0737,3.94e-05,0.212,0.418,90.071,188280.0,4,41.0
0.458,0.217,-16.582,1,0.0328,0.827,0.194,0.128,107.506,8.03645,4,44.0
0.549,0.758,-5.991,1,0.0262,0.0267,0.213,0.486,109.975,188347.0,4,39.0
0.645,0.475,-13.727,0,0.0455,0.0368,0.0984,0.0793,110.003,248727.0,4,11.0
0.532,0.377,-11.323,1,0.0404,0.0398,0.0998,0.654,81.475,310360.0,3,33.0
0.561,0.492,-6.086,0,0.032,0.0194,0.0579,0.305,140.041,169473.0,4,40.0
0.415,0.928,-3.045,1,0.0762,6.07e-05,0.0661,0.426,150.017,250600.0,4,35.0
0.219,0.908,-8.505,1,0.1,1.92e-06,0.319,0.208,121.476,212987.0,3,48.0
0.195,0.483,-4.991,0,0.03,0.465,0.0686,0.173,84.71,269107.0,4,68.0
0.457,0.223,-15.432,0,0.0317,0.988,0.135,0.438,150.998,201768.0,3,62.0
0.493,0.107,-22.122,1,0.0336,0.881,0.122,0.126,91.326,5.159783333,4,50.0
0.808,0.897,-3.712,0,0.0348,0.0469,0.364,0.591,126.026,3.85068333,4,97.0
0.302,0.963,-6.881,0,0.142,1.26e-05,0.361,0.0901,200.051,206093.0,4,27.0
0.531,0.672,-8.446,1,0.461,0.0276,0.18,0.511,170.656,203787.0,4,55.0
0.503,0.906,-4.627,1,0.0538,0.000553,0.127,0.723,151.001,243249.0,4,43.0
0.523,0.896,-3.556,1,0.0575,0.105,0.143,0.729,169.94,2.96585,4,67.0
0.606,0.679,-6.091,0,0.0684,0.075,0.677,0.964,183.8,238667.0,4,36.0
0.433,0.854,-3.868,1,0.0483,0.000336,0.162,0.368,89.4,277840.0,4,71.0
0.488,0.962,-1.589,1,0.0338,0.00202,0.261,0.658,109.07,197133.0,4,56.0
0.764,0.52,-5.499,0,0.122,0.131,0.291,0.324,108.024,138897.0,4,44.0
0.713,0.677,-6.301,1,0.0332,0.302,0.162,0.884,149.959,169258.0,4,44.0
0.578,0.883,-6.354,1,0.0439,0.000123,0.284,0.627,125.603,186533.0,4,5.0
0.533,0.148,-18.275,1,0.0329,0.924,0.112,0.108,63.637,3.69555,4,48.0
0.739,0.79,-4.503,0,0.0658,0.567,0.1,0.492,117.394,155027.0,4,48.0
0.305,0.59,-6.402,1,0.0497,0.319,0.0876,0.36,69.98,284000.0,4,25.0
0.645,0.798,-9.737,1,0.123,0.0849,0.352,0.408,106.077,168252.0,4,14.0
0.538,0.767,-7.182,0,0.0346,0.0627,0.403,0.868,119.246,168400.0,4,37.0
0.323,0.233,-13.149,0,0.0331,0.641,0.183,0.152,124.621,138791.0,4,14.0
0.486,0.961,-3.687,0,0.0776,1.01e-05,0.121,0.65,138.029,199478.0,4,62.0
0.593,0.362,-10.636,1,0.0405,0.71,0.16,0.355,129.561,206769.0,4,34.0
0.818,0.639,-6.383,1,0.165,0.0172,0.137,0.886,112.955,157133.0,4,59.0
0.541,0.745,-7.888,1,0.0569,0.42,0.111,0.432,130.096,255199.0,4,8.0
0.432,0.878,-4.109,1,0.132,0.00315,0.11,0.554,177.922,219342.0,4,47.0
0.808,0.627,-6.855,0,0.33,0.0368,0.706,0.492,180.045,192000.0,4,25.0
0.539,0.0678,-18.039,1,0.0468,0.967,0.114,0.263,124.105,4.911116667,4,53.0
0.889,0.624,-3.589,1,0.132,0.00225,0.0926,0.311,78.019,110795.0,4,58.0
0.566,0.889,-5.22,1,0.0426,4.3e-05,0.292,0.141,127.045,233667.0,4,61.0
0.295,0.772,-5.937,1,0.0448,2.84e-05,0.123,0.0407,89.942,457227.0,4,42.0
0.471,0.675,-9.07,1,0.0513,0.511,0.232,0.53,125.313,238333.0,4,51.0
0.583,0.881,-4.099,0,0.0904,0.00134,0.341,0.813,140.09,190487.0,4,49.0
0.357,0.565,-9.915,0,0.0419,0.216,0.98,0.218,158.032,758360.0,4,52.0
0.58,0.714,-4.607,0,0.0985,0.147,0.46,0.858,99.698,235987.0,4,35.0
0.488,0.493,-9.878,1,0.0464,0.255,0.102,0.389,135.093,296133.0,4,54.0
0.358,0.423,-7.828,1,0.0338,0.565,0.0846,0.309,182.959,3.77666667,3,43.0
0.671,0.713,-7.171,0,0.0289,0.817,0.363,0.626,126.237,182160.0,4,16.0
0.592,0.813,-7.154,1,0.0465,0.0014,0.336,0.384,114.038,224773.0,4,60.0
0.572,0.621,-7.298,1,0.0336,0.543,0.124,0.35,159.989,3.12573333,4,70.0
0.288,0.629,-3.252,1,0.039,0.000223,0.262,0.267,170.15,188720.0,4,42.0
0.308,0.873,-4.542,1,0.0533,0.00022,0.0974,0.686,143.519,206587.0,4,71.0
0.631,0.793,-4.086,0,0.0468,0.000218,0.0976,0.648,136.96,189373.0,4,63.0
0.504,0.879,-6.489,0,0.0575,8.34e-05,0.108,0.259,119.985,429093.0,3,25.0
0.437,0.932,-4.633,1,0.0745,0.00234,0.212,0.162,98.277,290259.0,4,39.0
0.619,0.871,-5.214,0,0.0837,0.000337,0.0585,0.412,91.507,235543.0,4,40.0
0.665,0.834,-7.737,1,0.0576,0.21,0.452,0.411,105.292,249493.0,4,68.0
0.801,0.795,-5.115,0,0.0504,0.0417,0.0717,0.754,79.028,163253.0,4,78.0
0.315,0.12,-15.267,0,0.0452,0.995,0.0747,0.273,86.486,40640.0,4,27.0
0.658,0.431,-12.718,0,0.03,0.615,0.0902,0.528,132.045,3.893933333,5,11.0
0.427,0.617,-6.246,0,0.084,0.00207,0.241,0.403,113.216,234798.0,4,54.0
0.611,0.447,-8.695,1,0.026,0.767,0.196,0.153,101.037,216370.0,4,46.0
0.575,0.318,-16.729,1,0.109,0.683,0.0934,0.385,104.522,254173.0,4,75.0
0.638,0.407,-10.328,1,0.0519,0.887,0.107,0.43,83.004,221232.0,4,24.0
0.832,0.659,-7.828,0,0.057,0.0839,0.0753,0.674,100.163,353893.0,4,71.0
0.466,0.77,-5.852,0,0.0322,0.00596,0.202,0.475,140.233,122878.0,4,35.0
0.399,0.917,-6.906,0,0.0428,0.00166,0.0975,0.39,142.782,187693.0,4,24.0
0.924,0.5,-8.906,0,0.513,0.065,0.111,0.731,145.062,137887.0,4,54.0
0.51,0.693,-3.192,1,0.0284,0.006,0.11,0.291,81.981,262815.0,4,46.0
0.446,0.468,-9.844,1,0.0323,0.235,0.0963,0.223,169.983,4.38845,4,51.0
0.59,0.562,-12.892,1,0.234,0.0128,0.654,0.293,101.332,198480.0,3,14.0
0.395,0.892,-8.07,1,0.0537,0.0797,0.706,0.67,148.43,184120.0,4,44.0
0.683,0.47,-15.561,1,0.0494,0.0268,0.11,0.205,128.02,293709.0,4,43.0
0.406,0.849,-3.841,1,0.0391,8.08e-05,0.0421,0.312,88.05,257653.0,4,45.0
0.764,0.759,-5.443,0,0.0413,0.00903,0.0746,0.937,128.999,234240.0,4,60.0
0.697,0.674,-6.326,1,0.0533,0.00215,0.138,0.198,81.535,157355.0,4,80.0
0.642,0.82,-6.789,0,0.0619,0.0128,0.299,0.782,126.25,215000.0,4,46.0
0.652,0.338,-11.58,1,0.0367,0.486,0.0744,0.392,116.881,279667.0,4,63.0
0.563,0.951,-4.777,0,0.0616,0.00733,0.136,0.321,115.931,282824.0,4,28.0
0.582,0.57,-9.379,0,0.0691,0.63,0.116,0.747,153.907,355973.0,4,36.0
0.356,0.937,-7.337,1,0.0732,2.47e-05,0.123,0.239,192.039,260201.0,4,26.0
0.636,0.241,-9.551,1,0.0564,0.691,0.216,0.256,75.959,123452.0,4,55.0
0.242,0.948,-6.003,1,0.066,4.8e-05,0.215,0.601,147.049,235013.0,4,28.0
0.445,0.856,-3.674,1,0.0327,0.000202,0.367,0.486,105.872,308333.0,3,72.0
0.635,0.68,-6.945,1,0.0268,0.485,0.738,0.534,113.979,5.34,4,34.0
0.752,0.753,-7.721,0,0.357,0.114,0.317,0.604,102.549,289867.0,4,62.0
0.584,0.906,-8.69,1,0.597,0.769,0.101,0.799,79.633,362487.0,4,16.0
0.618,0.469,-8.38,0,0.0262,0.504,0.124,0.45,104.986,263240.0,4,34.0
0.552,0.883,-5.61,0,0.0355,0.209,0.0912,0.745,99.967,181773.0,4,64.0
0.472,0.849,-3.738,1,0.0315,0.00362,0.0973,0.31,144.065,169451.0,4,64.0
0.607,0.743,-4.984,1,0.0375,0.000569,0.201,0.751,127.942,195867.0,4,54.0
0.45,0.794,-5.015,1,0.0538,0.388,0.303,0.362,143.861,251906.0,4,73.0
0.785,0.532,-9.535,0,0.268,0.396,0.109,0.33,94.935,214316.0,4,40.0
0.81,0.233,-15.719,0,0.0515,0.981,0.132,0.555,86.258,146227.0,4,39.0
0.214,0.328,-13.528,1,0.0349,0.722,0.0843,0.062,97.244,281160.0,3,32.0
0.444,0.698,-8.158,0,0.0343,0.0996,0.105,0.432,185.975,293404.0,4,33.0
0.342,0.978,-3.55,1,0.0969,0.174,0.1,0.252,171.348,219080.0,4,44.0
0.395,0.252,-13.589,1,0.0301,0.8,0.101,0.126,177.679,264333.0,4,75.0
0.661,0.618,-8.422,0,0.313,0.368,0.0743,0.81,148.544,201942.0,4,71.0
0.701,0.787,-3.941,0,0.0855,0.27,0.105,0.904,180.027,171720.0,4,80.0
0.658,0.502,-10.346,1,0.214,0.524,0.099,0.419,94.936,260842.0,4,37.0
0.477,0.972,-5.858,0,0.0569,5.24e-05,0.136,0.397,122.002,186551.0,4,31.0
0.53,0.956,-6.327,0,0.0861,0.00577,0.101,0.907,171.982,278367.0,4,27.0
0.52,0.216,-19.432,1,0.0404,0.787,0.117,0.368,144.849,464613.0,4,31.0
0.82,0.604,-4.64,1,0.137,0.446,0.0984,0.886,162.776,189320.0,4,45.0
0.152,0.0542,-23.323,0,0.0378,0.956,0.104,0.153,90.94,225475.0,4,41.0
0.527,0.922,-2.666,0,0.0728,0.00475,0.422,0.49,95.975,181680.0,4,84.0
0.151,0.213,-12.97,1,0.0426,0.961,0.106,0.0377,70.968,2.283683333,4,40.0
0.701,0.341,-12.26,0,0.0418,0.499,0.359,0.163,105.513,2.525116667,3,63.0
0.531,0.559,-7.839,0,0.0272,0.269,0.149,0.389,147.043,178147.0,4,32.0
0.696,0.873,-6.941,1,0.0582,0.00137,0.144,0.784,109.846,236893.0,4,32.0
0.426,0.768,-4.723,1,0.0315,0.0489,0.297,0.535,148.108,242307.0,4,46.0
0.684,0.792,-5.377,1,0.0576,0.508,0.069,0.927,98.527,267720.0,4,41.0
0.662,0.918,-3.468,0,0.0414,0.108,0.2,0.919,100.001,236027.0,4,20.0
0.32,0.887,-5.11,1,0.0509,6.64e-05,0.348,0.431,175.088,255857.0,4,38.0
0.651,0.729,-5.326,0,0.0272,0.122,0.217,0.756,87.965,225485.0,4,22.0
0.693,0.624,-7.482,0,0.0448,0.299,0.0955,0.369,105.002,205987.0,4,73.0
0.657,0.447,-9.299,0,0.087,0.701,0.198,0.537,184.315,86739.0,4,77.0
0.417,0.671,-9.714,1,0.0348,0.0407,0.282,0.338,78.953,896227.0,4,39.0
0.391,0.931,-4.193,1,0.0997,0.00068,0.371,0.613,164.075,132867.0,4,35.0
0.728,0.398,-11.036,1,0.027,0.34,0.137,0.425,95.959,3.246,4,54.0
0.551,0.8,-4.813,1,0.0347,0.103,0.111,0.811,164.127,176341.0,4,20.0
0.643,0.619,-7.111,0,0.0439,0.131,0.0784,0.466,71.742,256466.0,4,42.0
0.532,0.925,-3.509,1,0.0341,3.5e-05,0.112,0.563,95.019,232421.0,4,41.0
0.307,0.748,-6.514,0,0.0568,0.212,0.368,0.347,108.227,302648.0,4,64.0
0.568,0.877,-7.043,0,0.0526,0.00357,0.125,0.172,108.524,327373.0,4,44.0
0.573,0.494,-8.938,0,0.0735,0.48,0.121,0.762,149.883,3.691266667,4,50.0
0.56,0.632,-9.033,1,0.0334,0.861,0.0985,0.373,107.987,4.156933333,4,64.0
0.447,0.954,-8.069,1,0.0751,0.0235,0.298,0.331,123.453,272027.0,4,78.0
0.562,0.324,-7.883,1,0.0274,0.552,0.199,0.457,101.883,245427.0,4,52.0
0.437,0.522,-10.668,0,0.0259,0.000499,0.0895,0.392,94.791,191147.0,4,26.0
0.798,0.62,-7.079,0,0.232,0.414,0.112,0.235,120.031,164000.0,4,94.0
0.739,0.572,-6.762,0,0.0436,0.346,0.303,0.566,139.063,171799.0,4,35.0
0.659,0.902,-7.464,1,0.133,0.462,0.0712,0.674,175.468,2.79733333,4,45.0
0.61,0.801,-5.937,1,0.0257,0.0117,0.61,0.755,104.976,209464.0,4,18.0
0.663,0.774,-5.157,1,0.0863,0.113,0.462,0.681,102.982,242373.0,4,53.0
0.364,0.805,-5.015,1,0.103,0.00468,0.262,0.467,134.948,189672.0,4,13.0
0.846,0.599,-9.675,0,0.0526,0.000294,0.121,0.111,100.07,174600.0,4,50.0
0.407,0.682,-9.066,1,0.0431,0.00215,0.0618,0.0519,122.011,344587.0,4,34.0
0.63,0.951,-4.255,0,0.0612,0.222,0.0816,0.496,132.081,234053.0,4,38.0
0.761,0.273,-9.251,1,0.041,0.776,0.0866,0.412,130.914,223173.0,4,27.0
0.573,0.929,-5.996,1,0.082,0.00218,0.718,0.284,97.57,289560.0,4,67.0
0.823,0.569,-9.301,0,0.0498,0.0571,0.0938,0.831,111.974,258316.0,4,48.0
0.35,0.293,-9.502,1,0.0258,0.758,0.104,0.162,96.685,166467.0,4,61.0
0.443,0.332,-11.102,0,0.0346,0.496,0.0773,0.117,158.946,319292.0,3,34.0
0.617,0.465,-10.551,1,0.0668,0.809,0.141,0.96,153.636,4.925,3,23.0
0.493,0.911,-6.087,1,0.0584,0.0443,0.227,0.4,143.021,188993.0,4,6.0
0.812,0.755,-7.606,1,0.141,0.0624,0.157,0.178,171.985,136744.0,4,36.0
0.295,0.924,-3.407,1,0.0678,4.02e-05,0.377,0.219,171.941,239387.0,4,67.0
0.657,0.669,-5.847,0,0.0304,0.55,0.254,0.611,146.04,118656.0,4,32.0
0.488,0.341,-8.582,1,0.0302,0.726,0.263,0.142,120.93,5.06045,4,50.0
0.595,0.473,-9.828,1,0.0347,0.702,0.0725,0.716,204.016,4.154883333,4,57.0
0.715,0.461,-14.473,1,0.0394,0.124,0.0662,0.775,139.291,2.419333333,4,48.0
0.281,0.941,-4.448,0,0.115,6.8e-06,0.346,0.553,140.048,172572.0,4,53.0
0.47,0.862,-5.494,0,0.112,0.00504,0.059,0.473,162.226,222836.0,4,47.0
0.531,0.826,-5.13,1,0.0391,0.00386,0.48,0.455,90.035,201847.0,4,36.0
0.581,0.333,-14.209,1,0.032,0.944,0.332,0.488,94.197,206800.0,3,41.0
0.523,0.684,-5.449,1,0.0374,0.00448,0.0822,0.693,136.983,193390.0,4,34.0
0.429,0.317,-11.322,1,0.0292,0.927,0.116,0.302,102.109,3.51845,3,41.0
0.366,0.825,-8.324,1,0.0622,0.00031,0.327,0.769,174.027,206619.0,4,39.0
0.518,0.53,-8.325,0,0.0309,0.442,0.0927,0.131,80.015,4.31605,4,15.0
0.665,0.766,-9.454,0,0.0505,0.0492,0.113,0.905,73.683,219307.0,4,61.0
0.409,0.488,-7.186,1,0.0337,0.299,0.107,0.181,67.314,4.03155,4,1.0
0.547,0.764,-6.804,1,0.595,0.42,0.222,0.551,182.956,228760.0,4,1.0
0.794,0.613,-8.711,1,0.0295,0.329,0.0764,0.823,110.738,243893.0,4,51.0
0.488,0.71,-5.846,1,0.0302,0.0169,0.139,0.634,113.704,238400.0,4,31.0
0.421,0.0867,-18.732,1,0.037,0.871,0.115,0.07,95.438,4.422,4,40.0
0.555,0.977,-5.083,1,0.155,0.00103,0.617,0.509,113.651,241240.0,4,45.0
0.75,0.596,-8.594,1,0.106,0.132,0.124,0.334,102.021,207059.0,4,49.0
0.71,0.844,-4.766,0,0.0296,0.0117,0.338,0.826,123.998,3.06245,4,33.0
0.767,0.444,-9.006,1,0.0325,0.0432,0.202,0.572,95.019,164640.0,4,39.0
0.554,0.727,-8.132,1,0.0264,0.285,0.267,0.582,97.47,369400.0,4,31.0
0.428,0.909,-3.961,0,0.0381,0.0565,0.0668,0.435,81.745,4.197116667,4,39.0
0.323,0.947,-4.234,0,0.0912,0.000102,0.272,0.311,166.98,245053.0,4,51.0
0.643,0.175,-13.24,1,0.0496,0.986,0.299,0.721,100.521,197146.0,4,33.0
0.541,0.674,-9.291,1,0.112,0.761,0.111,0.572,145.952,163387.0,4,7.0
0.736,0.454,-9.339,1,0.0266,0.0746,0.339,0.396,113.994,195707.0,4,52.0
0.561,0.393,-10.728,1,0.0369,0.867,0.121,0.166,121.792,189507.0,4,54.0
0.565,0.587,-7.393,0,0.0317,0.0573,0.0416,0.966,147.462,198467.0,4,66.0
0.528,0.909,-6.95,1,0.0438,3e-05,0.376,0.823,147.988,153960.0,4,42.0
0.715,0.544,-7.659,1,0.0377,0.484,0.0731,0.87,116.308,133133.0,4,19.0
0.489,0.892,-4.757,0,0.0786,0.000369,0.411,0.598,137.93,160886.0,4,65.0
0.668,0.921,-3.727,1,0.0439,0.0492,0.0877,0.782,120.0,212440.0,4,76.0
0.459,0.926,-3.415,1,0.155,0.0239,0.183,0.569,151.534,243453.0,4,65.0
0.489,0.183,-14.769,1,0.0333,0.907,0.106,0.487,79.682,212400.0,4,56.0
0.489,0.0923,-19.022,1,0.047,0.981,0.109,0.156,118.482,3.30735,3,45.0
0.498,0.836,-5.224,0,0.0669,0.158,0.971,0.279,144.882,3.551133333,4,53.0
0.468,0.839,-7.39,1,0.0365,0.459,0.151,0.935,151.842,242027.0,4,57.0
0.493,0.986,-2.279,1,0.0917,0.000967,0.123,0.567,122.036,186307.0,4,37.0
0.483,0.666,-6.612,0,0.0342,0.611,0.104,0.421,90.181,233840.0,3,30.0
0.648,0.651,-13.139,1,0.0449,0.741,0.122,0.961,112.125,185773.0,4,30.0
0.531,0.801,-6.618,0,0.0631,0.152,0.126,0.681,172.906,183645.0,4,30.0
0.754,0.401,-11.248,1,0.0595,0.00507,0.392,0.0707,127.989,188976.0,4,32.0
0.582,0.829,-5.688,1,0.0465,0.000517,0.266,0.867,130.969,197800.0,4,65.0
0.579,0.66,-9.192,0,0.0393,0.369,0.222,0.437,155.975,172729.0,4,43.0
0.493,0.4,-8.117,1,0.0261,0.0425,0.133,0.15,91.004,3.43681667,4,60.0
0.619,0.45,-11.965,0,0.515,0.433,0.513,0.41,179.755,194000.0,4,75.0
0.537,0.791,-7.051,1,0.145,0.122,0.205,0.889,142.354,255040.0,4,49.0
0.31,0.887,-7.527,1,0.0856,0.00158,0.937,0.427,144.667,922506.0,4,31.0
0.387,0.161,-19.579,1,0.0378,0.918,0.126,0.113,120.384,4.540366667,4,49.0
0.553,0.95,-3.516,1,0.111,0.292,0.984,0.285,101.183,3.654,4,36.0
0.7,0.533,-8.48,0,0.502,0.331,0.147,0.281,81.743,189933.0,4,55.0
0.767,0.753,-5.438,0,0.27,0.0639,0.0852,0.646,84.972,120000.0,4,63.0
0.505,0.916,-5.882,1,0.037,0.000164,0.197,0.271,98.986,215707.0,4,43.0
0.354,0.293,-8.547,1,0.0505,0.91,0.22,0.0431,81.248,283173.0,5,47.0
0.398,0.667,-6.956,0,0.0412,0.00147,0.203,0.229,105.029,331016.0,3,26.0
0.512,0.113,-14.304,1,0.0294,0.88,0.122,0.199,131.61,183116.0,4,45.0
0.503,0.759,-4.124,1,0.0332,0.0273,0.112,0.257,141.959,3.734666667,4,48.0
0.558,0.977,-5.082,1,0.211,0.000618,0.316,0.473,167.984,190031.0,4,36.0
0.692,0.833,-3.974,1,0.0492,0.000136,0.515,0.692,96.814,246320.0,4,71.0
0.679,0.924,-8.469,1,0.0461,0.000828,0.0952,0.202,126.988,257176.0,4,49.0
0.43,0.704,-8.008,0,0.0804,0.000155,0.0933,0.703,118.242,315120.0,4,73.0
0.529,0.586,-9.165,1,0.025,0.189,0.0649,0.422,143.982,277533.0,4,49.0
0.447,0.568,-9.172,1,0.0423,0.473,0.0824,0.309,117.561,218188.0,4,44.0
0.438,0.947,-3.481,1,0.148,0.000927,0.355,0.368,174.007,209040.0,4,44.0
0.569,0.864,-5.697,1,0.0862,0.0614,0.353,0.318,90.08,248387.0,4,58.0
0.928,0.437,-7.081,0,0.127,0.144,0.147,0.496,100.056,212613.0,4,65.0
0.185,0.75,-7.022,0,0.0354,0.0542,0.156,0.196,92.839,318560.0,4,27.0
0.279,0.806,-4.714,0,0.0448,0.00499,0.116,0.132,149.463,478133.0,3,57.0
0.589,0.762,-7.031,1,0.0391,0.00945,0.0517,0.688,174.038,236200.0,4,38.0
0.847,0.545,-7.405,1,0.0699,0.00143,0.104,0.226,139.999,261930.0,4,11.0
0.383,0.855,-7.957,1,0.0813,0.694,0.27,0.666,104.51,6.716883333,4,22.0
0.731,0.719,-9.163,0,0.0498,0.0222,0.104,0.134,119.984,226000.0,4,42.0
0.179,0.978,-3.128,0,0.124,2.73e-06,0.283,0.0393,134.975,554893.0,4,31.0
0.509,0.935,-5.26,1,0.0805,0.021,0.133,0.823,165.003,149065.0,4,24.0
0.648,0.664,-6.617,0,0.164,0.25,0.33,0.484,127.917,3.806883333,4,48.0
0.492,0.553,-8.6,1,0.0397,0.406,0.163,0.431,125.936,167200.0,4,38.0
0.306,0.0632,-25.363,0,0.0363,0.917,0.105,0.0308,101.071,173457.0,1,30.0
0.835,0.699,-5.405,0,0.277,0.00671,0.195,0.547,154.981,202795.0,4,77.0
0.764,0.601,-8.287,0,0.0421,0.0353,0.335,0.622,105.994,187607.0,4,22.0
0.527,0.884,-10.869,1,0.0522,0.00378,0.1,0.78,130.982,239800.0,4,34.0
0.723,0.829,-6.133,0,0.103,0.797,0.136,0.8,96.96,152042.0,4,54.0
0.612,0.921,-2.882,1,0.085,0.0183,0.0576,0.446,139.988,202173.0,4,72.0
0.466,0.833,-4.215,1,0.304,0.0266,0.0327,0.661,88.785,313573.0,4,79.0
0.578,0.713,-6.868,1,0.0578,0.184,0.102,0.741,140.72,202733.0,4,46.0
0.867,0.596,-4.851,0,0.0463,0.117,0.061,0.646,125.984,233960.0,4,50.0
0.346,0.359,-11.443,0,0.0323,0.671,0.141,0.222,133.374,265760.0,3,14.0
0.45,0.722,-5.143,1,0.0345,0.342,0.114,0.373,159.947,273453.0,4,23.0
0.727,0.665,-6.453,1,0.0352,0.653,0.349,0.912,114.979,150333.0,4,47.0
0.309,0.745,-7.952,0,0.0383,0.0655,0.113,0.469,189.335,197810.0,4,20.0
0.599,0.708,-5.567,1,0.0736,0.106,0.1,0.628,96.122,4.666666667,4,34.0
0.231,0.792,-5.511,1,0.0541,9.67e-06,0.063,0.399,169.818,189800.0,4,46.0
0.555,0.35,-10.955,0,0.0503,0.791,0.11,0.404,77.772,209813.0,4,66.0
0.529,0.0723,-17.889,1,0.0627,0.991,0.112,0.276,107.122,2.96725,4,47.0
0.333,0.714,-7.126,1,0.0862,0.00382,0.174,0.606,202.152,192000.0,4,33.0
0.622,0.883,-5.133,0,0.234,0.116,0.204,0.698,103.969,272440.0,4,30.0
0.77,0.618,-7.877,1,0.251,0.434,0.105,0.768,101.043,123564.0,4,38.0
0.432,0.884,-6.659,1,0.13,0.0127,0.166,0.624,108.948,166707.0,4,74.0
0.625,0.473,-7.115,1,0.0495,0.47,0.31,0.555,91.606,180880.0,4,46.0
0.568,0.698,-4.733,1,0.0436,0.0459,0.095,0.872,164.371,2.474,4,50.0
0.676,0.798,-6.705,1,0.0294,0.0599,0.329,0.848,132.092,219507.0,4,41.0
0.74,0.69,-6.242,1,0.163,0.264,0.16,0.449,110.009,193280.0,4,53.0
0.467,0.324,-11.487,1,0.0309,0.761,0.122,0.445,100.89,244867.0,4,46.0
0.854,0.578,-8.786,0,0.053,0.143,0.0732,0.891,136.019,158988.0,4,40.0
0.587,0.947,-3.578,1,0.108,0.09,0.209,0.528,116.072,196080.0,4,26.0
0.273,0.952,-8.762,1,0.0843,0.0169,0.142,0.472,100.271,405640.0,4,78.0
0.624,0.91,-5.703,1,0.0297,0.0285,0.0789,0.767,104.042,193051.0,4,72.0
0.829,0.747,-6.186,1,0.0367,0.412,0.069,0.581,124.014,216774.0,4,45.0
0.433,0.752,-8.365,1,0.113,0.0116,0.59,0.362,122.901,254840.0,4,55.0
0.532,0.678,-5.59,1,0.19,0.673,0.103,0.971,205.973,126680.0,4,48.0
0.654,0.684,-5.781,0,0.0493,0.176,0.114,0.49,137.792,205200.0,4,37.0
0.387,0.169,-16.769,0,0.0353,0.95,0.0967,0.189,95.746,2.95435,4,43.0
0.696,0.621,-5.716,1,0.0793,0.00504,0.143,0.544,98.797,193573.0,4,52.0
0.601,0.657,-8.673,0,0.0274,0.362,0.156,0.288,125.0,293026.0,4,34.0
0.328,0.966,-3.516,1,0.114,1.42e-05,0.159,0.303,82.477,187447.0,4,34.0
0.43,0.954,-4.541,1,0.105,0.261,0.155,0.79,135.96,153160.0,4,50.0
0.695,0.876,-4.262,0,0.0553,0.000996,0.106,0.941,89.954,279213.0,4,76.0
0.149,0.694,-5.702,1,0.0397,0.0425,0.214,0.341,203.595,236253.0,4,31.0
0.68,0.659,-7.186,1,0.151,0.229,0.474,0.75,98.877,114460.0,4,70.0
0.149,0.908,-7.941,0,0.0862,1.71e-05,0.0713,0.147,143.237,471280.0,3,40.0
0.739,0.535,-9.687,0,0.112,0.476,0.288,0.767,119.998,200000.0,4,11.0
0.703,0.781,-5.536,1,0.0262,0.262,0.155,0.845,100.909,166229.0,4,51.0
0.63,0.968,-3.532,1,0.0381,0.0316,0.0738,0.529,112.53,240907.0,4,48.0
0.484,0.471,-8.467,0,0.0327,0.237,0.144,0.153,147.912,218000.0,4,35.0
0.441,0.532,-13.569,1,0.0333,3.4e-05,0.252,0.408,103.67,264533.0,4,24.0
0.653,0.598,-7.498,1,0.0309,0.673,0.135,0.714,95.979,227627.0,4,38.0
0.476,0.458,-17.361,1,0.0428,0.00107,0.112,0.274,115.704,232542.0,4,21.0
0.089,0.195,-18.349,1,0.0441,0.393,0.22,0.0391,86.266,5.111466667,3,29.0
0.604,0.939,-3.405,1,0.0455,0.00059,0.185,0.915,127.812,234520.0,4,35.0
0.659,0.122,-12.573,1,0.0325,0.911,0.0724,0.181,92.521,4.26126667,4,43.0
0.873,0.516,-11.038,0,0.273,0.434,0.125,0.478,126.046,217136.0,4,52.0
0.45,0.467,-10.927,1,0.131,0.981,0.165,0.666,94.275,5.288216667,1,2.0
0.1,0.0463,-24.053,0,0.0474,0.912,0.11,0.097,176.625,6.416666667,5,29.0
0.458,0.456,-10.638,0,0.0389,0.271,0.0975,0.695,96.615,185639.0,4,21.0
0.578,0.0971,-23.47,0,0.0528,0.942,0.104,0.699,104.854,119907.0,4,26.0
0.626,0.151,-14.35,0,0.0465,0.909,0.0944,0.157,135.896,222172.0,4,25.0
0.855,0.488,-4.601,1,0.208,0.506,0.347,0.619,124.097,2.904216667,4,89.0
0.391,0.473,-11.881,0,0.0417,0.427,0.175,0.539,168.322,200000.0,4,25.0
0.489,0.373,-16.98,1,0.0322,0.482,0.0955,0.516,107.039,233200.0,4,54.0
0.356,0.917,-6.006,1,0.0479,0.0335,0.406,0.518,171.176,357267.0,4,79.0
0.357,0.262,-14.165,0,0.043,0.974,0.113,0.349,83.189,5.0176,4,40.0
0.835,0.914,-3.396,1,0.177,0.179,0.0802,0.921,160.003,193120.0,4,24.0
0.542,0.828,-3.91,0,0.0536,0.00175,0.06,0.785,126.037,194626.0,4,55.0
0.796,0.715,-4.816,1,0.0357,0.0043,0.0799,0.83,117.972,170520.0,4,48.0
0.328,0.32,-10.282,1,0.035,0.324,0.234,0.259,111.453,344693.0,4,67.0
0.4,0.754,-3.899,1,0.0348,0.0186,0.316,0.231,160.031,3.610883333,4,54.0
0.715,0.238,-21.114,1,0.0317,0.579,0.138,0.486,108.131,4.193333333,4,48.0
0.432,0.988,-4.219,0,0.159,5.6e-05,0.373,0.106,130.035,234048.0,4,28.0
0.734,0.422,-11.116,1,0.0499,0.608,0.119,0.446,117.022,194140.0,4,45.0
0.636,0.709,-13.034,1,0.0273,0.0255,0.18,0.886,130.0,286827.0,4,28.0
0.501,0.449,-6.04,0,0.0349,0.859,0.0643,0.658,112.805,4.554883333,4,3.0
0.353,0.148,-13.108,1,0.0421,0.934,0.112,0.297,88.203,3.0758,5,61.0
0.752,0.67,-12.413,1,0.0289,0.139,0.0826,0.675,115.941,130520.0,4,44.0
0.281,0.0985,-19.559,1,0.0385,0.986,0.114,0.0382,100.903,228676.0,4,48.0
0.415,0.954,-1.404,0,0.371,0.271,0.162,0.806,175.002,197617.0,5,31.0
0.24,0.938,-2.384,1,0.0837,0.00144,0.0987,0.482,176.867,252253.0,4,28.0
0.535,0.865,-5.669,0,0.053,4.77e-05,0.149,0.218,96.535,232850.0,4,35.0
0.715,0.536,-10.498,1,0.0285,0.664,0.277,0.684,118.091,182640.0,4,52.0
0.753,0.869,-4.09,0,0.0338,0.00164,0.155,0.703,109.563,182093.0,4,46.0
0.498,0.748,-5.826,0,0.0464,5.45e-05,0.0643,0.514,137.113,216350.0,4,39.0
0.458,0.914,-4.141,0,0.0339,0.00126,0.316,0.776,135.958,164080.0,4,32.0
0.754,0.449,-14.013,1,0.0615,0.724,0.162,0.973,82.751,211880.0,4,69.0
0.425,0.548,-9.819,1,0.0439,0.227,0.108,0.112,92.635,489429.0,4,30.0
0.748,0.596,-5.49,1,0.0431,0.0262,0.0592,0.449,130.066,203060.0,4,34.0
0.395,0.301,-13.153,1,0.0329,0.935,0.972,0.296,128.181,5.11955,4,43.0
0.49,0.794,-4.288,1,0.102,0.00051,0.297,0.478,120.037,221627.0,4,45.0
0.561,0.307,-15.904,1,0.0521,0.978,0.154,0.642,125.147,5.100433333,4,13.0
0.789,0.756,-4.677,0,0.0563,0.116,0.0767,0.649,118.931,232053.0,4,15.0
0.434,0.599,-11.966,0,0.0734,0.00189,0.0929,0.436,109.188,436630.0,5,33.0
0.386,0.713,-9.186,1,0.0427,0.0919,0.276,0.11,135.844,428427.0,4,42.0
0.669,0.673,-12.698,1,0.551,0.647,0.527,0.902,105.577,302933.0,4,23.0
0.618,0.587,-5.585,1,0.0277,0.514,0.361,0.737,128.991,176320.0,4,33.0
0.613,0.868,-5.016,0,0.0466,0.057,0.18,0.571,121.972,262798.0,4,58.0
0.427,0.201,-13.044,1,0.0317,0.745,0.109,0.0668,105.218,232147.0,4,65.0
0.886,0.722,-5.185,0,0.198,0.0183,0.0826,0.51,144.042,227912.0,4,68.0
0.681,0.802,-7.097,0,0.0371,0.226,0.359,0.625,89.989,219500.0,4,34.0
0.515,0.954,-4.247,1,0.0631,3.39e-05,0.293,0.308,130.038,304973.0,4,39.0
0.478,0.98,-2.591,0,0.0542,0.000255,0.332,0.911,150.968,191253.0,4,37.0
0.664,0.313,-14.812,0,0.0489,0.93,0.117,0.68,144.129,5.010883333,4,39.0
0.562,0.973,-4.995,0,0.0515,8.69e-05,0.497,0.768,140.009,190393.0,4,38.0
0.525,0.902,-8.662,1,0.0368,0.000989,0.137,0.907,146.83,204621.0,4,60.0
0.41,0.447,-9.028,1,0.0594,0.865,0.108,0.725,207.469,264933.0,4,17.0
0.466,0.549,-7.54,1,0.0344,0.602,0.213,0.547,79.438,222240.0,4,51.0
0.454,0.822,-12.795,1,0.0669,0.031,0.0449,0.79,171.713,400800.0,4,7.0
0.353,0.939,-5.241,1,0.0805,0.00423,0.405,0.154,145.592,224800.0,4,34.0
0.583,0.931,-4.975,0,0.125,0.0174,0.405,0.319,127.034,190360.0,4,54.0
0.645,0.188,-19.37,1,0.0377,0.546,0.0952,0.0748,119.999,416333.0,4,49.0
0.677,0.696,-6.181,1,0.119,0.321,0.42,0.464,90.03,3.30136667,4,95.0
0.507,0.99,-3.517,0,0.121,2.28e-05,0.347,0.28,135.053,213087.0,4,45.0
0.659,0.893,-4.817,0,0.0317,0.318,0.188,0.702,112.994,233360.0,4,34.0
0.558,0.982,-2.99,0,0.117,0.00171,0.334,0.202,119.977,196000.0,4,36.0
0.564,0.774,-9.424,1,0.0368,0.0135,0.0861,0.657,100.894,277477.0,4,79.0
0.55,0.722,-11.729,0,0.0283,0.25,0.11,0.716,103.886,434720.0,4,74.0
0.465,0.957,-5.959,0,0.081,0.000111,0.254,0.309,113.075,272267.0,4,51.0
0.643,0.756,-5.8,0,0.0305,0.0215,0.101,0.934,90.001,3.290883333,4,72.0
0.879,0.423,-10.511,1,0.257,0.0133,0.155,0.586,99.737,241533.0,4,46.0
0.342,0.938,-6.368,1,0.0325,0.0187,0.272,0.757,145.547,277808.0,4,51.0
0.687,0.58,-10.354,0,0.055,0.628,0.206,0.964,129.415,162587.0,4,22.0
0.577,0.881,-5.961,1,0.039,0.291,0.103,0.721,108.036,226944.0,4,28.0
0.292,0.527,-8.541,0,0.038,0.391,0.37,0.255,192.951,293773.0,3,30.0
0.467,0.853,-6.661,1,0.0377,0.00731,0.354,0.236,110.953,266800.0,4,51.0
0.529,0.861,-10.581,1,0.0784,0.292,0.314,0.387,96.52,142507.0,4,46.0
0.477,0.721,-5.342,0,0.0274,0.00663,0.113,0.137,85.986,238373.0,4,26.0
0.516,0.374,-10.388,0,0.0341,0.915,0.111,0.769,145.449,398027.0,5,38.0
0.669,0.932,-5.19,1,0.0404,0.0761,0.191,0.835,119.986,184132.0,4,2.0
0.43,0.968,-6.34,1,0.134,0.000619,0.491,0.239,142.928,127807.0,4,6.0
0.468,0.928,-5.931,0,0.0921,0.000108,0.171,0.375,112.531,210920.0,3,46.0
0.698,0.708,-4.943,0,0.0454,0.0251,0.124,0.322,115.036,122174.0,4,74.0
0.709,0.692,-7.365,1,0.0362,0.126,0.0695,0.645,94.013,165133.0,4,36.0
0.637,0.929,-3.593,1,0.0491,0.00167,0.344,0.902,80.974,147351.0,4,86.0
0.67,0.486,-7.456,1,0.0352,0.325,0.0985,0.373,107.988,167459.0,4,51.0
0.598,0.76,-5.822,0,0.0295,0.0107,0.343,0.164,120.488,228547.0,4,47.0
0.346,0.335,-12.453,1,0.0339,0.575,0.185,0.213,84.204,478173.0,4,67.0
0.367,0.299,-14.557,1,0.0597,0.941,0.423,0.383,147.363,5.34555,3,44.0
0.766,0.601,-8.633,0,0.372,0.288,0.131,0.559,144.883,140360.0,4,56.0
0.434,0.866,-8.033,0,0.038,0.154,0.95,0.701,126.279,1019625.0,4,39.0
0.539,0.582,-7.414,1,0.0328,0.00818,0.15,0.245,95.07,224907.0,4,47.0
0.323,0.932,-4.794,0,0.122,6.66e-05,0.147,0.153,160.102,316520.0,4,33.0
0.773,0.33,-11.197,0,0.117,0.334,0.113,0.237,105.042,208000.0,4,43.0
0.522,0.878,-3.775,0,0.0583,0.0032,0.372,0.161,89.995,293286.0,4,45.0
0.442,0.696,-6.768,1,0.0328,0.00384,0.163,0.0778,172.048,5.169116667,4,28.0
0.602,0.477,-8.425,1,0.032,0.268,0.173,0.552,183.89,3.558216667,4,75.0
0.799,0.608,-8.193,1,0.0411,0.0811,0.102,0.963,121.915,223253.0,4,66.0
0.537,0.376,-14.131,0,0.0318,0.96,0.0607,0.234,160.002,378118.0,4,47.0
0.619,0.697,-6.167,1,0.0813,0.618,0.241,0.961,131.123,177367.0,4,42.0
0.667,0.643,-7.465,1,0.0416,0.00866,0.0941,0.838,153.976,162867.0,4,41.0
0.645,0.378,-11.946,0,0.0508,0.599,0.0958,0.587,129.977,180923.0,4,1.0
0.476,0.994,-5.142,1,0.126,2.44e-06,0.798,0.14,121.922,256213.0,4,31.0
0.717,0.455,-8.303,1,0.0276,0.0846,0.11,0.389,127.812,200733.0,4,78.0
0.601,0.506,-14.175,1,0.0345,0.744,0.113,0.936,139.362,213693.0,4,30.0
0.686,0.603,-7.358,0,0.102,0.421,0.0936,0.522,90.02,163044.0,4,36.0
0.803,0.664,-6.89,0,0.0382,0.116,0.0978,0.593,115.022,207228.0,4,53.0
0.658,0.667,-4.537,0,0.0475,0.0367,0.0752,0.717,120.032,177139.0,4,58.0
0.289,0.932,-4.792,1,0.0574,2.31e-05,0.088,0.512,101.731,285773.0,4,22.0
0.512,0.879,-3.352,1,0.033,0.0035,0.367,0.738,141.975,226653.0,4,37.0
0.806,0.69,-11.08,1,0.267,0.146,0.071,0.798,130.03,226840.0,4,38.0
0.854,0.538,-7.592,0,0.0432,0.281,0.123,0.628,126.02,122500.0,4,41.0
0.66,0.154,-16.855,1,0.0429,0.935,0.0892,0.128,96.226,4.434333333,4,38.0
0.123,0.0372,-28.639,0,0.0392,0.859,0.106,0.0466,82.023,247120.0,4,51.0
0.551,0.918,-5.205,1,0.0642,0.015,0.093,0.6,170.399,231720.0,4,47.0
0.598,0.466,-9.321,0,0.544,0.00716,0.104,0.593,155.16,226323.0,4,17.0
0.568,0.453,-7.453,1,0.0258,0.626,0.135,0.224,134.996,271420.0,4,62.0
0.383,0.703,-5.65,0,0.0763,0.00116,0.112,0.42,135.968,212360.0,1,56.0
0.49,0.965,-6.039,0,0.102,4.75e-06,0.873,0.0492,120.023,258000.0,4,23.0
0.543,0.937,-4.608,1,0.073,0.000206,0.112,0.626,124.056,286975.0,4,38.0
0.816,0.742,-3.531,1,0.0909,0.393,0.0865,0.814,94.472,187027.0,4,30.0
0.426,0.787,-6.053,1,0.0408,0.000279,0.0614,0.477,138.19,218720.0,4,37.0
0.767,0.374,-10.12,0,0.148,0.219,0.099,0.565,91.024,194500.0,4,37.0
0.506,0.87,-5.05,1,0.0626,0.172,0.132,0.304,90.12,204627.0,4,41.0
0.232,0.963,-3.295,0,0.131,5.57e-05,0.327,0.236,165.431,166902.0,4,26.0
0.673,0.62,-10.25,1,0.0362,0.426,0.147,0.599,128.025,23.29155,4,23.0
0.56,0.867,-3.978,1,0.049,0.00275,0.0901,0.567,93.503,166712.0,4,52.0
0.676,0.648,-6.456,1,0.0294,0.00703,0.113,0.889,115.964,302640.0,4,40.0
0.599,0.535,-10.522,1,0.0339,0.867,0.741,0.835,117.59,3.17955,4,41.0
0.346,0.944,-9.874,1,0.0485,4.16e-05,0.0546,0.403,179.63,147036.0,4,86.0
0.615,0.616,-10.39,0,0.133,0.0399,0.348,0.836,170.776,235000.0,4,66.0
0.534,0.792,-4.512,1,0.0677,0.39,0.191,0.477,145.881,203627.0,4,61.0
0.429,0.668,-7.539,0,0.044,0.208,0.538,0.398,77.737,211067.0,4,64.0
0.545,0.753,-4.618,0,0.036,0.0417,0.389,0.434,105.754,282947.0,4,72.0
0.626,0.425,-7.753,0,0.0349,0.305,0.273,0.216,135.342,252907.0,4,31.0
0.402,0.971,-2.593,1,0.0631,0.000662,0.19,0.299,169.998,315693.0,4,39.0
0.295,0.839,-8.005,1,0.0568,0.0094,0.741,0.497,126.062,232389.0,4,27.0
0.173,0.811,-11.903,1,0.0809,0.000111,0.403,0.205,120.177,195613.0,4,42.0
0.655,0.806,-6.493,1,0.0335,0.027,0.28,0.702,119.029,133667.0,4,53.0
0.62,0.171,-18.73,1,0.0613,0.993,0.111,0.922,80.983,156333.0,4,16.0
0.615,0.77,-6.094,0,0.108,0.595,0.197,0.826,175.746,162274.0,4,36.0
0.462,0.84,-6.667,1,0.0346,5.05e-05,0.0893,0.805,75.542,246440.0,4,58.0
0.394,0.517,-11.817,1,0.0714,0.362,0.129,0.646,157.333,5.367783333,3,43.0
0.572,0.735,-6.042,1,0.0266,0.00183,0.0765,0.599,135.173,273867.0,4,45.0
0.247,0.869,-8.382,1,0.0542,0.0104,0.0954,0.601,175.26,255327.0,4,55.0
0.854,0.69,-5.965,1,0.114,0.0229,0.325,0.469,101.028,196928.0,4,35.0
0.625,0.801,-5.119,0,0.062,0.209,0.171,0.667,128.103,232334.0,4,46.0
0.552,0.888,-2.714,1,0.0454,4.51e-05,0.0637,0.62,111.067,212440.0,4,46.0
0.654,0.901,-2.066,0,0.0504,0.0011,0.349,0.669,140.004,194943.0,4,9.0
0.513,0.806,-6.947,1,0.0582,0.0184,0.0976,0.299,109.332,341825.0,4,54.0
0.575,0.881,-13.012,1,0.0357,0.000117,0.147,0.699,132.127,223867.0,4,57.0
0.448,0.967,-6.563,0,0.0527,1.79e-05,0.31,0.494,99.977,190773.0,4,23.0
0.509,0.935,-5.26,1,0.0805,0.021,0.133,0.823,165.003,149065.0,4,24.0
0.203,0.978,-5.357,1,0.0754,4.56e-05,0.11,0.505,191.983,259827.0,4,35.0
0.68,0.888,-5.308,1,0.055,0.0527,0.0575,0.484,90.076,2.82645,4,65.0
0.26,0.837,-3.526,1,0.0455,0.00172,0.0604,0.486,185.972,121560.0,4,28.0
0.575,0.658,-5.893,0,0.0383,0.00132,0.0267,0.649,131.0,214187.0,4,39.0
0.912,0.415,-11.089,1,0.427,0.101,0.0898,0.558,100.072,137000.0,4,26.0
0.403,0.562,-10.429,1,0.0345,0.0437,0.966,0.311,138.289,5.732216667,4,38.0
0.502,0.753,-9.625,0,0.0395,0.142,0.0891,0.927,122.656,367533.0,4,45.0
0.488,0.721,-9.141,1,0.0617,0.309,0.437,0.786,125.94,259444.0,4,50.0
0.672,0.809,-5.704,1,0.0595,0.325,0.336,0.88,133.036,191027.0,4,46.0
0.828,0.503,-8.358,1,0.0865,0.0609,0.0742,0.589,124.008,219961.0,4,43.0
0.408,0.885,-9.635,1,0.149,0.000456,0.278,0.231,134.524,299600.0,4,40.0
0.759,0.605,-7.737,1,0.0433,0.156,0.694,0.64,121.049,158900.0,4,77.0
0.533,0.907,-3.793,1,0.0406,0.0292,0.386,0.7,150.99,3.052666667,4,75.0
0.287,0.295,-16.682,0,0.0344,0.0643,0.149,0.152,170.145,379205.0,3,32.0
0.631,0.804,-5.492,1,0.166,0.00589,0.16,0.671,79.898,297267.0,4,65.0
0.358,0.53,-10.964,1,0.0369,0.00652,0.13,0.489,127.064,500627.0,3,32.0
0.319,0.771,-5.824,1,0.0456,0.000142,0.0996,0.187,97.959,259218.0,4,45.0
0.545,0.797,-6.527,0,0.0888,0.687,0.138,0.861,94.17,6.18,4,35.0
0.44,0.975,-5.619,1,0.0803,3.1e-05,0.405,0.125,84.037,257493.0,4,48.0
0.493,0.856,-6.686,1,0.0556,0.0277,0.258,0.818,159.641,194867.0,4,32.0
0.85,0.751,-3.524,0,0.294,0.124,0.0859,0.733,100.021,134587.0,4,18.0
0.676,0.525,-5.88,1,0.028,0.617,0.356,0.421,112.011,210000.0,4,78.0
0.431,0.676,-11.493,0,0.0293,0.000391,0.36,0.199,128.449,313693.0,4,22.0
0.527,0.419,-6.613,1,0.0303,0.327,0.193,0.243,145.746,219022.0,3,44.0
0.392,0.524,-8.153,0,0.0273,0.512,0.144,0.24,108.75,208360.0,4,31.0
0.712,0.71,-5.401,0,0.0267,0.0277,0.257,0.782,119.996,167733.0,4,61.0
0.664,0.724,-5.457,1,0.116,0.171,0.13,0.697,144.052,187040.0,4,78.0
0.569,0.913,-3.237,1,0.0335,0.000905,0.123,0.713,144.017,196513.0,4,33.0
0.838,0.587,-6.604,0,0.134,0.208,0.199,0.535,75.485,146114.0,4,58.0
0.76,0.647,-5.353,0,0.117,0.0982,0.31,0.893,118.988,142209.0,4,48.0
0.399,0.728,-6.121,1,0.0671,0.0164,0.95,0.504,111.808,382200.0,3,39.0
0.706,0.574,-9.529,1,0.066,0.362,0.207,0.24,137.972,126957.0,4,15.0
0.68,0.678,-11.548,1,0.0754,0.103,0.204,0.251,131.165,252773.0,4,71.0
0.689,0.687,-7.832,1,0.0361,0.0674,0.0933,0.247,109.98,237230.0,4,66.0
0.464,0.813,-6.185,1,0.0416,0.0153,0.254,0.515,75.977,3.708883333,4,75.0
0.674,0.318,-6.825,1,0.0281,0.98,0.11,0.189,91.257,267790.0,4,42.0
0.412,0.132,-19.782,0,0.0428,0.979,0.138,0.244,180.578,2.303816667,3,51.0
0.551,0.81,-4.365,1,0.0344,0.0155,0.169,0.332,73.464,274333.0,4,63.0
0.663,0.421,-10.572,0,0.0346,0.781,0.109,0.399,123.411,195121.0,4,27.0
0.624,0.645,-6.272,1,0.0421,0.189,0.0888,0.658,109.992,190040.0,4,36.0
0.352,0.744,-11.598,1,0.0796,0.00556,0.366,0.775,86.978,204741.0,4,32.0
0.387,0.0942,-18.355,0,0.0657,0.99,0.111,0.0699,137.227,2.57925,4,47.0
0.594,0.368,-11.504,1,0.024,0.207,0.0811,0.297,98.358,4.188216667,4,44.0
0.44,0.576,-10.884,1,0.0636,0.808,0.316,0.693,133.83,2.0266,3,7.0
0.448,0.418,-12.294,1,0.0602,0.555,0.108,0.485,174.735,225130.0,4,8.0
0.542,0.467,-7.453,0,0.0478,0.948,0.19,0.293,66.012,187333.0,3,35.0
0.422,0.943,-4.365,1,0.0954,0.074,0.105,0.845,165.764,182133.0,4,61.0
0.447,0.568,-9.172,1,0.0423,0.473,0.0824,0.309,117.561,218188.0,4,44.0
0.868,0.964,-3.72,1,0.111,0.0467,0.0708,0.868,98.913,312960.0,4,53.0
0.295,0.977,-7.086,1,0.088,0.00147,0.0887,0.353,168.672,176547.0,4,62.0
0.783,0.706,-7.544,1,0.0434,0.0493,0.158,0.96,141.021,185199.0,4,48.0
0.833,0.6,-8.478,0,0.274,0.202,0.0654,0.234,107.142,214960.0,4,39.0
0.461,0.0727,-23.646,1,0.0367,0.972,0.126,0.193,114.931,2.5296,4,60.0
0.562,0.729,-6.023,1,0.0381,0.168,0.598,0.0643,105.007,252293.0,4,50.0
0.433,0.814,-6.935,1,0.0751,3.38e-05,0.277,0.685,137.556,235600.0,4,13.0
0.438,0.383,-12.527,1,0.0322,0.655,0.127,0.322,83.823,3.5253,4,50.0
0.333,0.232,-14.605,1,0.0366,0.785,0.252,0.398,144.788,3.29,4,52.0
0.472,0.858,-5.814,1,0.0461,0.0036,0.234,0.552,160.05,175871.0,4,45.0
0.426,0.849,-5.232,1,0.0493,0.3,0.131,0.465,153.575,325976.0,4,33.0
0.618,0.662,-4.797,1,0.0262,0.0028,0.107,0.398,127.985,180187.0,4,55.0
0.638,0.377,-15.64,1,0.0341,0.572,0.102,0.778,81.911,3.326666667,4,50.0
0.514,0.755,-8.455,1,0.03,0.354,0.144,0.599,77.415,244187.0,4,66.0
0.591,0.454,-8.851,1,0.0317,0.636,0.0793,0.198,123.379,392800.0,4,60.0
0.772,0.278,-10.565,0,0.0333,0.846,0.097,0.297,104.988,204286.0,4,33.0
0.56,0.359,-10.14,1,0.0311,0.814,0.106,0.327,87.605,3.437333333,3,46.0
0.575,0.693,-12.873,0,0.0431,0.0968,0.106,0.449,102.052,5.719116667,4,31.0
0.387,0.959,-6.317,1,0.0415,0.138,0.567,0.666,118.175,85496.0,4,44.0
0.29,0.399,-10.696,0,0.0338,0.902,0.105,0.0965,128.37,184760.0,5,62.0
0.528,0.926,-5.29,0,0.0886,4.3e-05,0.0788,0.242,93.988,346760.0,4,44.0
0.558,0.615,-8.813,1,0.0309,0.000838,0.097,0.776,150.065,190650.0,4,32.0
0.6,0.761,-7.682,1,0.0568,0.000962,0.07,0.191,118.03,258187.0,4,56.0
0.49,0.432,-9.327,1,0.0298,0.639,0.104,0.367,153.753,225573.0,4,53.0
0.565,0.564,-10.044,1,0.0292,0.161,0.114,0.454,134.355,295533.0,4,80.0
0.403,0.689,-5.776,0,0.0347,0.0161,0.135,0.116,128.005,518216.0,4,35.0
0.545,0.365,-8.97,1,0.0396,0.136,0.201,0.233,150.125,210166.0,4,59.0
0.398,0.93,-6.76,1,0.0615,0.000854,0.0874,0.725,190.818,408173.0,4,70.0
0.751,0.703,-5.687,1,0.0287,0.368,0.196,0.907,97.931,185960.0,4,65.0
0.737,0.733,-6.41,1,0.231,0.138,0.319,0.357,92.966,243507.0,4,45.0
0.419,0.894,-5.223,0,0.068,0.0007,0.156,0.16,154.982,442907.0,4,29.0
0.803,0.861,-5.393,0,0.05,0.103,0.0801,0.899,110.528,327853.0,4,54.0
0.399,0.949,-2.948,1,0.0514,4.2e-05,0.34,0.456,128.048,180351.0,4,26.0
0.586,0.92,-3.969,0,0.104,0.00145,0.0119,0.706,93.038,224516.0,4,51.0
0.402,0.698,-8.452,0,0.0319,0.542,0.0949,0.0403,95.024,444307.0,4,34.0
0.593,0.651,-4.425,0,0.0508,0.000115,0.0655,0.345,86.085,152900.0,4,47.0
0.341,0.642,-8.132,1,0.035,0.0314,0.0892,0.391,187.797,302073.0,4,29.0
0.409,0.73,-11.394,0,0.0937,7.06e-05,0.33,0.717,105.827,202160.0,1,40.0
0.58,0.813,-5.621,1,0.0414,0.0386,0.0926,0.473,120.973,3.43245,4,73.0
0.535,0.816,-8.534,1,0.0286,0.044,0.117,0.726,105.635,192560.0,4,37.0
0.527,0.704,-7.632,1,0.0821,0.626,0.117,0.516,143.884,216004.0,4,55.0
0.62,0.501,-6.608,0,0.032,0.00159,0.337,0.353,75.005,210498.0,4,34.0
0.898,0.56,-8.891,1,0.117,0.00238,0.108,0.465,146.458,269067.0,4,47.0
0.589,0.219,-15.853,0,0.0534,0.986,0.104,0.256,83.159,3.517716667,1,28.0
0.808,0.532,-7.472,1,0.025,0.543,0.122,0.816,89.934,303920.0,4,59.0
0.804,0.493,-13.093,1,0.0533,0.0408,0.0532,0.322,112.002,369475.0,4,51.0
0.78,0.919,-4.751,1,0.156,0.0389,0.025,0.902,100.006,201667.0,4,47.0
0.652,0.709,-5.88,1,0.0355,0.396,0.28,0.772,148.192,192299.0,4,51.0
0.416,0.675,-6.109,1,0.0821,0.0504,0.265,0.389,140.129,3.84285,4,71.0
0.928,0.479,-7.626,0,0.112,0.177,0.314,0.3,139.978,178285.0,4,48.0
0.469,0.569,-10.072,1,0.19,0.0861,0.0872,0.0829,84.33,226508.0,4,27.0
0.402,0.873,-3.209,0,0.0586,0.00484,0.157,0.684,125.443,253667.0,4,67.0
0.816,0.891,-2.084,0,0.0605,0.154,0.378,0.412,124.998,169921.0,4,31.0
0.368,0.966,-6.984,1,0.073,0.248,0.529,0.323,122.243,93307.0,4,53.0
0.581,0.713,-8.043,0,0.442,0.43,0.133,0.652,89.472,211832.0,4,47.0
0.109,0.0721,-20.747,0,0.0392,0.113,0.112,0.0918,87.068,202707.0,3,16.0
0.542,0.905,-5.653,1,0.054,0.00172,0.136,0.374,153.398,203347.0,4,82.0
0.578,0.44,-14.644,1,0.111,0.123,0.145,0.439,85.213,3.35045,4,46.0
0.513,0.763,-7.425,0,0.057,0.0717,0.164,0.532,100.005,265665.0,4,43.0
0.464,0.955,-5.55,1,0.0556,0.000194,0.0954,0.312,124.993,277000.0,4,56.0
0.303,0.28,-12.697,1,0.0297,0.929,0.117,0.245,102.221,302253.0,4,49.0
0.835,0.523,-7.227,0,0.0459,0.00536,0.157,0.588,100.026,167613.0,4,52.0
0.314,0.311,-8.601,0,0.0333,0.871,0.12,0.175,122.424,239049.0,3,40.0
0.439,0.975,-3.798,1,0.13,0.000105,0.228,0.645,172.023,246827.0,4,43.0
0.714,0.614,-8.605,1,0.0386,0.192,0.35,0.771,107.529,196107.0,4,35.0
0.397,0.843,-4.37,0,0.0414,0.589,0.187,0.376,138.947,208600.0,4,38.0
0.607,0.695,-6.668,1,0.04,0.0113,0.482,0.551,84.94,209000.0,4,35.0
0.484,0.741,-5.298,1,0.0411,0.0228,0.31,0.137,85.076,222317.0,4,65.0
0.617,0.834,-5.84,1,0.048,0.136,0.356,0.811,125.04,196333.0,4,29.0
0.222,0.597,-10.924,1,0.056,0.265,0.411,0.251,80.654,1121253.0,3,45.0
0.679,0.608,-8.334,1,0.034,0.434,0.0942,0.735,111.803,246573.0,4,55.0
0.808,0.445,-8.134,1,0.0402,0.467,0.113,0.921,144.963,150621.0,4,49.0
0.665,0.709,-3.643,1,0.037,0.0371,0.323,0.841,100.001,205049.0,4,50.0
0.322,0.16,-17.288,0,0.0437,0.957,0.122,0.374,133.034,420761.0,5,12.0
0.487,0.923,-5.059,1,0.0399,0.143,0.273,0.963,159.295,242280.0,4,19.0
0.411,0.565,-7.166,1,0.0272,0.0146,0.313,0.301,76.984,250710.0,4,40.0
0.549,0.653,-7.47,1,0.0503,0.457,0.0969,0.287,121.348,187173.0,4,73.0
0.396,0.954,-5.249,0,0.116,0.000135,0.25,0.329,157.456,180097.0,4,49.0
0.702,0.54,-5.629,0,0.0469,0.0542,0.0807,0.21,102.067,2.763783333,4,36.0
0.542,0.923,-5.005,0,0.0975,0.011,0.0707,0.724,172.977,142760.0,4,49.0
0.715,0.18,-9.335,1,0.0433,0.736,0.127,0.242,123.087,178049.0,4,35.0
0.309,0.805,-6.696,1,0.103,1.3e-05,0.334,0.593,142.409,92613.0,4,32.0
0.162,0.429,-10.567,1,0.0309,0.785,0.176,0.0613,82.473,455524.0,4,28.0
0.603,0.946,-3.369,0,0.228,0.000335,0.0936,0.3,133.986,186520.0,4,40.0
0.748,0.746,-6.864,1,0.444,0.0182,0.714,0.774,202.157,158018.0,4,39.0
0.612,0.822,-6.418,1,0.0428,0.000719,0.14,0.686,128.018,226093.0,4,52.0
0.551,0.326,-13.131,0,0.035,0.347,0.104,0.235,135.017,176803.0,4,15.0
0.321,0.132,-11.515,1,0.0418,0.753,0.18,0.0355,103.709,359750.0,5,27.0
0.29,0.994,-5.428,0,0.0686,0.000558,0.415,0.0707,164.109,262280.0,4,30.0
0.43,0.823,-8.257,1,0.0396,0.0202,0.309,0.492,100.156,245413.0,4,24.0
0.491,0.494,-8.904,0,0.155,0.179,0.121,0.704,95.27,168750.0,3,47.0
0.785,0.65,-6.308,1,0.0343,0.182,0.234,0.844,99.984,153810.0,4,62.0
0.578,0.905,-3.582,1,0.107,0.00396,0.0614,0.541,128.052,153427.0,4,22.0
0.332,0.667,-5.992,1,0.0456,0.0308,0.225,0.378,114.892,220867.0,4,59.0
0.769,0.752,-5.164,0,0.102,0.11,0.181,0.431,98.018,158981.0,4,47.0
0.573,0.727,-7.616,1,0.0664,0.132,0.192,0.22,150.034,228858.0,4,57.0
0.529,0.0992,-20.324,0,0.0316,0.913,0.0967,0.0388,113.064,2.516316667,4,52.0
0.518,0.921,-5.131,0,0.0558,0.00133,0.463,0.634,149.043,220394.0,4,30.0
0.643,0.407,-7.36,1,0.102,0.613,0.147,0.47,143.786,187552.0,4,56.0
0.751,0.937,-4.436,0,0.108,0.0122,0.0639,0.662,111.029,3.564883333,4,51.0
0.607,0.905,-4.748,1,0.0427,0.00122,0.0624,0.533,141.984,231200.0,4,52.0
0.634,0.746,-8.574,1,0.0352,0.0601,0.103,0.513,134.048,217933.0,4,52.0
0.815,0.372,-12.814,1,0.0752,0.166,0.0767,0.293,101.684,3.62245,4,68.0
0.723,0.465,-7.554,1,0.0382,0.764,0.452,0.372,120.026,270720.0,4,43.0
0.555,0.694,-8.453,0,0.0426,0.101,0.123,0.602,127.423,482278.0,4,43.0
0.488,0.542,-9.295,1,0.0392,0.0178,0.227,0.819,138.071,252136.0,4,27.0
0.46,0.756,-9.251,0,0.0426,0.0371,0.645,0.552,152.059,237424.0,4,34.0
0.601,0.755,-5.528,1,0.0405,0.0575,0.347,0.508,180.02,225000.0,4,44.0
0.462,0.387,-7.401,1,0.0292,0.567,0.164,0.0428,122.698,261080.0,4,66.0
0.75,0.856,-5.802,1,0.0457,0.0778,0.117,0.94,130.034,181029.0,4,64.0
0.467,0.901,-4.024,0,0.0755,0.00045,0.411,0.223,91.979,206087.0,4,22.0
0.588,0.282,-6.676,1,0.0327,0.786,0.1,0.308,125.048,167973.0,4,43.0
0.495,0.96,-6.235,0,0.061,0.0281,0.111,0.182,172.808,248409.0,4,46.0
0.64,0.614,-7.428,0,0.0271,0.0161,0.0951,0.826,94.001,201525.0,4,50.0
0.572,0.236,-18.547,1,0.0389,0.764,0.333,0.0821,141.998,328000.0,4,30.0
0.596,0.448,-9.616,1,0.0396,0.365,0.206,0.796,83.293,4.4084,4,12.0
0.691,0.716,-4.995,1,0.0415,0.0173,0.0721,0.653,100.007,224400.0,4,21.0
0.497,0.947,-8.802,1,0.0391,8.21e-05,0.118,0.588,90.371,217907.0,4,55.0
0.486,0.495,-6.107,1,0.194,0.0373,0.0509,0.434,89.851,129500.0,4,52.0
0.36,0.701,-6.347,1,0.0267,0.0215,0.134,0.725,172.043,231226.0,3,40.0
0.604,0.709,-6.377,1,0.158,0.0987,0.0551,0.907,167.832,2.28933333,4,65.0
0.562,0.884,-4.003,1,0.157,0.00979,0.115,0.912,169.967,178438.0,4,44.0
0.446,0.933,-3.605,0,0.0537,2.55e-05,0.085,0.753,159.961,173160.0,4,51.0
0.31,0.874,-11.889,1,0.152,0.000416,0.0695,0.096,131.717,279973.0,4,46.0
0.679,0.697,-5.369,0,0.0454,0.0148,0.124,0.776,110.558,247011.0,4,4.0
0.616,0.694,-10.898,1,0.0411,0.664,0.145,0.732,93.298,1.863116667,4,72.0
0.622,0.316,-14.387,1,0.0495,0.883,0.1,0.723,139.334,157000.0,3,53.0
0.493,0.171,-15.845,1,0.0474,0.817,0.395,0.263,71.69,247133.0,4,42.0
0.533,0.378,-10.629,1,0.0285,0.979,0.0877,0.683,92.697,4.53955,3,14.0
0.731,0.602,-12.526,1,0.0526,0.496,0.0916,0.194,128.065,257299.0,4,39.0
0.42,0.555,-5.775,0,0.0421,0.472,0.0784,0.287,116.071,3.887783333,4,33.0
0.608,0.653,-7.573,0,0.0427,0.507,0.107,0.423,86.933,5.446083333,4,53.0
0.47,0.892,-3.933,0,0.0923,3.28e-05,0.0759,0.618,161.392,187667.0,4,38.0
0.454,0.79,-4.361,0,0.0285,0.00604,0.225,0.362,100.225,291907.0,4,58.0
0.478,0.667,-8.702,1,0.0953,0.0756,0.406,0.891,171.38,109633.0,4,33.0
0.664,0.384,-10.569,1,0.0455,0.488,0.108,0.396,116.242,151403.0,3,39.0
0.473,0.45,-5.673,0,0.0311,0.771,0.214,0.716,113.335,193160.0,4,25.0
0.466,0.836,-7.682,1,0.0359,7.7e-05,0.114,0.0517,123.973,752798.0,4,14.0
0.656,0.284,-8.192,0,0.0541,0.747,0.13,0.5,70.055,183240.0,4,36.0
0.645,0.933,-6.955,1,0.0532,0.129,0.0443,0.695,142.615,4.23821667,4,53.0
0.774,0.596,-9.328,1,0.429,0.217,0.214,0.724,143.103,207692.0,4,49.0
0.725,0.716,-5.448,1,0.0349,0.00945,0.119,0.904,150.074,215020.0,4,73.0
0.587,0.99,-4.496,1,0.0783,0.0172,0.104,0.486,127.992,211680.0,4,58.0
0.784,0.514,-7.111,0,0.285,0.0957,0.207,0.269,135.111,187672.0,4,68.0
0.441,0.303,-11.063,1,0.0341,0.95,0.0888,0.616,81.02,4.937333333,4,24.0
0.62,0.0934,-13.06,1,0.033,0.937,0.113,0.211,105.953,232493.0,4,37.0
0.532,0.476,-9.707,0,0.0251,0.204,0.132,0.319,98.18,4.29066667,4,53.0
0.459,0.848,-9.389,1,0.0599,0.0123,0.987,0.388,111.374,4.425333333,4,35.0
0.37,0.314,-9.677,0,0.0445,0.912,0.0989,0.221,97.4,177536.0,5,66.0
0.721,0.782,-9.723,0,0.0529,0.716,0.204,0.844,129.975,354627.0,4,50.0
0.476,0.372,-14.346,1,0.0321,0.87,0.1,0.952,200.241,158902.0,4,38.0
0.339,0.725,-4.506,1,0.0642,0.0121,0.301,0.689,180.379,204653.0,4,31.0
0.479,0.58,-8.793,1,0.0403,0.603,0.0745,0.384,95.994,3.670216667,4,42.0
0.544,0.731,-4.307,0,0.0375,0.0731,0.0686,0.299,100.005,212280.0,4,19.0
0.47,0.704,-8.498,1,0.0319,0.0133,0.177,0.134,111.145,319971.0,4,51.0
0.449,0.864,-1.159,0,0.0378,0.0133,0.0984,0.355,105.121,240467.0,4,59.0
0.315,0.745,-9.116,1,0.0763,0.0176,0.899,0.498,115.421,6.272766667,4,25.0
0.748,0.704,-4.512,0,0.0344,0.0741,0.088,0.823,110.028,284799.0,4,66.0
0.4,0.856,-3.435,0,0.0499,0.0161,0.193,0.541,166.752,245748.0,4,56.0
0.282,0.846,-4.641,1,0.0728,8.29e-05,0.521,0.174,184.617,497467.0,4,46.0
0.327,0.824,-10.013,1,0.053,0.0248,0.968,0.434,96.333,650747.0,4,41.0
0.788,0.533,-8.81,1,0.0573,0.119,0.212,0.633,131.047,245496.0,4,58.0
0.664,0.909,-3.265,0,0.0742,0.303,0.203,0.623,94.973,213063.0,4,22.0
0.315,0.975,-3.21,1,0.0703,0.000558,0.467,0.435,138.215,322947.0,4,49.0
0.442,0.793,-5.152,1,0.0347,0.0456,0.328,0.437,80.985,237267.0,4,64.0
0.155,0.0923,-17.707,1,0.0398,0.875,0.126,0.0384,80.869,4.28245,4,48.0
0.389,0.926,-3.696,1,0.0798,0.0131,0.345,0.419,117.857,285504.0,4,5.0
0.516,0.467,-6.184,1,0.0302,0.662,0.0853,0.386,132.861,173307.0,4,76.0
0.505,0.7,-6.603,1,0.0284,0.00867,0.111,0.344,126.094,3.507783333,4,1.0
0.508,0.834,-6.205,1,0.0386,0.0183,0.0732,0.774,139.131,216053.0,4,82.0
0.552,0.585,-9.332,1,0.105,0.665,0.192,0.538,89.135,177373.0,4,58.0
0.36,0.909,-6.827,1,0.0663,0.000347,0.282,0.647,155.293,217387.0,4,58.0
0.449,0.421,-8.92,1,0.0272,0.387,0.11,0.203,163.747,4.717833333,3,59.0
0.414,0.871,-9.63,1,0.0328,0.0584,0.0732,0.862,148.588,130000.0,4,9.0
0.792,0.647,-8.314,1,0.045,0.255,0.132,0.694,102.477,209547.0,4,70.0
0.409,0.503,-6.859,1,0.0424,0.442,0.0867,0.193,73.104,241899.0,4,67.0
0.465,0.467,-8.632,1,0.0531,0.939,0.723,0.412,80.03,4.10245,4,35.0
0.47,0.709,-4.563,1,0.0299,0.00124,0.302,0.247,98.036,241360.0,4,76.0
0.425,0.77,-4.765,1,0.0463,0.00138,0.641,0.902,129.452,237547.0,4,52.0
0.425,0.938,-6.223,1,0.0917,0.00254,0.207,0.151,146.01,255238.0,4,48.0
0.775,0.424,-12.276,1,0.0675,0.511,0.123,0.191,114.95,220050.0,4,46.0
0.638,0.957,-2.349,0,0.0574,0.0501,0.355,0.527,130.013,221933.0,4,40.0
0.452,0.818,-8.124,1,0.0439,0.135,0.052,0.755,124.474,229360.0,4,67.0
0.582,0.878,-3.642,0,0.296,0.0263,0.3,0.714,188.327,252627.0,4,28.0
0.799,0.555,-6.814,1,0.084,0.0777,0.0467,0.8,141.027,160666.0,4,29.0
0.4,0.428,-6.617,1,0.0341,0.0396,0.0973,0.193,123.319,208427.0,4,32.0
0.507,0.825,-6.636,0,0.0748,0.0504,0.578,0.911,96.993,159227.0,4,28.0
0.653,0.708,-7.778,0,0.0527,0.613,0.239,0.929,111.386,164000.0,4,32.0
0.451,0.937,-4.455,1,0.106,0.000383,0.134,0.524,177.878,175000.0,4,60.0
0.697,0.771,-6.222,0,0.0634,0.535,0.163,0.662,83.986,199507.0,4,51.0
0.638,0.705,-4.499,1,0.0406,0.0178,0.124,0.503,160.07,195199.0,4,55.0
0.771,0.575,-5.178,0,0.0794,0.555,0.105,0.56,84.522,147084.0,4,68.0
0.869,0.697,-4.639,1,0.187,0.00838,0.297,0.804,95.03,234533.0,4,62.0
0.661,0.548,-8.433,1,0.0234,0.365,0.111,0.537,93.0,3.92,4,52.0
0.608,0.598,-11.867,0,0.0814,0.0242,0.251,0.63,133.217,211669.0,4,30.0
0.551,0.782,-6.11,0,0.0297,0.0587,0.13,0.318,113.895,246507.0,4,29.0
0.456,0.961,-4.353,1,0.0772,0.000288,0.366,0.712,76.547,118720.0,4,25.0
0.458,0.937,-6.622,1,0.272,0.00111,0.394,0.366,160.231,238800.0,4,47.0
0.67,0.462,-8.935,0,0.166,0.191,0.653,0.607,75.064,233836.0,4,33.0
0.62,0.532,-7.297,1,0.023,0.0392,0.112,0.369,143.993,252293.0,4,56.0
0.069,0.98,-7.628,1,0.128,5.9e-06,0.3,0.0388,196.167,274093.0,4,33.0
0.457,0.93,-4.544,0,0.0673,0.0309,0.135,0.294,139.819,309307.0,4,60.0
0.637,0.263,-9.094,0,0.0399,0.873,0.164,0.487,97.423,3.66266667,4,59.0
0.447,0.901,-5.791,1,0.0744,0.247,0.126,0.759,65.974,237787.0,4,24.0
0.693,0.824,-8.139,0,0.0415,0.00726,0.0826,0.822,108.018,176708.0,4,52.0
0.606,0.704,-4.615,1,0.0519,0.0292,0.105,0.686,106.96,195722.0,4,45.0
0.307,0.778,-6.059,0,0.118,0.000301,0.199,0.037,110.421,278400.0,4,30.0
0.493,0.711,-5.994,1,0.0684,0.00496,0.519,0.313,138.032,225068.0,4,45.0
0.462,0.24,-12.077,1,0.0377,0.92,0.113,0.32,171.319,244000.0,4,78.0
0.59,0.857,-8.501,0,0.031,0.123,0.109,0.51,112.628,190627.0,4,21.0
0.556,0.583,-6.407,0,0.0329,0.105,0.167,0.389,129.817,225347.0,4,38.0
0.602,0.526,-10.085,1,0.0333,0.279,0.106,0.303,160.006,356807.0,4,23.0
0.888,0.584,-7.525,1,0.142,0.141,0.0731,0.724,101.996,144827.0,4,30.0
0.48,0.792,-6.443,1,0.0411,0.00238,0.169,0.465,114.605,214067.0,4,56.0
0.667,0.757,-6.818,1,0.0285,0.155,0.414,0.77,112.029,199440.0,4,43.0
0.581,0.163,-16.612,0,0.0547,0.926,0.116,0.448,88.101,5.796216667,4,49.0
0.65,0.5,-5.522,1,0.0482,0.979,0.127,0.891,109.935,194587.0,4,11.0
0.511,0.698,-7.057,1,0.0413,0.0958,0.375,0.858,170.746,201920.0,4,30.0
0.788,0.844,-3.131,1,0.0334,0.25,0.0723,0.382,113.324,251240.0,4,83.0
0.596,0.338,-9.68,1,0.0351,0.658,0.114,0.209,74.013,164524.0,4,39.0
0.225,0.948,-1.719,0,0.0865,1.37e-06,0.148,0.247,170.035,313984.0,4,39.0
0.565,0.977,-3.326,1,0.041,0.000118,0.318,0.168,99.996,325200.0,4,40.0
0.435,0.326,-8.459,0,0.0406,0.951,0.546,0.473,107.49,173333.0,4,31.0
0.618,0.917,-4.944,1,0.11,0.0131,0.149,0.811,84.797,147205.0,4,39.0
0.741,0.537,-6.797,1,0.143,0.0358,0.146,0.233,80.454,198307.0,4,68.0
0.294,0.97,-4.942,1,0.265,0.000706,0.123,0.144,166.475,234707.0,4,59.0
0.531,0.66,-3.725,1,0.0335,0.000833,0.226,0.533,136.027,185560.0,4,55.0
0.933,0.539,-7.652,0,0.106,0.318,0.154,0.399,111.961,210307.0,4,39.0
0.361,0.874,-7.227,0,0.0538,0.021,0.0951,0.404,122.942,320680.0,4,26.0
0.413,0.69,-6.868,1,0.0299,0.212,0.314,0.483,95.26,267533.0,4,32.0
0.638,0.738,-9.563,1,0.0271,0.0315,0.211,0.816,104.098,304600.0,3,49.0
0.436,0.862,-6.353,0,0.0455,0.000625,0.148,0.254,92.995,196867.0,4,41.0
0.182,0.911,-3.404,1,0.0556,6.87e-06,0.299,0.323,138.149,209940.0,4,39.0
0.696,0.979,-5.338,0,0.0445,0.00244,0.116,0.962,101.021,348859.0,4,56.0
0.416,0.634,-8.917,1,0.0615,0.535,0.0959,0.785,167.267,296388.0,4,34.0
0.664,0.908,-4.806,1,0.0317,0.00182,0.109,0.889,118.031,216454.0,4,71.0
0.505,0.15,-17.508,1,0.0335,0.972,0.11,0.169,101.114,3.229583333,4,47.0
0.671,0.766,-3.1,1,0.0378,0.00224,0.159,0.726,104.99,184200.0,4,60.0
0.325,0.838,-6.501,0,0.144,0.0327,0.126,0.449,156.507,181173.0,4,51.0
0.591,0.564,-11.03,1,0.0427,0.0126,0.11,0.405,147.22,292773.0,4,46.0
0.412,0.97,-3.309,1,0.258,0.000981,0.115,0.251,174.978,208486.0,4,42.0
0.698,0.0926,-20.716,0,0.05,0.861,0.0887,0.0961,81.187,4.230666667,4,45.0
0.719,0.572,-7.548,0,0.0309,0.336,0.133,0.529,118.01,216440.0,4,54.0
0.519,0.771,-4.874,1,0.0344,0.00048,0.079,0.597,150.938,258120.0,4,43.0
0.611,0.946,-5.357,1,0.0378,0.00957,0.36,0.763,125.398,4.56511667,4,63.0
0.399,0.44,-11.149,1,0.026,0.189,0.197,0.488,168.467,205933.0,4,26.0
0.643,0.98,-6.171,1,0.0623,0.0118,0.642,0.686,94.819,246627.0,4,37.0
0.691,0.864,-7.206,1,0.0417,0.0766,0.0853,0.756,109.201,199627.0,4,57.0
0.705,0.625,-8.383,1,0.0276,0.285,0.109,0.891,112.808,203074.0,4,31.0
0.59,0.188,-12.253,1,0.0302,0.871,0.0877,0.521,113.907,2.951783333,3,46.0
0.736,0.475,-10.879,1,0.0255,0.00292,0.129,0.742,101.0,154053.0,4,34.0
0.435,0.729,-4.697,0,0.0487,0.941,0.756,0.646,165.897,375876.0,4,34.0
0.903,0.52,-8.534,1,0.237,0.173,0.0759,0.824,141.968,131809.0,4,62.0
0.518,0.823,-7.374,1,0.0348,0.00173,0.0764,0.536,157.919,240330.0,4,59.0
0.696,0.63,-8.057,1,0.0287,0.387,0.352,0.883,96.032,218125.0,4,30.0
0.448,0.585,-12.226,1,0.0284,0.000604,0.0632,0.399,84.994,235727.0,4,33.0
0.383,0.345,-11.136,1,0.0426,0.934,0.374,0.778,143.279,3.684666667,3,24.0
0.649,0.791,-4.556,0,0.0515,0.136,0.181,0.877,149.862,180938.0,4,30.0
0.613,0.61,-8.633,0,0.246,0.211,0.152,0.433,160.004,252021.0,4,75.0
0.721,0.37,-9.69,1,0.0332,0.245,0.0769,0.629,84.991,219000.0,4,34.0
0.438,0.798,-5.453,0,0.0299,0.000129,0.251,0.308,149.981,290547.0,4,49.0
0.196,0.751,-7.39,1,0.0405,0.00252,0.378,0.629,145.719,195093.0,4,43.0
0.585,0.717,-8.379,0,0.0311,0.0561,0.366,0.636,111.563,450984.0,4,59.0
0.707,0.449,-9.269,0,0.0362,0.0456,0.137,0.359,125.096,203626.0,4,60.0
0.68,0.611,-6.47,1,0.0439,0.374,0.119,0.423,116.952,182667.0,4,58.0
0.449,0.958,-6.602,0,0.123,5.33e-06,0.148,0.389,107.458,129373.0,4,32.0
0.623,0.881,-4.633,0,0.0511,0.00247,0.132,0.238,145.975,208500.0,4,53.0
0.498,0.0749,-22.481,0,0.0473,0.982,0.111,0.263,106.329,3.154166667,4,50.0
0.612,0.526,-8.558,0,0.0272,0.727,0.183,0.594,129.341,429267.0,4,55.0
0.301,0.972,-4.91,0,0.274,0.00674,0.959,0.495,151.413,185867.0,4,30.0
0.611,0.486,-12.781,0,0.0576,0.799,0.125,0.887,79.284,137707.0,4,35.0
0.258,0.869,-7.583,0,0.0561,0.00127,0.125,0.442,164.914,194371.0,4,26.0
0.771,0.763,-5.015,0,0.073,0.427,0.146,0.672,109.962,181500.0,4,34.0
0.622,0.941,-4.651,1,0.162,0.0027,0.132,0.552,89.756,214000.0,4,45.0
0.735,0.844,-5.215,1,0.167,0.142,0.319,0.742,156.069,286427.0,4,55.0
0.188,0.516,-9.793,1,0.032,0.452,0.451,0.501,77.898,252200.0,4,5.0
0.766,0.907,-3.058,0,0.264,0.619,0.369,0.903,101.952,271440.0,4,19.0
0.392,0.897,-3.835,1,0.0992,0.00161,0.0416,0.561,184.053,347000.0,4,44.0
0.283,0.643,-5.328,1,0.0305,9.6e-05,0.162,0.362,140.559,284413.0,4,30.0
0.537,0.619,-7.68,1,0.0445,0.705,0.129,0.187,95.042,3.32765,4,22.0
0.373,0.306,-15.707,1,0.0393,0.388,0.103,0.464,107.77,3.54955,3,43.0
0.661,0.496,-15.53,1,0.0357,0.229,0.0753,0.948,165.549,2.587783333,4,59.0
0.628,0.86,-8.214,1,0.0345,0.146,0.114,0.447,125.995,213452.0,4,40.0
0.484,0.863,-7.548,1,0.0465,0.00198,0.0667,0.623,133.052,186500.0,4,25.0
0.491,0.338,-8.924,1,0.0335,0.777,0.0897,0.224,139.199,406707.0,3,11.0
0.503,0.727,-5.456,1,0.167,0.0159,0.0895,0.521,121.985,255632.0,4,72.0
0.333,0.486,-8.875,1,0.0294,0.102,0.114,0.147,114.697,238467.0,4,40.0
0.77,0.676,-4.888,0,0.0467,0.301,0.34,0.733,91.988,248478.0,4,24.0
0.598,0.806,-7.305,0,0.032,0.000188,0.0877,0.418,107.501,509147.0,4,35.0
0.461,0.318,-13.12,1,0.0418,0.968,0.14,0.479,91.535,4.418616667,4,17.0
0.564,0.316,-10.147,1,0.0315,0.635,0.128,0.183,139.908,223080.0,4,28.0
0.757,0.668,-8.535,1,0.0834,0.00756,0.0811,0.325,128.0,224052.0,4,17.0
0.722,0.407,-11.688,1,0.0399,0.608,0.102,0.576,149.884,176091.0,4,28.0
0.442,0.937,-6.693,0,0.0723,0.00368,0.0814,0.444,75.034,217815.0,4,52.0
0.772,0.616,-3.667,1,0.0479,0.0494,0.152,0.562,119.963,162091.0,4,56.0
0.63,0.625,-5.088,0,0.0252,0.231,0.0765,0.683,167.998,3.916,4,67.0
0.24,0.176,-20.538,0,0.0397,0.953,0.109,0.279,75.993,5.519816667,4,27.0
0.298,0.726,-7.375,1,0.0347,0.0141,0.0965,0.444,172.659,293173.0,4,24.0
0.746,0.654,-5.856,0,0.0613,0.0117,0.101,0.265,130.048,200298.0,4,61.0
0.693,0.514,-8.489,0,0.0675,0.00972,0.103,0.553,128.47,212427.0,4,65.0
0.835,0.523,-7.227,0,0.0459,0.00536,0.157,0.588,100.026,167613.0,4,52.0
0.187,0.159,-15.417,0,0.0436,0.982,0.116,0.0593,87.594,2.806066667,4,36.0
0.698,0.553,-7.615,1,0.0583,0.02,0.0837,0.519,117.015,217489.0,4,48.0
0.452,0.818,-8.124,1,0.0439,0.135,0.052,0.755,124.474,229360.0,4,67.0
0.452,0.416,-10.239,1,0.0272,0.409,0.298,0.248,82.005,260775.0,4,30.0
0.72,0.748,-7.497,1,0.0704,0.363,0.122,0.26,127.994,220265.0,4,28.0
0.418,0.581,-11.13,1,0.0316,0.00579,0.182,0.0706,189.848,139421.0,4,20.0
0.375,0.682,-6.898,0,0.0364,0.00152,0.0897,0.396,159.23,363067.0,4,67.0
0.611,0.666,-7.975,0,0.225,0.597,0.409,0.533,86.991,191022.0,4,41.0
0.568,0.891,-5.786,1,0.0376,0.000896,0.357,0.522,104.954,190227.0,4,64.0
0.556,0.864,-5.87,0,0.0584,0.00958,0.209,0.4,105.143,216880.0,4,83.0
0.7,0.798,-6.789,1,0.0832,0.0563,0.171,0.359,115.983,211091.0,4,35.0
0.637,0.682,-11.625,1,0.0366,0.0112,0.0473,0.714,129.983,3.74845,4,62.0
0.417,0.522,-8.896,0,0.0306,0.000191,0.147,0.0789,125.088,264520.0,4,19.0
0.465,0.936,-5.05,1,0.138,8.84e-05,0.0661,0.461,82.006,257800.0,4,44.0
0.728,0.456,-7.93,1,0.0279,0.38,0.0855,0.136,114.008,275146.0,4,52.0
0.688,0.846,-5.867,1,0.0268,0.00558,0.223,0.672,102.523,180880.0,4,49.0
0.727,0.636,-3.529,0,0.0307,0.228,0.064,0.69,131.987,6.397116667,4,20.0
0.428,0.696,-6.416,1,0.0322,0.000352,0.0944,0.612,167.891,217560.0,4,43.0
0.381,0.975,-5.725,1,0.219,0.023,0.276,0.103,196.052,206750.0,4,39.0
0.647,0.282,-15.042,1,0.0319,0.843,0.182,0.753,132.169,2.836666667,4,30.0
0.523,0.982,-4.795,1,0.0962,3.47e-05,0.095,0.123,121.994,277324.0,4,34.0
0.601,0.73,-6.88,0,0.464,0.0121,0.229,0.371,83.233,306467.0,4,55.0
0.715,0.0885,-20.682,0,0.0521,0.00485,0.155,0.544,125.383,268827.0,4,51.0
0.264,0.8,-2.427,1,0.0537,0.0195,0.406,0.465,155.558,279667.0,4,64.0
0.323,0.901,-4.818,1,0.0719,3.15e-05,0.486,0.52,180.293,135645.0,4,32.0
0.372,0.943,-3.184,1,0.0482,8.95e-05,0.299,0.597,105.231,245293.0,4,1.0
0.615,0.82,-3.161,1,0.109,0.266,0.853,0.665,153.823,131960.0,4,24.0
0.552,0.851,-6.229,1,0.033,0.00143,0.131,0.938,154.962,227000.0,4,54.0
0.772,0.275,-11.312,1,0.032,0.869,0.138,0.422,89.895,162347.0,4,32.0
0.819,0.652,-8.466,1,0.0515,0.124,0.527,0.967,126.01,177420.0,4,59.0
0.395,0.727,-6.015,1,0.0375,0.282,0.0683,0.872,179.097,139133.0,4,53.0
0.689,0.264,-10.809,1,0.229,0.742,0.0982,0.695,91.948,191170.0,4,51.0
0.214,0.84,-3.822,1,0.0523,0.0278,0.0928,0.316,167.51,221893.0,4,26.0
0.543,0.739,-5.618,1,0.0399,0.00379,0.343,0.665,122.016,248133.0,4,54.0
0.688,0.127,-18.816,1,0.891,0.936,0.0943,0.377,88.504,66093.0,4,14.0
0.401,0.973,-2.985,0,0.178,0.000733,0.15,0.316,104.401,208955.0,4,33.0
0.341,0.875,-4.581,1,0.0406,2.32e-05,0.135,0.477,78.948,180601.0,4,44.0
0.488,0.811,-8.948,1,0.0551,0.00159,0.208,0.316,92.493,264733.0,4,43.0
0.761,0.525,-6.9,1,0.0944,0.44,0.0921,0.531,80.87,238805.0,4,84.0
0.503,0.681,-4.76,1,0.035,0.359,0.384,0.402,119.861,279933.0,4,50.0
0.571,0.654,-6.342,0,0.0314,0.000559,0.194,0.383,74.987,196437.0,4,42.0
0.703,0.714,-4.967,1,0.0316,0.0197,0.0849,0.62,116.723,247600.0,4,58.0
0.388,0.361,-11.061,0,0.039,0.899,0.159,0.309,79.713,5.44555,4,25.0
0.578,0.715,-9.41,1,0.0341,0.088,0.185,0.895,155.885,3.812,4,39.0
0.754,0.706,-6.145,1,0.0923,0.237,0.097,0.536,81.943,186935.0,4,67.0
0.64,0.363,-6.191,0,0.0393,0.755,0.0664,0.432,124.622,194733.0,4,35.0
0.765,0.636,-8.158,0,0.0479,0.0563,0.118,0.518,83.524,240726.0,4,39.0
0.235,0.0272,-26.299,1,0.0449,0.988,0.0975,0.141,96.095,6.836266667,4,21.0
0.686,0.402,-16.234,1,0.0563,0.761,0.196,0.692,143.495,2.64445,4,43.0
0.261,0.667,-8.211,1,0.0311,0.0812,0.099,0.188,145.276,235687.0,3,47.0
0.578,0.849,-4.614,0,0.0595,0.00218,0.389,0.626,136.021,155294.0,4,67.0
0.274,0.924,-8.275,0,0.0783,7.53e-06,0.167,0.0397,63.665,485880.0,3,29.0
0.701,0.558,-8.002,1,0.0285,0.814,0.15,0.408,135.963,297955.0,4,41.0
0.508,0.958,-3.915,0,0.0451,0.000413,0.0721,0.766,139.942,235760.0,4,44.0
0.658,0.42,-13.075,1,0.0443,0.363,0.128,0.457,140.85,373000.0,4,31.0
0.639,0.834,-7.332,1,0.225,0.0284,0.333,0.338,92.484,146651.0,4,43.0
0.375,0.914,-3.241,1,0.0589,0.000558,0.101,0.254,138.934,294072.0,4,46.0
0.63,0.254,-10.224,1,0.0559,0.892,0.17,0.436,86.232,209010.0,4,45.0
0.496,0.418,-8.809,0,0.0358,0.575,0.0906,0.109,124.351,238090.0,4,50.0
0.757,0.677,-8.886,1,0.125,0.00855,0.304,0.564,114.11,218947.0,4,32.0
0.323,0.901,-4.818,1,0.0719,3.15e-05,0.486,0.52,180.293,135645.0,4,32.0
0.38,0.878,-7.572,1,0.0584,0.000586,0.2,0.0627,164.002,191090.0,4,17.0
0.103,0.0529,-23.766,1,0.0447,0.976,0.239,0.0383,85.122,11.90755,4,25.0
0.503,0.785,-5.826,1,0.187,0.263,0.108,0.48,148.045,8.47275,3,8.0
0.698,0.524,-7.873,0,0.0299,0.0941,0.0442,0.5,78.011,319393.0,4,42.0
0.365,0.117,-10.61,0,0.041,0.969,0.684,0.119,168.744,155188.0,4,59.0
0.646,0.818,-5.582,0,0.236,0.00603,0.167,0.475,133.898,215111.0,4,40.0
0.518,0.95,-3.638,1,0.0403,0.000299,0.202,0.792,141.029,224507.0,4,40.0
0.736,0.914,-3.707,1,0.285,0.318,0.0447,0.932,136.068,245080.0,4,44.0
0.547,0.931,-2.356,1,0.0615,0.000998,0.278,0.697,118.4,261507.0,4,69.0
0.602,0.849,-6.602,1,0.1,0.636,0.663,0.34,112.071,295587.0,4,56.0
0.288,0.99,-3.656,0,0.319,4.59e-05,0.555,0.449,73.016,222238.0,4,32.0
0.557,0.886,-4.196,0,0.0498,0.000595,0.0904,0.17,114.025,262440.0,4,65.0
0.713,0.793,-5.277,1,0.397,0.271,0.727,0.203,71.724,196946.0,4,84.0
0.414,0.428,-11.097,1,0.0278,0.382,0.148,0.282,145.075,377093.0,4,79.0
0.219,0.921,-5.663,1,0.0787,1.37e-05,0.123,0.535,166.307,217133.0,4,46.0
0.509,0.386,-8.609,1,0.0881,0.624,0.133,0.674,134.543,215947.0,4,40.0
0.3,0.998,-1.7,1,0.084,0.00039,0.376,0.379,181.866,202573.0,4,42.0
0.608,0.579,-6.856,1,0.0508,0.7,0.191,0.513,160.053,200438.0,4,38.0
0.504,0.874,-7.09,1,0.037,0.00185,0.049,0.867,180.009,263000.0,4,47.0
0.33,0.843,-10.221,1,0.0581,0.137,0.199,0.474,101.855,665600.0,4,52.0
0.536,0.907,-10.249,1,0.0559,0.364,0.103,0.893,177.352,3.695116667,4,54.0
0.4,0.872,-6.189,1,0.12,0.0206,0.295,0.566,124.096,369013.0,4,25.0
0.407,0.963,-5.319,1,0.0707,0.000671,0.391,0.561,134.493,165093.0,4,16.0
0.431,0.95,-11.399,1,0.117,0.000109,0.232,0.162,140.05,228667.0,4,47.0
0.679,0.769,-7.289,1,0.0415,0.158,0.07,0.83,134.933,284936.0,4,40.0
0.332,0.933,-4.657,1,0.161,0.00195,0.29,0.0834,173.94,243200.0,4,44.0
0.59,0.377,-7.987,1,0.0287,0.413,0.101,0.374,73.99,201190.0,4,58.0
0.51,0.778,-5.23,0,0.0338,0.38,0.0724,0.695,79.984,316360.0,4,32.0
0.802,0.591,-6.127,0,0.0848,0.0444,0.266,0.757,113.012,186722.0,4,42.0
0.725,0.695,-6.934,1,0.0288,0.000697,0.233,0.86,127.523,206160.0,4,47.0
0.681,0.808,-4.626,0,0.111,0.664,0.385,0.547,85.01,138160.0,4,47.0
0.361,0.947,-7.319,1,0.174,3.47e-05,0.338,0.383,91.167,118014.0,4,21.0
0.614,0.938,-4.461,1,0.0611,0.000532,0.368,0.607,100.058,224674.0,4,66.0
0.485,0.788,-4.884,0,0.0269,0.417,0.181,0.307,97.999,187907.0,4,34.0
0.616,0.908,-6.867,0,0.0551,0.00194,0.0345,0.808,92.984,208332.0,4,38.0
0.561,0.372,-9.494,1,0.0425,0.541,0.124,0.365,110.062,191950.0,4,55.0
0.536,0.694,-5.766,1,0.0745,0.447,0.341,0.219,79.94,194088.0,4,44.0
0.502,0.656,-5.24,1,0.0504,0.443,0.151,0.359,87.119,221613.0,4,36.0
0.517,0.584,-9.297,0,0.0721,0.825,0.625,0.744,80.396,3.191783333,4,19.0
0.865,0.513,-8.884,1,0.173,0.00778,0.293,0.552,102.957,189915.0,4,38.0
0.526,0.955,-4.179,1,0.0853,0.00194,0.309,0.262,102.517,284195.0,4,28.0
0.398,0.301,-13.88,0,0.0282,0.532,0.0685,0.138,79.109,420240.0,4,58.0
0.605,0.866,-3.753,1,0.0413,0.0629,0.0323,0.674,168.208,164960.0,4,48.0
0.478,0.953,-7.294,1,0.0892,0.0328,0.597,0.407,96.622,204200.0,4,49.0
0.494,0.966,-6.132,1,0.052,3.91e-05,0.193,0.292,140.068,226150.0,4,44.0
0.953,0.732,-6.396,0,0.194,0.296,0.0684,0.892,122.03,188852.0,4,55.0
0.614,0.766,-11.58,1,0.0326,0.588,0.102,0.814,132.421,175853.0,4,28.0
0.552,0.898,-5.593,1,0.0773,0.0736,0.407,0.457,177.685,119453.0,4,34.0
0.795,0.747,-4.277,1,0.053,0.224,0.167,0.544,123.947,178368.0,4,38.0
0.33,0.0679,-24.253,1,0.0671,0.951,0.111,0.0342,105.612,200235.0,4,2.0
0.761,0.525,-6.9,1,0.0944,0.44,0.0921,0.531,80.87,238805.0,4,84.0
0.636,0.782,-7.798,1,0.0247,0.051,0.0799,0.764,109.614,258000.0,4,37.0
0.635,0.628,-5.862,1,0.0255,0.00143,0.177,0.407,105.973,3.845616667,4,19.0
0.526,0.786,-7.291,1,0.0301,0.00237,0.266,0.764,113.09,216773.0,4,55.0
0.292,0.902,-7.353,1,0.0692,7.03e-06,0.375,0.27,93.101,183893.0,4,39.0
0.578,0.0704,-13.44,0,0.0678,0.816,0.11,0.288,168.939,244904.0,3,43.0
0.87,0.721,-5.311,0,0.11,0.522,0.108,0.489,92.025,188910.0,4,66.0
0.236,0.6,-6.401,0,0.0332,0.254,0.0636,0.402,165.256,273347.0,3,39.0
0.367,0.988,-3.053,0,0.0775,0.000887,0.175,0.353,170.0,220021.0,4,37.0
0.5,0.803,-7.377,1,0.0374,0.147,0.345,0.927,144.724,155640.0,4,24.0
0.782,0.518,-11.299,1,0.0615,0.477,0.141,0.537,109.987,122017.0,4,20.0
0.694,0.77,-5.335,1,0.149,0.176,0.118,0.163,125.905,184560.0,4,81.0
0.764,0.785,-3.528,1,0.033,0.0303,0.315,0.974,113.019,161351.0,4,69.0
0.559,0.466,-6.769,1,0.0362,0.315,0.0933,0.623,117.21,2.93378333,4,62.0
0.601,0.859,-5.263,1,0.0276,0.000359,0.0871,0.446,125.145,4.30045,4,73.0
0.628,0.699,-7.772,1,0.0309,0.0914,0.0739,0.403,136.03,225848.0,4,64.0
0.418,0.886,-3.6,1,0.0325,0.00112,0.0886,0.551,113.65,173808.0,4,33.0
0.588,0.699,-10.193,1,0.0589,0.0228,0.0692,0.6,137.633,228000.0,4,51.0
0.514,0.51,-8.898,0,0.0681,0.13,0.229,0.549,152.097,221335.0,4,28.0
0.634,0.863,-3.459,0,0.0315,0.101,0.316,0.869,118.029,191918.0,4,44.0
0.828,0.492,-9.744,1,0.0276,0.0644,0.128,0.789,120.151,257800.0,4,85.0
0.818,0.857,-4.968,1,0.197,0.157,0.142,0.928,100.033,234707.0,4,24.0
0.742,0.454,-11.982,1,0.16,0.311,0.183,0.586,87.396,189916.0,4,30.0
0.887,0.606,-6.572,1,0.324,0.000407,0.151,0.272,139.995,210699.0,4,73.0
0.531,0.576,-8.451,0,0.0258,0.867,0.112,0.333,107.03,212640.0,4,18.0
0.448,0.46,-7.412,1,0.0329,0.321,0.0907,0.298,109.924,222717.0,4,38.0
0.847,0.699,-5.166,1,0.0631,0.167,0.107,0.525,105.006,183666.0,4,64.0
0.329,0.444,-9.973,1,0.0417,0.0578,0.113,0.225,162.279,282206.0,4,74.0
0.718,0.53,-9.879,0,0.0443,0.0144,0.11,0.789,116.076,201105.0,4,29.0
0.752,0.602,-6.98,1,0.0371,0.349,0.0792,0.743,100.016,167213.0,4,50.0
0.44,0.269,-10.769,1,0.0262,0.914,0.132,0.138,103.877,3.906383333,3,59.0
0.66,0.365,-14.739,1,0.0551,0.886,0.104,0.303,159.988,166200.0,4,43.0
0.604,0.515,-6.242,1,0.0247,0.0176,0.113,0.416,106.99,210365.0,4,32.0
0.503,0.667,-6.831,0,0.0285,0.000984,0.229,0.101,113.018,245573.0,4,57.0
0.734,0.562,-8.875,1,0.0894,0.21,0.091,0.81,141.862,3.219666667,4,18.0
0.53,0.858,-6.971,1,0.115,0.102,0.126,0.787,162.936,197707.0,4,41.0
0.184,0.984,-2.733,1,0.113,6.3e-05,0.44,0.174,157.685,193493.0,3,19.0
0.578,0.386,-11.464,1,0.0278,0.208,0.307,0.569,154.902,234093.0,4,69.0
0.627,0.628,-5.111,1,0.0295,0.102,0.121,0.296,132.021,196534.0,4,48.0
0.353,0.0717,-21.734,1,0.0318,0.967,0.116,0.204,107.59,4.679166667,4,54.0
0.665,0.583,-7.271,0,0.043,0.272,0.311,0.365,105.004,218370.0,4,53.0
0.374,0.739,-5.193,0,0.0477,5.8e-06,0.109,0.359,148.078,257693.0,3,56.0
0.599,0.548,-8.288,0,0.0774,0.0812,0.141,0.692,123.32,218102.0,4,30.0
0.777,0.751,-5.692,1,0.133,0.245,0.1,0.191,177.894,272293.0,4,58.0
0.655,0.802,-5.17,0,0.0439,0.101,0.0904,0.663,136.82,214050.0,4,32.0
0.488,0.775,-9.387,1,0.0567,0.0435,0.181,0.826,81.004,205506.0,4,37.0
0.546,0.76,-6.887,0,0.0399,0.00629,0.0737,0.41,101.936,188027.0,4,58.0
0.769,0.884,-4.809,1,0.0948,0.351,0.385,0.671,94.981,188281.0,4,31.0
0.743,0.467,-9.363,1,0.156,0.478,0.115,0.204,136.07,156176.0,4,27.0
0.49,0.817,-5.912,1,0.0272,8.49e-05,0.0962,0.369,99.335,173573.0,4,46.0
0.603,0.954,-3.027,0,0.0417,0.000536,0.246,0.389,127.999,231634.0,4,35.0
0.44,0.988,-3.46,0,0.0482,1.52e-05,0.0757,0.664,166.041,220392.0,4,37.0
0.407,0.932,-5.166,0,0.0656,0.0105,0.36,0.821,120.0,203813.0,4,32.0
0.18,0.905,-2.767,1,0.0453,0.000146,0.327,0.552,138.02,102333.0,4,35.0
0.66,0.523,-12.068,1,0.0608,0.0238,0.142,0.794,126.342,4.049333333,4,54.0
0.678,0.493,-13.782,1,0.0302,0.0882,0.264,0.914,122.627,166960.0,4,59.0
0.765,0.43,-12.244,0,0.239,0.0148,0.199,0.135,140.049,189030.0,4,15.0
0.776,0.795,-7.548,1,0.162,0.103,0.108,0.45,103.41,339000.0,4,33.0
0.528,0.146,-13.271,1,0.0288,0.843,0.101,0.336,133.894,2.632216667,4,36.0
0.571,0.852,-5.752,1,0.0323,0.0418,0.0527,0.804,92.155,317773.0,4,41.0
0.489,0.918,-3.762,1,0.0513,0.000309,0.102,0.63,133.554,196600.0,4,42.0
0.694,0.712,-7.258,1,0.0344,0.0404,0.104,0.736,114.339,211760.0,4,41.0
0.281,0.614,-9.066,1,0.0551,0.088,0.252,0.498,134.665,522267.0,4,2.0
0.523,0.828,-4.696,1,0.0762,0.0136,0.165,0.476,96.952,214827.0,4,68.0
0.55,0.788,-4.998,0,0.0765,0.0282,0.392,0.401,142.001,174084.0,4,43.0
0.656,0.551,-14.141,1,0.0889,0.171,0.0676,0.773,125.659,247507.0,4,46.0
0.521,0.808,-8.201,0,0.052,0.805,0.227,0.834,98.867,170733.0,4,44.0
0.451,0.818,-8.124,1,0.0439,0.135,0.052,0.755,124.532,3.82266667,4,66.0
0.377,0.402,-8.564,1,0.0295,0.536,0.117,0.0415,159.819,257972.0,4,53.0
0.591,0.764,-5.484,1,0.0483,0.0383,0.103,0.478,169.928,2.363433333,4,97.0
0.539,0.836,-5.365,1,0.0654,0.217,0.303,0.759,135.596,168760.0,4,58.0
0.566,0.939,-6.289,1,0.0862,0.00173,0.106,0.346,100.011,416187.0,4,42.0
0.567,0.914,-5.969,0,0.0363,0.0106,0.125,0.667,124.005,229067.0,4,35.0
0.524,0.945,-3.941,0,0.0511,0.000104,0.165,0.105,142.052,249313.0,4,40.0
0.586,0.405,-8.571,0,0.0274,0.612,0.123,0.167,140.003,224740.0,4,16.0
0.655,0.727,-5.478,0,0.046,0.231,0.173,0.56,113.011,210489.0,4,65.0
0.432,0.651,-7.443,1,0.0325,0.319,0.701,0.528,109.8,1477187.0,4,17.0
0.282,0.547,-8.621,1,0.0322,0.03,0.104,0.133,151.468,410187.0,4,62.0
0.503,0.595,-9.383,1,0.0294,0.0895,0.148,0.457,128.099,371200.0,4,58.0
0.505,0.71,-3.015,1,0.0321,0.19,0.269,0.428,89.938,177507.0,4,80.0
0.645,0.904,-4.532,1,0.0462,0.0293,0.0834,0.671,105.97,3.759333333,4,70.0
0.759,0.543,-11.189,1,0.0321,0.404,0.141,0.977,115.671,2.446666667,4,37.0
0.712,0.56,-7.5,1,0.0486,0.243,0.106,0.296,120.038,252799.0,4,30.0
0.631,0.885,-9.799,1,0.0901,0.0378,0.209,0.62,108.604,247693.0,4,33.0
0.634,0.651,-4.542,1,0.0362,0.104,0.0713,0.363,149.958,182400.0,4,57.0
0.661,0.503,-6.574,0,0.208,0.661,0.235,0.799,78.953,222402.0,4,40.0
0.515,0.841,-7.014,0,0.192,0.167,0.0768,0.608,86.85,277241.0,4,45.0
0.469,0.601,-10.252,1,0.15,0.23,0.151,0.16,139.771,66884.0,4,20.0
0.442,0.544,-5.088,1,0.0326,0.168,0.109,0.175,144.626,4.12,3,1.0
0.478,0.419,-11.476,1,0.0351,0.787,0.626,0.478,116.19,481333.0,3,21.0
0.667,0.449,-14.275,0,0.0374,0.135,0.0905,0.714,132.127,195067.0,4,38.0
0.8,0.801,-6.315,1,0.214,0.592,0.56,0.684,99.936,183653.0,4,38.0
0.873,0.234,-13.444,1,0.0486,0.963,0.11,0.822,104.591,187350.0,4,38.0
0.712,0.18,-13.392,0,0.0819,0.968,0.127,0.38,129.589,4.209983333,4,46.0
0.424,0.83,-5.298,1,0.028,0.000307,0.36,0.544,101.596,181608.0,4,45.0
0.455,0.903,-3.797,1,0.0789,0.00204,0.0598,0.546,122.981,190391.0,4,29.0
0.601,0.952,-3.247,0,0.155,0.00136,0.0871,0.264,170.031,231529.0,4,29.0
0.522,0.695,-11.77,1,0.0393,0.000909,0.069,0.658,129.723,149427.0,4,40.0
0.72,0.342,-7.069,0,0.0454,0.513,0.0846,0.698,128.023,202500.0,4,39.0
0.475,0.89,-6.974,0,0.102,0.622,0.226,0.436,123.519,186173.0,4,32.0
0.49,0.794,-4.288,1,0.102,0.00051,0.297,0.478,120.037,221627.0,4,45.0
0.721,0.512,-9.269,0,0.0365,0.0413,0.261,0.518,127.003,228396.0,4,37.0
0.584,0.949,-5.425,0,0.0515,0.00193,0.215,0.7,100.712,173320.0,4,44.0
0.362,0.268,-11.272,1,0.0351,0.926,0.346,0.327,123.587,210353.0,4,54.0
0.599,0.702,-6.387,1,0.0601,0.000366,0.114,0.806,126.051,164784.0,4,38.0
0.344,0.856,-5.861,0,0.0397,3.17e-06,0.388,0.275,119.913,295720.0,4,26.0
0.512,0.752,-4.857,0,0.0534,0.305,0.708,0.428,127.965,4.578116667,4,60.0
0.409,0.0533,-16.276,1,0.0517,0.932,0.113,0.172,67.36,4.9211,3,57.0
0.363,0.976,-3.902,1,0.106,1.59e-05,0.332,0.298,175.062,243066.0,4,5.0
0.835,0.699,-5.405,0,0.277,0.00671,0.195,0.547,154.981,202795.0,4,77.0
0.713,0.772,-5.032,1,0.0313,0.157,0.153,0.523,125.001,171840.0,4,75.0
0.266,0.946,-2.855,1,0.171,0.00781,0.26,0.498,168.465,179973.0,4,51.0
0.551,0.293,-12.503,1,0.0272,0.486,0.0864,0.322,106.798,150640.0,4,69.0
0.723,0.458,-5.572,0,0.17,0.256,0.0879,0.357,113.954,178799.0,4,57.0
0.708,0.567,-7.836,0,0.0595,0.828,0.0969,0.578,155.931,206000.0,4,49.0
0.538,0.863,-6.123,0,0.139,0.00495,0.314,0.606,127.618,155067.0,4,34.0
0.499,0.948,-4.732,1,0.0652,0.0163,0.0933,0.832,156.047,223813.0,4,56.0
0.505,0.252,-10.169,1,0.0321,0.765,0.0829,0.393,80.83,2.78608333,4,45.0
0.705,0.718,-6.625,0,0.0463,0.0094,0.0695,0.454,112.001,465333.0,4,52.0
0.161,0.121,-19.303,1,0.0365,0.988,0.112,0.135,136.837,2.29685,4,38.0
0.672,0.669,-5.287,1,0.0987,0.185,0.0986,0.591,96.64,237173.0,4,52.0
0.654,0.63,-4.644,1,0.0259,0.153,0.111,0.43,89.991,167693.0,4,84.0
0.703,0.672,-10.462,1,0.041,0.00741,0.035,0.527,129.984,201231.0,4,42.0
0.492,0.614,-5.81,1,0.0268,0.161,0.0902,0.164,122.039,277434.0,4,25.0
0.545,0.823,-7.866,0,0.0357,0.00624,0.103,0.905,99.117,183351.0,4,36.0
0.763,0.754,-5.696,0,0.033,0.0309,0.114,0.901,112.994,194067.0,4,23.0
0.24,0.864,-5.59,1,0.0421,0.000119,0.157,0.528,176.78,188166.0,3,42.0
0.602,0.416,-11.253,1,0.0242,0.708,0.271,0.375,103.949,187500.0,4,10.0
0.461,0.381,-13.389,1,0.0532,0.88,0.149,0.445,93.574,80500.0,4,21.0
0.334,0.181,-13.523,1,0.0391,0.763,0.12,0.331,170.875,147044.0,4,34.0
0.463,0.273,-15.364,0,0.074,0.907,0.101,0.293,146.426,239960.0,4,60.0
0.665,0.734,-5.824,1,0.0435,0.00651,0.0948,0.842,139.99,227093.0,4,45.0
0.393,0.623,-13.091,1,0.0476,0.128,0.0919,0.286,165.069,408000.0,5,29.0
0.567,0.889,-4.381,1,0.0531,0.337,0.0918,0.578,103.976,240074.0,4,28.0
0.565,0.777,-5.096,0,0.249,0.183,0.211,0.619,88.311,254145.0,4,48.0
0.696,0.394,-13.825,0,0.539,0.0579,0.0899,0.747,216.053,155758.0,4,58.0
0.33,0.963,-1.163,0,0.0678,1.35e-06,0.194,0.593,160.004,261360.0,4,39.0
0.787,0.523,-8.628,0,0.0603,0.205,0.115,0.803,105.041,287321.0,4,49.0
0.519,0.833,-4.47,1,0.0344,0.303,0.169,0.514,81.992,3.23215,4,55.0
0.469,0.662,-8.021,1,0.0335,0.427,0.117,0.608,176.033,2.913966667,4,28.0
0.352,0.786,-5.709,1,0.0538,0.535,0.109,0.523,151.314,265680.0,4,43.0
0.336,0.839,-7.597,1,0.043,0.116,0.0991,0.42,145.094,244188.0,4,26.0
0.827,0.394,-10.073,1,0.559,0.253,0.12,0.715,157.0,192880.0,4,75.0
0.382,0.88,-8.305,0,0.0662,0.000127,0.691,0.351,120.002,216931.0,4,27.0
0.58,0.798,-6.999,1,0.0259,0.141,0.215,0.506,93.011,210360.0,4,49.0
0.32,0.355,-16.852,0,0.0366,0.205,0.118,0.218,139.522,410467.0,4,33.0
0.392,0.677,-6.165,1,0.0281,0.00192,0.565,0.517,170.091,321133.0,4,50.0
0.772,0.692,-8.192,1,0.0513,0.00742,0.268,0.869,126.97,230905.0,4,35.0
0.691,0.695,-5.6,1,0.0367,0.0592,0.0647,0.514,106.064,233386.0,4,85.0
0.692,0.0832,-19.947,1,0.872,0.817,0.219,0.385,102.742,68413.0,4,4.0
0.709,0.565,-6.395,0,0.0471,0.00209,0.0901,0.571,112.203,3.729333333,4,53.0
0.389,0.746,-4.353,1,0.0321,0.000637,0.31,0.899,159.876,162267.0,4,49.0
0.862,0.663,-9.004,1,0.21,0.12,0.318,0.837,85.308,238267.0,4,61.0
0.924,0.74,-1.299,1,0.0774,0.0827,0.163,0.621,133.974,222293.0,4,76.0
0.731,0.626,-6.919,1,0.0805,0.125,0.183,0.862,82.488,173640.0,4,71.0
0.72,0.744,-6.938,0,0.12,0.237,0.255,0.619,78.953,4.062883333,4,81.0
0.681,0.436,-10.668,1,0.0996,0.17,0.0729,0.583,90.191,209302.0,4,26.0
0.666,0.669,-9.415,1,0.0308,0.232,0.107,0.879,105.265,256467.0,4,8.0
0.63,0.569,-14.582,1,0.0353,0.0211,0.302,0.549,148.308,331240.0,4,34.0
0.323,0.672,-7.079,1,0.0386,0.269,0.198,0.0545,148.143,265836.0,4,39.0
0.422,0.268,-9.376,0,0.0312,0.94,0.139,0.213,127.687,231733.0,4,31.0
0.679,0.518,-7.536,0,0.0312,0.234,0.0919,0.39,109.078,209014.0,4,38.0
0.614,0.777,-8.24,0,0.0304,0.00494,0.349,0.552,104.646,248240.0,4,46.0
0.804,0.893,-5.151,1,0.0436,0.0827,0.0631,0.898,108.914,242840.0,4,3.0
0.589,0.676,-5.061,1,0.0284,0.0976,0.324,0.632,108.008,143856.0,4,25.0
0.261,0.963,-2.514,1,0.124,1.72e-05,0.305,0.361,113.742,206823.0,5,41.0
0.704,0.524,-6.724,0,0.403,0.00929,0.528,0.36,160.216,139029.0,4,57.0
0.555,0.222,-15.711,0,0.0345,0.859,0.0696,0.335,148.804,190000.0,4,15.0
0.362,0.945,-2.651,0,0.0575,0.00131,0.154,0.487,114.797,243747.0,4,59.0
0.157,0.862,-5.879,1,0.0565,0.00979,0.0953,0.266,81.152,238067.0,4,24.0
0.45,0.947,-3.608,0,0.207,0.00277,0.286,0.298,118.701,171227.0,4,55.0
0.405,0.52,-9.569,0,0.17,0.775,0.0881,0.389,91.0,29.886,4,2.0
0.811,0.38,-6.235,1,0.0406,0.712,0.309,0.647,98.04,3.1343,4,55.0
0.544,0.507,-4.963,0,0.0314,0.0056,0.288,0.151,148.002,177261.0,4,59.0
0.419,0.695,-5.497,0,0.0558,0.766,0.357,0.715,176.554,193667.0,4,51.0
0.596,0.909,-4.3,0,0.085,0.000224,0.0799,0.602,134.955,218820.0,4,38.0
0.461,0.94,-6.587,1,0.061,0.0059,0.0808,0.599,148.048,249947.0,4,14.0
0.635,0.574,-9.485,1,0.067,0.0564,0.103,0.558,171.99,201933.0,4,41.0
0.552,0.958,-5.304,0,0.0719,0.00397,0.226,0.183,128.008,304687.0,4,47.0
0.772,0.604,-11.23,1,0.0465,0.296,0.108,0.166,123.006,464390.0,4,44.0
0.813,0.45,-14.59,0,0.349,0.441,0.31,0.827,90.859,370533.0,4,32.0
0.265,0.801,-4.116,0,0.0315,3.42e-06,0.178,0.842,183.165,137960.0,4,33.0
0.222,0.681,-10.832,0,0.0469,0.126,0.128,0.388,130.689,339560.0,4,48.0
0.523,0.76,-12.437,1,0.0325,0.103,0.0666,0.581,94.267,228267.0,4,63.0
0.751,0.736,-4.168,0,0.156,0.0206,0.265,0.352,130.014,262147.0,4,73.0
0.446,0.848,-5.328,1,0.0475,0.00114,0.105,0.133,146.014,316533.0,4,40.0
0.629,0.726,-9.679,0,0.103,0.205,0.103,0.473,123.974,4.35,4,46.0
0.461,0.755,-6.883,0,0.0453,0.00146,0.188,0.218,79.02,166389.0,4,49.0
0.726,0.462,-8.077,1,0.0505,0.0344,0.197,0.526,84.038,210640.0,4,25.0
0.573,0.78,-5.426,1,0.0616,0.21,0.0976,0.592,132.31,197933.0,4,12.0
0.329,0.893,-6.486,1,0.0772,0.00182,0.75,0.556,133.074,269440.0,4,26.0
0.374,0.951,-4.4,0,0.113,0.0189,0.0933,0.48,132.835,180587.0,4,36.0
0.622,0.829,-5.548,1,0.029,0.11,0.0954,0.539,110.367,257373.0,4,72.0
0.575,0.742,-6.727,1,0.0259,0.022,0.105,0.62,104.037,191760.0,4,33.0
0.734,0.552,-7.595,1,0.123,0.598,0.107,0.714,91.064,228947.0,4,52.0
0.269,0.993,-6.664,1,0.0866,0.00134,0.129,0.161,145.99,261693.0,4,30.0
0.366,0.994,-2.364,1,0.166,0.00191,0.356,0.111,160.094,193375.0,4,24.0
0.529,0.861,-10.294,1,0.0507,0.000236,0.462,0.967,158.921,74000.0,4,33.0
0.818,0.43,-8.516,0,0.386,0.163,0.572,0.862,143.064,201399.0,4,67.0
0.652,0.984,-3.642,0,0.197,0.00258,0.0456,0.838,148.004,327520.0,4,38.0
0.814,0.724,-7.092,1,0.106,0.303,0.11,0.402,139.902,185143.0,4,12.0
0.88,0.818,-7.427,1,0.359,0.0353,0.713,0.726,81.93,146280.0,4,54.0
0.666,0.968,-3.196,1,0.046,0.123,0.347,0.834,135.099,219240.0,4,58.0
0.312,0.543,-7.952,1,0.0313,0.0304,0.107,0.199,133.17,316777.0,4,38.0
0.65,0.712,-6.066,1,0.0304,0.0271,0.112,0.847,125.795,134880.0,4,30.0
0.314,0.184,-13.739,1,0.0424,0.989,0.128,0.159,72.528,212055.0,3,45.0
0.53,0.873,-5.513,0,0.0613,0.00436,0.161,0.272,162.053,202963.0,4,32.0
0.408,0.692,-9.478,1,0.0685,0.235,0.197,0.684,82.499,209640.0,4,57.0
0.5,0.932,-4.564,1,0.127,3.42e-05,0.102,0.419,139.981,225840.0,4,54.0
0.802,0.725,-6.544,0,0.0289,0.221,0.0562,0.962,118.214,237640.0,4,33.0
0.677,0.72,-10.376,1,0.0957,0.224,0.961,0.85,95.808,303933.0,4,5.0
0.45,0.914,-5.4,1,0.0607,0.0305,0.152,0.904,162.487,215107.0,4,66.0
0.537,0.66,-7.174,1,0.0296,0.455,0.135,0.574,148.096,4.972883333,4,78.0
0.587,0.247,-13.394,0,0.0363,0.835,0.0977,0.399,107.768,6.162666667,4,37.0
0.502,0.978,-3.278,1,0.0649,0.000163,0.287,0.603,138.811,126573.0,4,62.0
0.814,0.582,-9.003,0,0.304,0.0898,0.111,0.436,126.959,143533.0,4,64.0
0.386,0.116,-12.845,1,0.041,0.967,0.071,0.105,118.17,3.066216667,4,2.0
0.693,0.201,-9.903,1,0.0288,0.9,0.112,0.679,100.836,4.39133333,4,67.0
0.684,0.481,-12.59,1,0.0384,0.475,0.118,0.784,115.078,4.16666667,4,68.0
0.715,0.687,-9.408,1,0.0311,0.454,0.0736,0.974,139.375,2.314216667,4,35.0
0.505,0.942,-3.141,1,0.0478,0.0972,0.111,0.178,114.992,261893.0,4,9.0
0.402,0.923,-5.596,1,0.0468,0.0037,0.469,0.237,83.238,201229.0,4,45.0
0.899,0.501,-7.15,0,0.32,0.00442,0.0548,0.643,150.028,169843.0,4,58.0
0.859,0.734,-5.219,0,0.333,0.0197,0.448,0.541,89.963,122667.0,4,41.0
0.505,0.855,-7.386,1,0.0532,0.000713,0.0881,0.435,100.039,230319.0,4,50.0
0.824,0.597,-8.071,0,0.0387,0.681,0.266,0.722,123.036,234146.0,4,31.0
0.498,0.83,-5.157,0,0.0421,0.00461,0.139,0.453,89.342,231480.0,4,72.0
0.625,0.852,-4.767,1,0.0337,0.329,0.0971,0.393,119.809,144200.0,4,44.0
0.537,0.709,-9.49,1,0.131,0.0375,0.152,0.186,81.929,195368.0,4,44.0
0.362,0.43,-12.339,1,0.0356,0.953,0.189,0.572,104.3,4.964666667,4,24.0
0.446,0.816,-9.762,1,0.0766,0.318,0.339,0.718,183.696,165293.0,4,38.0
0.521,0.691,-9.121,1,0.0855,0.528,0.174,0.198,79.214,268080.0,4,37.0
0.479,0.909,-7.404,1,0.0716,9.07e-05,0.634,0.278,111.892,310467.0,4,37.0
0.601,0.527,-10.949,1,0.0494,0.128,0.135,0.311,66.008,192750.0,4,15.0
0.506,0.907,-4.011,1,0.0391,1.93e-05,0.573,0.547,156.05,188853.0,4,48.0
0.385,0.673,-8.182,1,0.0329,0.000183,0.0721,0.187,149.271,306853.0,4,68.0
0.417,0.586,-12.217,1,0.04,0.000358,0.0957,0.966,183.704,175640.0,4,39.0
0.743,0.699,-9.518,1,0.0667,0.0424,0.0482,0.534,94.936,288093.0,4,29.0
0.744,0.69,-5.176,0,0.0387,0.0292,0.362,0.749,79.999,238767.0,4,61.0
0.566,0.699,-6.526,0,0.0296,0.000228,0.34,0.472,126.043,261387.0,4,42.0
0.747,0.842,-2.912,1,0.0489,0.000583,0.0785,0.558,129.976,187890.0,4,49.0
0.731,0.349,-10.394,0,0.0284,0.577,0.147,0.508,100.036,203360.0,4,32.0
0.408,0.967,-3.133,1,0.361,0.0104,0.0354,0.277,99.788,217619.0,4,55.0
0.704,0.414,-13.661,1,0.223,0.603,0.325,0.151,85.05,169412.0,4,19.0
0.3,0.308,-12.006,0,0.0318,0.414,0.11,0.192,187.968,258227.0,3,35.0
0.574,0.71,-7.991,0,0.192,0.136,0.121,0.725,168.114,221547.0,4,39.0
0.699,0.816,-5.613,0,0.0424,0.245,0.0907,0.565,129.98,234001.0,4,28.0
0.431,0.93,-3.42,1,0.107,0.0518,0.114,0.511,167.788,2.770666667,4,68.0
0.46,0.927,-3.642,1,0.0794,0.000272,0.268,0.561,128.175,199293.0,4,29.0
0.586,0.55,-10.846,1,0.0411,0.0287,0.0674,0.128,115.974,291724.0,4,32.0
0.98,0.529,-9.665,0,0.219,0.165,0.0887,0.285,126.004,219524.0,4,27.0
0.394,0.989,-6.175,1,0.0428,2.24e-06,0.305,0.621,136.999,255962.0,4,18.0
0.355,0.942,-3.374,0,0.108,9.87e-05,0.33,0.397,195.022,173399.0,3,47.0
0.836,0.595,-9.338,1,0.201,0.141,0.329,0.762,79.98,251000.0,4,60.0
0.521,0.915,-7.839,1,0.0713,0.0132,0.112,0.8,128.743,228956.0,4,42.0
0.654,0.784,-4.906,1,0.0418,0.000314,0.0775,0.545,116.996,197565.0,4,41.0
0.735,0.572,-10.533,1,0.0868,0.125,0.2,0.74,122.914,143932.0,4,13.0
0.394,0.249,-10.484,1,0.0396,0.927,0.115,0.329,79.549,3.30673333,4,58.0
0.619,0.703,-9.414,0,0.0525,0.00388,0.163,0.709,115.043,7.61888333,4,15.0
0.544,0.909,-8.654,0,0.0355,0.0502,0.232,0.602,120.752,218760.0,4,25.0
0.505,0.932,-2.894,0,0.0412,0.00115,0.135,0.486,120.008,263973.0,4,59.0
0.79,0.768,-6.319,1,0.135,0.132,0.133,0.678,123.997,153871.0,4,47.0
0.533,0.972,-5.913,0,0.254,0.00041,0.336,0.117,130.071,196880.0,4,38.0
0.17,0.816,-8.977,0,0.124,0.482,0.101,0.035,118.889,439974.0,4,26.0
0.175,0.972,-5.193,1,0.101,3.95e-06,0.131,0.16,135.044,453733.0,4,28.0
0.38,0.054,-21.941,1,0.037,0.964,0.151,0.181,134.175,5.191333333,3,48.0
0.471,0.953,-2.145,1,0.0628,0.059,0.421,0.262,96.19,222000.0,4,26.0
0.629,0.58,-6.208,0,0.0278,0.357,0.436,0.655,110.264,210300.0,4,71.0
0.512,0.919,-4.581,1,0.0894,4.03e-05,0.0899,0.602,163.044,258067.0,4,5.0
0.659,0.702,-9.432,0,0.0369,0.13,0.0881,0.0947,114.017,294737.0,4,41.0
0.578,0.826,-7.537,1,0.0405,2.16e-05,0.188,0.376,110.049,209498.0,4,45.0
0.378,0.764,-10.469,1,0.0857,0.0211,0.355,0.354,149.385,250867.0,4,21.0
0.75,0.404,-10.178,0,0.0682,0.216,0.0911,0.0499,95.045,232253.0,4,77.0
0.792,0.873,-8.622,0,0.329,0.00402,0.25,0.672,124.996,236165.0,4,44.0
0.574,0.756,-5.994,1,0.0292,0.0965,0.126,0.711,99.313,279573.0,4,1.0
0.455,0.897,-4.879,1,0.0403,0.0183,0.174,0.728,160.139,3.53445,4,18.0
0.853,0.632,-7.342,1,0.143,0.119,0.344,0.591,127.977,191275.0,4,34.0
0.448,0.605,-9.105,1,0.054,0.084,0.1,0.52,129.345,295213.0,4,33.0
0.498,0.539,-7.679,0,0.0269,0.0612,0.11,0.42,149.89,141545.0,4,34.0
0.475,0.157,-19.063,1,0.0567,0.976,0.0776,0.519,169.224,183066.0,4,36.0
0.628,0.913,-7.222,1,0.0503,0.156,0.974,0.557,105.01,4.099066667,4,41.0
0.46,0.89,-3.162,1,0.066,0.00262,0.0717,0.772,147.967,177320.0,4,44.0
0.286,0.638,-8.931,1,0.0487,0.06,0.363,0.405,131.796,373134.0,4,33.0
0.601,0.799,-7.069,0,0.0357,0.0861,0.0898,0.688,160.987,4.006,4,53.0
0.742,0.56,-7.905,1,0.0424,0.325,0.538,0.715,122.202,283840.0,4,53.0
0.901,0.614,-6.732,0,0.263,0.0115,0.108,0.266,135.504,227902.0,4,56.0
0.586,0.639,-5.971,0,0.0309,0.0611,0.205,0.311,133.934,219320.0,4,33.0
0.358,0.845,-8.258,1,0.0632,0.549,0.106,0.398,170.051,141628.0,4,27.0
0.411,0.801,-7.006,1,0.0587,0.00111,0.0901,0.0723,105.051,397613.0,4,35.0
0.294,0.92,-2.471,0,0.0635,4.11e-05,0.0804,0.582,184.007,228720.0,4,61.0
0.561,0.604,-6.821,1,0.0598,0.441,0.177,0.769,174.074,151978.0,4,31.0
0.682,0.601,-6.593,1,0.0281,0.382,0.204,0.571,128.459,120614.0,4,27.0
0.615,0.821,-6.422,0,0.0647,0.00918,0.219,0.391,125.039,214760.0,4,44.0
0.601,0.689,-5.826,0,0.0411,0.255,0.226,0.852,89.982,185227.0,4,35.0
0.492,0.98,-4.507,1,0.102,0.000242,0.589,0.372,135.003,231840.0,4,34.0
0.63,0.781,-10.534,0,0.0476,0.629,0.232,0.772,145.436,5.377116667,4,39.0
0.554,0.911,-6.282,1,0.0292,0.482,0.0668,0.968,157.621,194973.0,4,37.0
0.773,0.843,-5.733,1,0.0516,0.0074,0.0696,0.399,125.02,226440.0,4,57.0
0.432,0.777,-6.229,0,0.0354,2.38e-05,0.319,0.413,145.011,233468.0,4,27.0
0.541,0.283,-13.659,1,0.0527,0.805,0.0736,0.564,76.828,228627.0,4,47.0
0.555,0.459,-15.192,1,0.0362,0.614,0.0844,0.694,156.796,227533.0,4,16.0
0.528,0.908,-4.243,0,0.0913,0.0485,0.239,0.296,154.958,165891.0,4,66.0
0.443,0.459,-8.955,1,0.074,0.546,0.307,0.565,87.064,198371.0,5,82.0
0.696,0.598,-7.917,1,0.0922,0.00232,0.119,0.438,114.989,197427.0,4,53.0
0.554,0.429,-9.055,1,0.042,0.522,0.17,0.821,82.752,180200.0,4,33.0
0.569,0.55,-12.859,1,0.0275,0.00771,0.179,0.746,90.454,185667.0,4,55.0
0.789,0.692,-4.733,1,0.0295,0.0326,0.157,0.705,103.975,220107.0,4,57.0
0.364,0.632,-9.131,1,0.0831,0.0169,0.172,0.607,88.045,261627.0,4,14.0
0.805,0.767,-4.914,0,0.305,0.222,0.136,0.774,160.068,162181.0,4,57.0
0.518,0.438,-5.716,1,0.0234,0.605,0.19,0.144,99.176,5.189333333,4,48.0
0.549,0.41,-7.915,1,0.0239,0.0247,0.125,0.203,80.98,4.218216667,4,42.0
0.633,0.543,-9.142,1,0.0296,0.0798,0.0964,0.118,129.089,318067.0,4,56.0
0.757,0.819,-5.687,1,0.35,0.0525,0.207,0.776,94.169,194267.0,4,34.0
0.803,0.738,-4.946,1,0.294,0.528,0.112,0.323,139.948,178407.0,4,66.0
0.355,0.942,-3.374,0,0.108,9.87e-05,0.33,0.397,195.022,173399.0,3,47.0
0.453,0.813,-4.212,1,0.0324,8.07e-05,0.681,0.974,92.782,189459.0,4,19.0
0.519,0.407,-7.682,0,0.0384,0.844,0.101,0.515,139.954,3.15245,4,65.0
0.584,0.857,-5.236,1,0.0699,0.00547,0.13,0.544,103.517,218200.0,4,57.0
0.533,0.942,-6.25,0,0.0749,0.00354,0.0644,0.269,137.981,522520.0,4,43.0
0.479,0.939,-3.826,0,0.059,0.0417,0.323,0.547,93.047,279086.0,4,39.0
0.641,0.415,-8.212,1,0.0294,0.69,0.0977,0.34,128.091,4.28125,4,52.0
0.536,0.845,-5.765,1,0.0615,0.0033,0.0465,0.6,159.953,208296.0,4,64.0
0.464,0.729,-9.655,1,0.029,0.0611,0.162,0.835,159.902,205720.0,4,20.0
0.65,0.611,-7.619,1,0.0227,0.527,0.0796,0.717,95.059,219183.0,4,39.0
0.585,0.8,-5.926,0,0.0727,0.000195,0.118,0.798,130.105,204307.0,4,44.0
0.68,0.825,-4.296,1,0.0702,0.00173,0.27,0.784,117.987,193533.0,4,77.0
0.436,0.951,-4.332,1,0.0561,0.00123,0.509,0.612,95.999,213813.0,4,32.0
0.386,0.607,-7.7,1,0.0261,0.0112,0.088,0.532,147.207,425653.0,4,75.0
0.538,0.512,-4.548,0,0.0262,0.22,0.101,0.12,144.978,204632.0,4,82.0
0.5,0.866,-4.338,1,0.0443,0.0575,0.129,0.629,176.189,197235.0,4,59.0
0.135,0.0428,-26.085,1,0.0483,0.988,0.134,0.0394,63.831,4.0,4,52.0
0.516,0.513,-11.12,0,0.0298,0.512,0.117,0.48,173.047,193294.0,4,34.0
0.385,0.94,-3.832,0,0.0725,0.475,0.102,0.798,161.022,413893.0,3,20.0
0.828,0.376,-10.096,1,0.103,0.825,0.111,0.698,120.082,144800.0,4,22.0
0.332,0.715,-7.809,0,0.0429,0.0272,0.125,0.111,138.768,648692.0,4,36.0
0.281,0.58,-5.967,1,0.0323,0.333,0.122,0.282,151.568,4.232216667,3,66.0
0.576,0.478,-4.028,1,0.027,0.724,0.127,0.241,95.864,218992.0,4,40.0
0.561,0.209,-10.966,1,0.0347,0.893,0.132,0.394,79.587,235000.0,4,17.0
0.438,0.309,-9.022,0,0.0565,0.886,0.21,0.314,137.705,203000.0,4,56.0
0.716,0.895,-5.419,1,0.0932,0.0266,0.0992,0.577,99.96,215040.0,4,21.0
0.577,0.17,-12.979,1,0.0462,0.865,0.133,0.36,174.192,4.54945,4,61.0
0.619,0.603,-9.481,1,0.0342,0.712,0.0721,0.958,127.433,178933.0,4,74.0
0.464,0.67,-8.048,0,0.062,0.71,0.0971,0.685,93.186,175907.0,4,27.0
0.461,0.897,-3.982,0,0.092,0.00821,0.0965,0.358,165.107,220537.0,4,77.0
0.55,0.975,-3.774,1,0.0656,0.00563,0.122,0.56,129.296,280133.0,4,42.0
0.36,0.895,-3.795,1,0.117,0.0329,0.06,0.424,168.214,182680.0,4,56.0
0.358,0.383,-8.329,0,0.0479,0.821,0.109,0.52,202.794,3.1617,4,25.0
0.524,0.73,-4.479,0,0.0767,0.624,0.389,0.654,109.533,157693.0,4,32.0
0.71,0.605,-9.045,0,0.0317,0.281,0.162,0.422,105.955,220955.0,4,31.0
0.473,0.749,-5.047,0,0.0277,0.000466,0.0883,0.172,150.021,216627.0,4,52.0
0.361,0.8,-5.253,1,0.0446,2.2e-05,0.0835,0.436,141.907,300227.0,4,36.0
0.452,0.207,-13.043,1,0.0299,0.906,0.208,0.347,174.427,152076.0,4,37.0
0.621,0.901,-5.396,1,0.0302,0.17,0.0875,0.744,113.967,300773.0,4,74.0
0.717,0.577,-5.436,1,0.0491,0.708,0.0899,0.235,104.927,185520.0,3,76.0
0.554,0.706,-11.458,0,0.0318,0.549,0.12,0.377,114.961,4.730433333,4,15.0
0.511,0.762,-8.66,1,0.0684,0.367,0.183,0.7,169.121,144680.0,3,26.0
0.572,0.697,-6.352,1,0.269,0.00083,0.0752,0.446,183.82,152413.0,4,41.0
0.415,0.633,-10.748,0,0.0324,0.353,0.669,0.45,109.545,147227.0,4,34.0
0.451,0.926,-6.604,0,0.0576,0.00114,0.2,0.491,111.007,232373.0,4,38.0
0.498,0.901,-6.724,0,0.0511,0.00102,0.104,0.572,96.916,258267.0,4,54.0
0.711,0.505,-11.035,1,0.0291,0.61,0.101,0.605,125.961,208944.0,3,33.0
0.602,0.907,-5.587,1,0.0522,2.62e-05,0.222,0.461,104.348,258427.0,4,54.0
0.293,0.667,-5.707,1,0.0692,1.12e-05,0.111,0.306,117.921,249592.0,4,24.0
0.306,0.635,-7.566,1,0.032,0.017,0.0769,0.221,150.1,243453.0,4,41.0
0.509,0.733,-5.909,1,0.126,0.0165,0.404,0.676,109.736,75760.0,4,47.0
0.731,0.574,-7.114,1,0.029,0.0644,0.0675,0.392,95.995,4.60955,4,50.0
0.695,0.568,-13.572,1,0.0294,0.166,0.125,0.786,111.887,280760.0,4,41.0
0.575,0.754,-5.998,1,0.0244,0.0994,0.0726,0.698,93.459,229510.0,4,46.0
0.838,0.438,-9.576,1,0.232,0.67,0.129,0.86,159.932,158320.0,4,33.0
0.712,0.759,-5.397,1,0.334,0.0161,0.217,0.738,79.102,249333.0,4,60.0
0.556,0.697,-5.959,1,0.0407,0.000128,0.531,0.165,106.071,193794.0,4,49.0
0.419,0.622,-6.239,1,0.0867,0.00048,0.311,0.217,120.117,268155.0,4,11.0
0.674,0.574,-9.087,1,0.051,0.324,0.161,0.498,146.925,245313.0,4,46.0
0.552,0.938,-5.248,1,0.0746,2.98e-06,0.0658,0.287,92.53,188021.0,4,30.0
0.665,0.414,-8.336,0,0.0414,0.87,0.0723,0.614,88.104,169809.0,4,52.0
0.732,0.15,-17.737,1,0.92,0.445,0.371,0.256,70.341,254267.0,4,12.0
0.624,0.468,-12.162,1,0.132,0.881,0.144,0.952,74.139,1.95133333,4,58.0
0.457,0.942,-4.173,1,0.0662,0.000333,0.153,0.595,134.998,168600.0,4,40.0
0.515,0.308,-14.711,1,0.0312,0.907,0.3,0.501,172.472,298093.0,3,12.0
0.525,0.395,-9.291,1,0.0771,0.679,0.227,0.889,124.537,3.398883333,4,4.0
0.625,0.916,-5.861,1,0.0793,0.0368,0.125,0.771,120.027,290144.0,4,38.0
0.198,0.756,-7.04,1,0.0518,0.00229,0.16,0.246,121.924,449947.0,4,51.0
0.454,0.891,-5.101,1,0.0621,0.00229,0.468,0.752,169.869,266466.0,4,37.0
0.368,0.897,-5.243,1,0.0542,0.00186,0.243,0.357,128.538,201813.0,4,38.0
0.691,0.77,-4.578,0,0.0367,0.0282,0.497,0.344,90.024,143901.0,4,74.0
0.2,0.968,-6.191,1,0.14,0.000734,0.0593,0.174,164.978,654427.0,1,35.0
0.58,0.709,-6.312,1,0.0302,1.82e-05,0.178,0.728,120.002,216392.0,4,30.0
0.824,0.348,-11.937,0,0.462,0.28,0.0986,0.897,90.978,190549.0,4,36.0
0.535,0.92,-4.39,0,0.0535,0.031,0.0493,0.587,95.987,200387.0,4,53.0
0.483,0.437,-9.385,0,0.0449,0.853,0.104,0.537,79.478,209500.0,4,35.0
0.552,0.415,-8.651,0,0.0269,0.34,0.148,0.326,135.966,241533.0,4,34.0
0.805,0.479,-14.734,1,0.0436,0.0627,0.104,0.962,128.411,201293.0,4,67.0
0.199,0.948,-5.012,0,0.0511,0.000397,0.128,0.253,163.499,220316.0,4,12.0
0.567,0.434,-12.755,0,0.0349,0.86,0.115,0.254,82.459,272347.0,4,68.0
0.379,0.83,-5.351,0,0.0474,0.00198,0.171,0.46,134.037,241433.0,4,45.0
0.433,0.946,-5.138,0,0.0398,0.00264,0.198,0.578,95.169,261520.0,4,65.0
0.34,0.324,-7.6,1,0.0344,0.345,0.0847,0.344,145.822,185827.0,4,52.0
0.676,0.515,-7.987,0,0.0278,0.135,0.123,0.624,108.008,232513.0,4,25.0
0.43,0.637,-8.777,1,0.0317,1.73e-05,0.348,0.269,79.989,188440.0,4,10.0
0.425,0.971,-4.978,1,0.137,0.00715,0.0866,0.445,164.059,327680.0,4,29.0
0.736,0.454,-9.339,1,0.0266,0.0746,0.339,0.396,113.994,195707.0,4,52.0
0.377,0.477,-8.095,0,0.0303,0.831,0.108,0.234,117.667,226440.0,3,20.0
0.272,0.568,-10.408,0,0.0345,0.483,0.404,0.38,149.825,326027.0,4,41.0
0.363,0.872,-9.103,0,0.048,0.0743,0.231,0.238,105.06,167000.0,4,40.0
0.603,0.895,-6.488,1,0.0326,0.0221,0.0857,0.508,121.01,246560.0,3,42.0
0.477,0.615,-14.173,0,0.0549,0.00369,0.519,0.393,130.716,342573.0,4,6.0
0.515,0.325,-13.498,0,0.0305,0.763,0.122,0.553,68.804,161480.0,4,36.0
0.466,0.86,-3.907,1,0.0432,0.000679,0.103,0.442,92.557,242623.0,4,31.0
0.494,0.702,-7.064,0,0.033,0.584,0.0735,0.886,100.455,215827.0,4,22.0
0.159,0.946,-5.756,1,0.0629,0.0235,0.387,0.309,165.014,149467.0,1,67.0
0.641,0.108,-15.302,1,0.156,0.809,0.173,0.339,86.839,169440.0,4,12.0
0.659,0.882,-7.039,1,0.0527,0.0462,0.0919,0.881,156.099,221840.0,4,50.0
0.34,0.983,-3.152,0,0.222,0.000816,0.667,0.0921,159.996,254000.0,3,38.0
0.67,0.864,-5.2,0,0.0526,0.0901,0.119,0.732,132.01,268747.0,4,54.0
0.516,0.549,-13.741,1,0.0373,0.501,0.184,0.907,176.941,288733.0,4,77.0
0.964,0.398,-8.981,0,0.0795,0.00151,0.101,0.563,105.012,178405.0,4,86.0
0.657,0.744,-5.193,1,0.0341,0.00225,0.362,0.241,90.026,204611.0,4,47.0
0.354,0.518,-6.122,1,0.0949,0.68,0.685,0.528,207.934,361480.0,3,38.0
0.76,0.675,-6.276,1,0.0745,0.189,0.109,0.417,97.021,370611.0,4,50.0
0.555,0.553,-6.627,1,0.0265,0.406,0.0969,0.37,120.069,204440.0,4,39.0
0.554,0.915,-8.52,1,0.0522,0.00105,0.13,0.327,127.997,220878.0,4,31.0
0.271,0.553,-9.526,1,0.0472,0.044,0.0999,0.433,86.762,386373.0,3,62.0
0.763,0.673,-7.383,0,0.0578,0.241,0.471,0.63,133.075,145162.0,4,30.0
0.516,0.595,-4.63,1,0.0313,0.0275,0.109,0.222,119.972,340707.0,4,82.0
0.366,0.985,-3.681,0,0.234,0.00363,0.21,0.0803,160.117,246500.0,4,34.0
0.933,0.611,-5.905,1,0.208,0.208,0.102,0.583,122.097,153443.0,4,41.0
0.497,0.961,-5.774,1,0.0691,0.246,0.129,0.675,105.593,3.75178333,4,47.0
0.755,0.593,-11.093,1,0.0295,0.0972,0.13,0.919,109.812,2.69155,4,43.0
0.66,0.817,-6.269,0,0.0521,0.162,0.0667,0.714,135.942,277592.0,4,53.0
0.616,0.902,-6.475,1,0.0482,0.000267,0.106,0.745,126.791,280387.0,4,32.0
0.391,0.302,-7.551,1,0.0302,0.695,0.203,0.324,166.555,190736.0,4,44.0
0.541,0.459,-10.433,0,0.0297,0.189,0.099,0.803,171.165,187013.0,4,73.0
0.646,0.462,-9.965,1,0.0298,0.112,0.116,0.661,103.987,211038.0,4,34.0
0.708,0.324,-13.247,1,0.332,0.442,0.149,0.638,103.924,126933.0,4,33.0
0.611,0.931,-5.043,1,0.0921,0.00966,0.593,0.9,122.0,224253.0,4,35.0
0.804,0.615,-6.129,1,0.0702,0.0921,0.0421,0.647,91.967,191349.0,4,29.0
0.565,0.645,-7.627,0,0.117,0.588,0.121,0.554,62.316,308040.0,4,34.0
0.423,0.312,-11.104,0,0.0368,0.865,0.957,0.292,123.132,337653.0,4,22.0
0.334,0.636,-9.263,1,0.0288,4.17e-06,0.159,0.208,165.434,365707.0,4,46.0
0.722,0.77,-4.817,0,0.068,0.422,0.273,0.62,135.109,205983.0,4,36.0
0.552,0.947,-4.671,1,0.15,0.000652,0.0637,0.465,127.631,282747.0,4,69.0
0.691,0.762,-6.47,0,0.0367,0.462,0.0804,0.957,128.111,187533.0,4,66.0
0.55,0.0874,-20.571,0,0.0747,0.953,0.0988,0.255,97.052,1.709516667,4,38.0
0.422,0.587,-9.655,0,0.0993,0.0529,0.0958,0.0961,140.852,272067.0,4,32.0
0.598,0.906,-3.435,1,0.0447,0.00931,0.16,0.525,97.007,172280.0,4,53.0
0.485,0.669,-4.95,1,0.0336,0.0802,0.422,0.486,134.008,4.174666667,4,50.0
0.511,0.697,-6.257,1,0.0278,0.000109,0.0677,0.832,79.994,202813.0,4,35.0
0.638,0.974,-3.668,1,0.0875,0.0289,0.316,0.773,123.0,219373.0,4,32.0
0.476,0.943,-7.726,1,0.0845,0.00547,0.123,0.542,169.854,252200.0,4,32.0
0.477,0.917,-4.692,1,0.0547,0.00295,0.268,0.71,150.974,141293.0,4,55.0
0.279,0.723,-5.322,1,0.0472,0.0134,0.201,0.455,138.174,181625.0,4,48.0
0.404,0.924,-5.387,0,0.0701,0.00123,0.442,0.417,93.418,248511.0,4,66.0
0.324,0.832,-5.95,1,0.0765,7.05e-05,0.281,0.372,130.044,155846.0,4,26.0
0.449,0.813,-7.167,0,0.0681,0.0479,0.941,0.463,119.924,4.441016667,4,14.0
0.873,0.6,-7.178,1,0.192,0.623,0.0701,0.705,124.01,173493.0,4,63.0
0.577,0.447,-16.187,0,0.0412,0.424,0.0837,0.675,84.476,212827.0,4,37.0
0.509,0.912,-6.52,1,0.0308,0.326,0.0527,0.854,167.939,191161.0,4,44.0
0.521,0.818,-11.535,1,0.0533,0.0686,0.327,0.59,114.49,253267.0,4,37.0
0.418,0.0872,-24.547,1,0.0354,0.92,0.108,0.14,148.264,5.09275,3,46.0
0.515,0.958,-5.33,1,0.0339,0.000741,0.143,0.694,135.006,165143.0,4,41.0
0.556,0.825,-5.79,0,0.0473,0.00383,0.922,0.28,125.001,9.835333333,4,39.0
0.67,0.703,-6.313,0,0.214,0.2,0.0803,0.434,120.008,188000.0,4,60.0
0.666,0.778,-3.835,0,0.0581,0.266,0.0803,0.873,196.052,158015.0,4,38.0
0.866,0.909,-9.575,1,0.212,0.288,0.118,0.652,106.534,446533.0,4,30.0
0.639,0.628,-7.578,0,0.0399,0.0381,0.386,0.43,90.482,237507.0,4,78.0
0.299,0.867,-8.981,1,0.329,0.863,0.197,0.881,165.444,5.72,4,1.0
0.363,0.81,-4.019,0,0.0397,0.00805,0.128,0.555,118.581,233320.0,4,36.0
0.639,0.413,-10.25,0,0.0382,0.467,0.227,0.22,111.941,203627.0,4,22.0
0.391,0.111,-16.743,1,0.0404,0.973,0.153,0.362,139.327,1.71705,3,13.0
0.611,0.394,-10.757,1,0.0416,0.534,0.108,0.202,123.941,256267.0,4,71.0
0.516,0.55,-7.304,1,0.0387,0.315,0.261,0.719,178.42,261990.0,4,35.0
0.395,0.764,-6.258,0,0.0419,0.000316,0.111,0.325,141.423,169947.0,4,61.0
0.655,0.469,-6.257,1,0.0292,0.173,0.0956,0.467,92.56,161385.0,4,86.0
0.519,0.666,-9.732,1,0.0645,0.101,0.118,0.274,146.467,141160.0,4,48.0
0.514,0.428,-8.409,1,0.0485,0.101,0.0992,0.125,105.913,206840.0,4,32.0
0.232,0.961,-7.454,0,0.161,3.53e-05,0.157,0.297,154.418,523347.0,4,43.0
0.734,0.845,-5.64,0,0.225,0.452,0.14,0.809,73.205,175563.0,4,44.0
0.501,0.645,-10.914,1,0.0866,0.575,0.0828,0.684,157.296,227067.0,4,29.0
0.491,0.101,-22.313,1,0.0391,0.887,0.114,0.363,96.211,6.511783333,3,41.0
0.662,0.761,-6.598,1,0.0251,0.0705,0.162,0.414,106.692,362493.0,4,37.0
0.27,0.952,-3.642,0,0.0885,6.51e-05,0.2,0.54,89.766,199134.0,4,28.0
0.512,0.459,-5.632,1,0.0266,0.468,0.138,0.435,146.93,210283.0,4,34.0
0.5,0.824,-5.846,0,0.0388,0.00016,0.0916,0.539,120.125,218920.0,4,78.0
0.538,0.802,-5.865,1,0.0412,0.00109,0.0993,0.735,96.004,151407.0,4,56.0
0.481,0.455,-7.471,0,0.0315,0.0199,0.104,0.333,128.013,311664.0,4,16.0
0.493,0.606,-4.437,0,0.0401,0.0042,0.0679,0.573,175.896,214147.0,4,58.0
0.609,0.88,-4.391,0,0.0676,0.00061,0.0814,0.645,120.006,203547.0,4,41.0
0.551,0.858,-4.882,0,0.0981,0.0621,0.354,0.422,128.05,194013.0,4,41.0
0.79,0.628,-9.17,1,0.116,0.0568,0.225,0.171,91.967,166957.0,4,20.0
0.669,0.563,-10.437,0,0.0357,0.25,0.142,0.394,119.974,220623.0,4,51.0
0.53,0.898,-7.516,1,0.039,0.00165,0.3,0.77,130.251,267840.0,4,40.0
0.86,0.713,-6.008,0,0.054,0.168,0.391,0.605,142.022,155153.0,4,58.0
0.487,0.678,-8.058,1,0.0334,0.167,0.687,0.355,140.175,4.757783333,4,31.0
0.133,0.996,-6.82,1,0.128,0.000402,0.367,0.0307,92.627,373907.0,4,24.0
0.604,0.689,-13.12,0,0.0459,0.401,0.104,0.673,87.838,4.665166667,4,48.0
0.597,0.617,-7.482,0,0.282,0.463,0.66,0.889,97.923,275520.0,4,77.0
0.585,0.8,-6.094,1,0.035,0.0017,0.0981,0.368,110.971,222936.0,4,58.0
0.533,0.761,-10.632,1,0.0298,0.013,0.207,0.917,122.777,162187.0,4,68.0
0.415,0.533,-8.445,1,0.0308,0.0037,0.176,0.126,138.929,278440.0,4,2.0
0.258,0.978,-4.208,1,0.172,0.000519,0.218,0.28,132.862,221470.0,4,55.0
0.575,0.607,-8.295,1,0.0238,0.303,0.093,0.748,102.105,251600.0,4,24.0
0.412,0.987,-2.974,0,0.127,1.67e-05,0.204,0.239,134.965,257107.0,4,21.0
0.491,0.949,-4.428,1,0.0853,0.000191,0.109,0.316,139.988,246160.0,4,42.0
0.763,0.456,-6.769,1,0.0622,0.251,0.103,0.838,140.112,131877.0,4,59.0
0.697,0.545,-7.429,0,0.0335,0.0994,0.163,0.624,79.979,255117.0,4,33.0
0.55,0.804,-5.218,1,0.0271,0.0148,0.105,0.789,79.166,231667.0,4,69.0
0.822,0.419,-9.26,1,0.0761,0.00413,0.0312,0.486,112.999,391187.0,4,57.0
0.371,0.994,-5.875,0,0.115,2.86e-06,0.173,0.0322,119.998,386077.0,3,29.0
0.74,0.419,-7.859,1,0.0507,0.76,0.118,0.684,137.671,258547.0,4,40.0
0.646,0.539,-12.116,1,0.0402,0.369,0.178,0.594,102.984,161960.0,4,14.0
0.549,0.741,-3.711,1,0.0325,0.000423,0.298,0.42,140.017,236347.0,4,58.0
0.369,0.303,-11.763,0,0.0564,0.848,0.111,0.127,147.439,250453.0,4,45.0
0.61,0.678,-8.776,1,0.0326,0.0125,0.146,0.315,125.012,258425.0,4,36.0
0.339,0.959,-5.181,1,0.0804,0.000156,0.355,0.176,157.75,214399.0,4,29.0
0.694,0.765,-5.773,0,0.0613,0.0165,0.179,0.407,129.927,203538.0,4,51.0
0.74,0.413,-11.152,1,0.0499,0.803,0.752,0.564,131.764,226653.0,4,30.0
0.566,0.577,-5.868,0,0.0292,0.00449,0.386,0.217,109.938,452080.0,4,42.0
0.702,0.633,-6.402,0,0.0552,0.0921,0.0965,0.556,80.02,227333.0,4,30.0
0.504,0.323,-12.442,0,0.0481,0.382,0.373,0.453,79.654,201917.0,4,59.0
0.888,0.54,-6.071,0,0.134,0.348,0.0821,0.806,99.992,193165.0,4,60.0
0.862,0.753,-5.356,1,0.0625,0.131,0.077,0.827,105.039,3.047616667,4,87.0
0.206,0.103,-19.888,0,0.0355,0.968,0.0989,0.0544,71.412,1.973083333,4,43.0
0.688,0.533,-12.869,1,0.12,0.00347,0.152,0.664,127.981,185630.0,4,36.0
0.336,0.988,-5.357,1,0.2,1.05e-05,0.206,0.15,105.843,261560.0,4,41.0
0.603,0.337,-10.09,0,0.036,0.678,0.104,0.0785,115.014,208194.0,4,3.0
0.483,0.988,-4.835,1,0.0794,0.000455,0.143,0.199,109.986,248992.0,4,69.0
0.441,0.49,-11.249,1,0.0447,0.642,0.417,0.556,107.735,235431.0,1,29.0
0.471,0.369,-10.804,1,0.0559,0.732,0.124,0.299,129.086,381050.0,4,27.0
0.436,0.437,-6.702,0,0.0409,0.696,0.0695,0.407,149.596,194760.0,4,37.0
0.415,0.363,-10.736,1,0.0315,0.694,0.105,0.258,83.486,179933.0,4,41.0
0.721,0.517,-7.308,0,0.0622,0.306,0.13,0.171,79.015,210380.0,4,51.0
0.474,0.992,-2.633,0,0.284,0.00046,0.087,0.0826,125.042,195970.0,4,26.0
0.252,0.729,-10.022,0,0.0646,0.0974,0.045,0.689,199.738,245377.0,4,55.0
0.736,0.712,-8.933,1,0.246,0.0147,0.146,0.604,129.962,215920.0,4,48.0
0.611,0.732,-6.078,1,0.0314,0.262,0.266,0.375,111.984,3.933333333,4,42.0
0.533,0.564,-6.975,0,0.0328,0.547,0.182,0.333,134.122,220382.0,4,26.0
0.775,0.438,-8.479,1,0.0598,0.654,0.131,0.637,142.027,171693.0,4,55.0
0.148,0.864,-7.92,0,0.0788,5.29e-05,0.0951,0.197,103.573,336514.0,4,30.0
0.655,0.9,-6.267,1,0.0423,0.0447,0.269,0.885,109.984,252631.0,4,53.0
0.808,0.676,-4.902,1,0.223,0.0618,0.11,0.0763,144.018,144973.0,4,64.0
0.774,0.714,-5.009,0,0.0427,0.00388,0.045,0.811,111.964,268053.0,4,46.0
0.656,0.291,-10.572,1,0.0293,0.872,0.114,0.298,103.971,232533.0,4,80.0
0.617,0.651,-4.03,0,0.0331,0.0977,0.0671,0.577,66.019,181329.0,4,39.0
0.499,0.667,-4.336,1,0.0325,0.2,0.0894,0.38,137.905,3.50245,4,67.0
0.173,0.811,-11.903,1,0.0809,0.000111,0.403,0.205,120.177,195613.0,4,42.0
0.415,0.72,-11.177,1,0.0492,0.481,0.185,0.619,176.785,234627.0,4,50.0
0.842,0.941,-6.912,1,0.0517,0.136,0.0645,0.716,119.075,191987.0,4,32.0
0.404,0.902,-3.88,1,0.0665,0.577,0.287,0.497,115.669,423840.0,4,75.0
0.612,0.85,-4.703,1,0.5,0.0393,0.255,0.781,173.497,204027.0,4,64.0
0.661,0.643,-7.655,1,0.0319,0.168,0.0966,0.36,148.994,231701.0,4,59.0
0.532,0.548,-10.105,0,0.0253,0.0991,0.264,0.902,93.765,210427.0,4,40.0
0.607,0.413,-11.455,0,0.0392,0.525,0.0929,0.234,91.951,294360.0,4,26.0
0.325,0.365,-8.252,1,0.0382,0.00638,0.0745,0.319,144.914,170867.0,4,56.0
0.345,0.418,-7.787,0,0.0316,0.299,0.103,0.267,109.044,198800.0,3,64.0
0.506,0.934,-8.391,1,0.0472,5.06e-06,0.357,0.486,109.986,283500.0,4,24.0
0.59,0.372,-12.37,1,0.0318,0.00105,0.316,0.306,99.887,210907.0,4,67.0
0.371,0.432,-7.015,0,0.0303,0.397,0.102,0.196,148.602,176803.0,4,46.0
0.62,0.944,-3.082,0,0.0863,0.0014,0.733,0.592,103.024,192655.0,4,75.0
0.617,0.948,-4.236,0,0.0621,0.00226,0.0755,0.863,139.996,183002.0,4,60.0
0.619,0.696,-6.269,0,0.0315,1.89e-05,0.38,0.727,125.986,219720.0,4,59.0
0.693,0.666,-6.347,0,0.0422,0.00402,0.098,0.651,92.015,4.43045,4,36.0
0.461,0.755,-6.883,0,0.0453,0.00146,0.188,0.218,79.02,166389.0,4,49.0
0.522,0.88,-3.873,1,0.0959,0.00186,0.16,0.659,129.971,198467.0,4,56.0
0.726,0.817,-6.397,0,0.0334,0.399,0.0871,0.501,126.977,222976.0,4,46.0
0.555,0.662,-8.373,1,0.0379,0.102,0.101,0.271,84.875,137520.0,4,31.0
0.525,0.483,-8.194,1,0.0331,0.00389,0.176,0.0558,110.015,375427.0,4,35.0
0.619,0.637,-7.369,1,0.0286,0.015,0.374,0.936,105.205,246307.0,4,63.0
0.46,0.842,-4.937,1,0.0373,0.0827,0.147,0.342,96.012,4.012216667,4,50.0
0.373,0.63,-5.131,1,0.0461,0.0552,0.107,0.352,115.942,202200.0,4,61.0
0.547,0.922,-5.166,1,0.0605,0.00118,0.0918,0.473,133.309,248639.0,4,48.0
0.514,0.69,-7.212,1,0.0383,0.298,0.133,0.291,164.22,221419.0,3,40.0
0.567,0.717,-12.307,1,0.0367,0.00587,0.0517,0.808,117.564,271440.0,4,31.0
0.677,0.724,-8.992,1,0.0245,0.143,0.158,0.697,90.392,3.544,4,67.0
0.282,0.484,-6.875,1,0.0352,0.374,0.125,0.312,177.367,271678.0,4,38.0
0.437,0.133,-20.449,0,0.0335,0.978,0.119,0.165,103.997,242329.0,4,50.0
0.706,0.786,-3.417,0,0.091,0.26,0.38,0.751,150.028,199387.0,4,79.0
0.571,0.967,-3.717,1,0.0716,0.00642,0.227,0.712,161.962,213587.0,4,60.0
0.444,0.896,-4.633,1,0.0505,0.00037,0.423,0.328,102.343,270573.0,4,50.0
0.229,0.99,-2.901,1,0.158,0.000189,0.263,0.173,164.892,184773.0,4,36.0
0.44,0.757,-6.813,1,0.0591,0.289,0.294,0.616,74.712,203573.0,4,29.0
0.589,0.337,-10.761,1,0.118,0.598,0.176,0.585,185.908,287547.0,3,9.0
0.357,0.795,-5.909,1,0.0337,0.0134,0.111,0.416,97.171,338227.0,4,63.0
0.709,0.496,-10.528,0,0.0417,0.581,0.151,0.469,78.477,181587.0,4,69.0
0.48,0.449,-14.561,1,0.0279,0.375,0.225,0.6,102.074,199627.0,4,26.0
0.618,0.554,-7.39,0,0.0464,0.029,0.179,0.575,140.038,187544.0,4,51.0
0.82,0.615,-4.548,1,0.0466,0.151,0.204,0.768,129.874,3.23311667,4,60.0
0.657,0.791,-6.825,0,0.0272,0.611,0.0486,0.901,138.003,199613.0,4,28.0
0.615,0.641,-5.447,1,0.0921,0.768,0.698,0.828,102.607,5.25995,4,21.0
0.694,0.214,-12.774,1,0.0316,0.929,0.137,0.375,121.958,136312.0,4,41.0
0.576,0.32,-9.224,1,0.0597,0.795,0.104,0.891,96.171,172713.0,4,2.0
0.284,0.948,-2.924,0,0.135,0.000173,0.116,0.218,170.025,246555.0,4,42.0
0.68,0.625,-10.427,0,0.0273,0.103,0.11,0.433,126.991,223751.0,4,33.0
0.627,0.891,-6.094,1,0.0676,0.121,0.281,0.722,138.79,185093.0,4,61.0
0.504,0.923,-3.865,0,0.0511,0.0383,0.109,0.493,96.003,341618.0,4,30.0
0.748,0.693,-7.832,0,0.278,0.282,0.123,0.768,88.802,275947.0,4,60.0
0.863,0.676,-9.949,0,0.175,0.2,0.0929,0.538,111.022,426333.0,4,36.0
0.065,0.341,-12.743,0,0.0482,0.154,0.109,0.0334,65.38,6.195783333,4,61.0
0.604,0.67,-11.053,1,0.0428,0.767,0.0948,0.97,100.492,106789.0,4,25.0
0.354,0.982,-3.026,0,0.168,0.000237,0.204,0.194,143.772,252613.0,4,77.0
0.345,0.614,-6.976,1,0.0357,0.0309,0.134,0.042,123.016,407533.0,4,33.0
0.738,0.941,-2.78,1,0.0831,0.162,0.142,0.799,100.017,210773.0,4,21.0
0.578,0.866,-3.804,1,0.0619,0.00701,0.257,0.619,128.038,199080.0,4,81.0
0.366,0.439,-5.238,1,0.0298,0.0781,0.108,0.11,115.94,214088.0,3,75.0
0.723,0.789,-4.813,1,0.0302,0.0441,0.0612,0.946,124.013,4.49,4,55.0
0.637,0.525,-6.421,0,0.0244,0.0187,0.463,0.621,140.092,196909.0,4,37.0
0.608,0.89,-3.709,1,0.0316,0.00127,0.161,0.351,111.994,222400.0,4,41.0
0.499,0.76,-8.662,1,0.0354,0.257,0.104,0.206,120.011,285313.0,4,41.0
0.432,0.968,-5.682,0,0.07,1.02e-05,0.1,0.397,107.93,118000.0,4,5.0
0.829,0.343,-4.937,0,0.102,0.00734,0.179,0.312,78.035,135431.0,4,78.0
0.489,0.994,-2.236,0,0.113,2.05e-05,0.333,0.218,90.015,243000.0,4,43.0
0.714,0.657,-6.436,1,0.118,0.0802,0.35,0.725,151.898,163816.0,4,64.0
0.475,0.882,-3.883,1,0.351,0.406,0.241,0.369,98.001,279307.0,4,70.0
0.49,0.679,-3.68,1,0.0309,0.00394,0.0383,0.506,167.046,261267.0,4,73.0
0.538,0.954,-2.305,1,0.0359,0.571,0.397,0.962,159.982,203493.0,4,40.0
0.238,0.946,-4.054,0,0.126,0.000147,0.166,0.276,158.757,205831.0,4,55.0
0.59,0.716,-7.261,1,0.0528,0.00963,0.17,0.61,149.048,193867.0,4,37.0
0.511,0.82,-7.423,1,0.0596,0.117,0.0959,0.928,102.18,246360.0,4,18.0
0.639,0.38,-16.251,1,0.0753,0.426,0.124,0.488,97.814,280573.0,1,31.0
0.589,0.102,-16.807,1,0.0357,0.978,0.115,0.424,79.547,3.016283333,4,29.0
0.776,0.609,-5.631,0,0.0375,0.301,0.077,0.375,138.047,184351.0,4,62.0
0.427,0.0348,-27.214,1,0.0411,0.987,0.0821,0.0703,116.824,6.588,4,39.0
0.834,0.904,-8.979,0,0.234,0.4,0.119,0.282,103.969,258462.0,4,47.0
0.761,0.806,-4.402,0,0.0603,0.0664,0.619,0.707,116.977,206893.0,4,48.0
0.447,0.563,-8.404,1,0.0307,0.0388,0.0879,0.0385,80.017,339120.0,4,34.0
0.299,0.933,-6.874,0,0.17,0.0742,0.0723,0.205,180.092,225040.0,3,60.0
0.463,0.654,-7.669,1,0.0408,0.000352,0.301,0.371,100.012,165539.0,4,48.0
0.618,0.558,-8.184,1,0.0251,0.604,0.124,0.336,111.709,5.1512,4,59.0
0.266,0.815,-9.946,1,0.296,0.0514,0.242,0.432,187.106,192261.0,4,50.0
0.6,0.155,-15.675,1,0.0673,0.972,0.108,0.0745,117.888,2.3542,4,47.0
0.855,0.583,-5.277,0,0.074,0.196,0.0766,0.902,134.953,144227.0,4,55.0
0.784,0.539,-8.938,0,0.274,0.0818,0.106,0.576,149.059,202560.0,4,73.0
0.45,0.856,-3.081,1,0.0734,0.000385,0.604,0.361,174.096,220733.0,4,61.0
0.53,0.396,-6.537,1,0.0237,0.637,0.105,0.316,82.084,281613.0,3,46.0
0.391,0.756,-11.317,1,0.0648,0.413,0.879,0.839,131.648,258467.0,4,57.0
0.572,0.368,-20.157,1,0.0371,0.66,0.0975,0.102,106.012,224358.0,4,36.0
0.639,0.867,-4.523,1,0.0382,0.118,0.196,0.882,147.923,191738.0,4,53.0
0.763,0.525,-7.62,0,0.0565,0.071,0.0555,0.704,105.584,258185.0,4,49.0
0.434,0.911,-6.89,1,0.11,0.000151,0.357,0.426,139.702,131143.0,4,49.0
0.594,0.851,-3.47,1,0.0514,0.00881,0.0749,0.898,83.522,180356.0,4,40.0
0.654,0.6,-6.174,1,0.264,0.0011,0.0403,0.406,130.166,203731.0,4,47.0
0.612,0.921,-2.882,1,0.085,0.0183,0.0576,0.446,139.988,202173.0,4,72.0
0.277,0.848,-7.714,1,0.0789,0.00421,0.0896,0.126,128.194,208493.0,4,28.0
0.15,0.828,-6.575,0,0.0856,0.000347,0.734,0.432,75.99,308093.0,4,37.0
0.822,0.969,-11.471,0,0.0582,0.259,0.39,0.765,128.007,283748.0,4,76.0
0.726,0.631,-8.136,0,0.0334,0.22,0.193,0.746,124.711,3.987333333,4,58.0
0.192,0.737,-5.319,0,0.0835,3.78e-05,0.14,0.266,83.763,243853.0,5,53.0
0.338,0.66,-13.289,1,0.0632,0.0191,0.967,0.201,123.416,262048.0,4,1.0
0.5,0.817,-5.876,1,0.0457,0.000255,0.136,0.48,130.978,230127.0,4,40.0
0.192,0.0305,-25.163,1,0.0374,0.942,0.114,0.0893,106.624,2.41395,3,35.0
0.688,0.677,-7.269,1,0.384,0.418,0.16,0.762,143.062,169615.0,4,52.0
0.454,0.121,-18.337,0,0.0437,0.915,0.0894,0.0724,109.119,4.782666667,5,26.0
0.618,0.454,-9.328,0,0.0348,0.587,0.136,0.42,79.934,3.362,4,55.0
0.384,0.79,-6.104,0,0.0457,0.00518,0.117,0.404,167.989,278227.0,4,29.0
0.368,0.812,-5.633,1,0.0342,6.23e-05,0.325,0.357,150.017,222588.0,4,44.0
0.716,0.322,-12.394,1,0.0387,0.966,0.103,0.629,171.485,169413.0,4,36.0
0.601,0.41,-9.331,1,0.0442,0.509,0.104,0.765,106.399,251693.0,4,14.0
0.526,0.845,-6.424,0,0.0584,1.16e-05,0.0951,0.425,125.986,247262.0,4,32.0
0.557,0.886,-5.356,1,0.0302,0.0377,0.163,0.545,96.989,5.591333333,4,63.0
0.772,0.705,-6.255,1,0.0411,0.247,0.23,0.834,124.908,225700.0,4,69.0
0.574,0.925,-2.766,0,0.0463,0.00164,0.115,0.369,125.501,243333.0,4,55.0
0.774,0.838,-3.914,0,0.114,0.0249,0.242,0.924,143.04,3.313333333,4,81.0
0.46,0.818,-7.945,1,0.0366,4.08e-05,0.0867,0.15,117.817,267933.0,4,50.0
0.392,0.897,-3.835,1,0.0992,0.00161,0.0416,0.561,184.053,347000.0,4,44.0
0.267,1.0,-4.92,0,0.135,0.016,0.45,0.0215,138.616,369760.0,4,47.0
0.55,0.53,-11.147,0,0.0342,0.809,0.13,0.545,93.927,218112.0,4,49.0
0.452,0.83,-7.759,1,0.032,0.0018,0.0935,0.405,141.825,230916.0,4,25.0
0.415,0.0276,-26.725,1,0.0429,0.974,0.102,0.183,146.044,3.750666667,3,36.0
0.483,0.818,-7.666,1,0.0444,0.114,0.367,0.691,175.668,219467.0,4,68.0
0.189,0.476,-9.192,1,0.0306,0.881,0.127,0.038,88.83,255460.0,4,34.0
0.82,0.726,-4.572,1,0.296,0.023,0.139,0.631,176.189,183515.0,4,16.0
0.631,0.787,-6.272,0,0.0436,0.389,0.179,0.663,94.008,277267.0,4,34.0
0.928,0.517,-6.489,1,0.361,0.0679,0.174,0.616,95.523,207467.0,4,60.0
0.431,0.731,-6.188,0,0.0489,0.00709,0.35,0.644,176.515,126463.0,5,57.0
0.715,0.673,-6.495,0,0.313,0.0943,0.174,0.292,97.61,148000.0,4,46.0
0.562,0.903,-4.46,0,0.0296,0.000187,0.298,0.791,132.009,221000.0,4,67.0
0.411,0.595,-7.926,0,0.0334,0.279,0.0827,0.121,169.097,243267.0,4,25.0
0.583,0.79,-8.165,1,0.0423,0.00902,0.0797,0.48,133.021,429533.0,4,34.0
0.544,0.484,-6.215,0,0.0303,0.57,0.339,0.16,127.694,244427.0,4,24.0
0.538,0.826,-4.479,1,0.0942,0.0169,0.0887,0.594,142.037,188600.0,4,47.0
0.669,0.733,-10.495,1,0.0494,0.0205,0.042,0.833,153.778,171093.0,4,43.0
0.68,0.763,-8.158,1,0.0908,0.0045,0.106,0.385,105.902,312720.0,4,53.0
0.411,0.805,-5.246,0,0.0418,0.00879,0.0819,0.238,83.479,364907.0,4,56.0
0.66,0.836,-10.636,0,0.0335,0.0532,0.357,0.534,89.999,173067.0,4,49.0
0.414,0.938,-5.487,1,0.143,0.00125,0.458,0.341,177.971,234800.0,4,38.0
0.551,0.8,-4.813,1,0.0347,0.103,0.111,0.811,164.127,176341.0,4,24.0
0.483,0.808,-6.324,1,0.114,0.0407,0.0987,0.68,82.042,208867.0,4,19.0
0.487,0.678,-6.908,1,0.0277,0.0814,0.168,0.869,87.241,147187.0,4,21.0
0.7,0.393,-10.88,1,0.0471,0.6,0.113,0.477,79.638,337200.0,4,59.0
0.381,0.732,-7.594,0,0.0536,0.00834,0.0854,0.814,142.504,233240.0,4,67.0
0.207,0.676,-6.078,1,0.0413,0.0276,0.392,0.161,94.386,127450.0,4,42.0
0.481,0.765,-4.025,1,0.0388,0.00381,0.119,0.465,102.829,232960.0,4,61.0
0.69,0.91,-4.103,1,0.083,0.163,0.0665,0.664,120.986,183480.0,4,36.0
0.615,0.702,-9.686,1,0.0278,0.00746,0.0608,0.734,96.99,234333.0,4,68.0
0.278,0.479,-16.422,1,0.0298,0.11,0.0601,0.108,115.029,496573.0,3,44.0
0.385,0.947,-3.141,1,0.0729,4.72e-05,0.662,0.831,176.28,228080.0,4,53.0
0.402,0.924,-3.433,1,0.0519,0.000356,0.0834,0.68,170.739,239747.0,4,45.0
0.632,0.388,-6.686,1,0.117,0.341,0.18,0.808,99.99,145513.0,4,23.0
0.738,0.507,-6.991,0,0.0272,0.229,0.0724,0.7,80.015,237244.0,4,52.0
0.79,0.838,-5.497,0,0.136,0.0685,0.102,0.916,97.976,203456.0,4,29.0
0.406,0.961,-3.382,0,0.157,0.000177,0.325,0.508,186.025,181935.0,4,40.0
0.349,0.201,-15.368,1,0.0294,0.767,0.134,0.338,77.402,148853.0,3,46.0
0.616,0.434,-7.257,0,0.031,0.581,0.131,0.404,108.467,505453.0,4,52.0
0.4,0.916,-5.443,0,0.0479,0.00982,0.171,0.352,168.209,169287.0,4,51.0
0.702,0.893,-6.647,0,0.0411,0.0742,0.0582,0.962,112.116,251200.0,4,34.0
0.647,0.191,-18.669,1,0.0271,0.924,0.109,0.439,104.984,227960.0,1,35.0
0.571,0.447,-8.303,1,0.0246,0.613,0.07,0.345,80.699,211360.0,4,39.0
0.676,0.674,-5.301,0,0.0582,0.107,0.153,0.462,103.951,187041.0,4,40.0
0.552,0.636,-8.602,1,0.0305,0.65,0.291,0.539,134.842,262773.0,4,34.0
0.434,0.952,-4.946,1,0.117,3.23e-05,0.173,0.573,194.027,210928.0,4,51.0
0.65,0.6,-10.615,0,0.04,0.0278,0.811,0.795,110.016,180203.0,4,33.0
0.294,0.859,-4.635,0,0.0448,0.00519,0.102,0.368,96.466,350513.0,4,32.0
0.387,0.322,-13.348,1,0.0378,0.181,0.205,0.258,114.762,3.05755,3,47.0
0.797,0.872,-6.727,0,0.0575,0.291,0.284,0.866,129.885,222427.0,4,72.0
0.485,0.707,-5.598,1,0.0765,0.339,0.16,0.541,79.744,240728.0,4,50.0
0.625,0.358,-8.545,0,0.0279,0.309,0.11,0.238,84.609,222929.0,4,55.0
0.5,0.899,-4.066,1,0.0736,4.84e-05,0.0794,0.566,130.06,229107.0,4,62.0
0.522,0.801,-3.641,1,0.0301,8.2e-06,0.174,0.197,112.445,305707.0,4,60.0
0.364,0.904,-4.168,1,0.0451,0.00341,0.153,0.73,139.887,199693.0,4,45.0
0.481,0.91,-4.176,1,0.0441,0.00169,0.368,0.428,141.324,247742.0,4,34.0
0.632,0.786,-9.329,0,0.0578,0.117,0.127,0.551,123.002,232120.0,4,41.0
0.535,0.0689,-21.391,1,0.038,0.869,0.0766,0.211,123.288,3.279733333,4,46.0
0.774,0.412,-8.619,1,0.378,0.026,0.088,0.38,139.943,116760.0,4,77.0
0.364,0.98,-3.144,1,0.17,9.64e-05,0.0622,0.505,74.987,172312.0,4,25.0
0.345,0.965,-5.701,1,0.0701,1.74e-05,0.15,0.1,136.953,522250.0,4,40.0
0.166,0.948,-8.503,0,0.0631,0.00374,0.769,0.476,177.495,506160.0,4,59.0
0.633,0.842,-4.642,1,0.0262,0.111,0.139,0.674,114.449,275067.0,4,55.0
0.675,0.562,-5.99,1,0.0968,0.245,0.103,0.655,79.916,2.61605,1,68.0
0.475,0.762,-7.452,0,0.0391,0.0018,0.285,0.619,113.682,228973.0,4,60.0
0.687,0.499,-12.092,1,0.0395,0.664,0.0893,0.809,82.5,153573.0,4,31.0
0.285,0.825,-7.049,0,0.0466,0.000826,0.268,0.516,164.611,223533.0,4,61.0
0.604,0.905,-7.059,0,0.0578,0.309,0.0837,0.723,147.448,289800.0,4,65.0
0.257,0.984,-2.448,1,0.212,0.000209,0.367,0.139,100.047,272100.0,4,44.0
0.466,0.496,-6.606,1,0.0302,0.626,0.117,0.352,74.747,269893.0,4,69.0
0.459,0.727,-11.777,1,0.0303,0.00614,0.384,0.955,149.231,292173.0,1,69.0
0.55,0.726,-8.51,1,0.0516,0.146,0.428,0.37,92.697,307493.0,4,64.0
0.8,0.44,-7.26,1,0.0428,0.0522,0.0546,0.5,140.107,152571.0,4,42.0
0.825,0.823,-6.757,1,0.0857,0.0321,0.0548,0.966,141.96,226646.0,4,40.0
0.431,0.26,-10.734,1,0.0491,0.914,0.357,0.202,155.866,231260.0,3,27.0
0.625,0.524,-10.965,1,0.046,0.0405,0.122,0.516,125.348,415467.0,4,46.0
0.39,0.83,-5.201,0,0.0563,0.0021,0.156,0.191,90.021,2.8005,4,86.0
0.498,0.81,-4.065,1,0.0263,0.00392,0.0635,0.594,79.935,189160.0,4,78.0
0.422,0.302,-9.214,1,0.0372,0.629,0.104,0.123,114.089,248827.0,4,89.0
0.599,0.639,-6.07,1,0.0295,0.125,0.243,0.534,96.044,202844.0,4,40.0
0.623,0.551,-11.776,0,0.353,0.232,0.13,0.342,136.67,182165.0,4,32.0
0.759,0.727,-5.617,1,0.111,0.000151,0.0588,0.376,139.995,169187.0,4,63.0
0.587,0.299,-6.649,1,0.0327,0.853,0.149,0.184,96.657,3.16778333,3,52.0
0.592,0.8,-6.086,1,0.0285,0.0225,0.17,0.838,138.759,206333.0,4,46.0
0.421,0.9,-3.171,1,0.162,0.59,0.315,0.755,130.294,249235.0,4,18.0
0.199,0.955,-2.774,0,0.111,0.00191,0.098,0.454,184.916,194800.0,4,60.0
0.681,0.912,-4.159,1,0.0912,0.000757,0.359,0.479,125.031,231603.0,4,70.0
0.537,0.391,-10.797,1,0.0264,0.842,0.119,0.379,73.008,216467.0,4,46.0
0.306,0.74,-4.521,1,0.0532,0.232,0.0892,0.314,98.3,208906.0,5,77.0
0.611,0.886,-4.673,1,0.0343,0.0551,0.247,0.27,112.988,3.60445,4,63.0
0.578,0.396,-14.602,0,0.133,0.0436,0.116,0.605,170.008,187200.0,4,36.0
0.928,0.682,-6.301,1,0.265,0.05,0.0872,0.769,140.094,168093.0,4,50.0
0.644,0.836,-6.995,0,0.0437,0.313,0.309,0.629,110.041,276867.0,4,29.0
0.56,0.946,-6.106,1,0.0816,0.00146,0.312,0.334,114.989,198267.0,4,41.0
0.426,0.932,-9.138,1,0.0591,0.000138,0.059,0.602,170.048,267000.0,4,38.0
0.388,0.41,-9.376,1,0.0301,0.183,0.0993,0.42,116.168,274173.0,3,29.0
0.582,0.704,-6.49,1,0.0276,0.000987,0.224,0.375,106.918,199880.0,4,16.0
0.496,0.448,-7.822,0,0.0682,0.389,0.0941,0.327,79.115,213500.0,4,48.0
0.719,0.762,-6.623,1,0.114,0.199,0.358,0.676,100.08,160000.0,4,72.0
0.32,0.412,-12.75,0,0.0316,0.188,0.0644,0.282,132.986,396467.0,4,57.0
0.526,0.404,-18.53,1,0.0358,0.543,0.107,0.445,81.851,321800.0,4,23.0
0.687,0.773,-4.341,0,0.0551,0.0128,0.148,0.674,100.009,184459.0,4,50.0
0.61,0.508,-6.682,0,0.152,0.297,0.384,0.758,178.818,2.29793333,4,58.0
0.647,0.872,-6.337,0,0.0388,0.0702,0.342,0.694,104.982,203410.0,4,40.0
0.567,0.57,-9.926,1,0.0295,0.317,0.205,0.645,88.851,2.661116667,4,43.0
0.381,0.896,-3.712,1,0.0517,0.00113,0.183,0.564,157.981,207215.0,4,49.0
0.472,0.745,-5.297,1,0.0356,0.000607,0.0957,0.0631,180.06,252926.0,4,70.0
0.626,0.746,-8.832,1,0.0282,0.16,0.0618,0.8,102.896,310893.0,4,68.0
0.573,0.679,-7.772,1,0.0263,0.0198,0.201,0.777,113.06,4.6096,4,31.0
0.886,0.371,-10.542,1,0.0465,0.349,0.0985,0.928,115.026,219261.0,4,64.0
0.264,0.0556,-23.917,1,0.0349,0.964,0.0783,0.0487,99.381,5.155066667,3,34.0
0.466,0.471,-11.494,1,0.0469,0.82,0.175,0.716,137.8,3.32645,3,8.0
0.481,0.938,-3.116,0,0.14,0.000116,0.0835,0.608,162.971,165014.0,4,29.0
0.432,0.886,-3.991,1,0.0341,9.2e-05,0.338,0.248,76.04,307645.0,4,67.0
0.607,0.418,-6.997,1,0.0363,0.394,0.182,0.386,95.002,2.853333333,4,79.0
0.702,0.763,-5.237,0,0.0518,0.0175,0.189,0.6,103.004,223511.0,4,36.0
0.363,0.987,-3.849,0,0.236,8.36e-06,0.246,0.202,200.015,290896.0,4,24.0
0.718,0.63,-9.147,0,0.0373,0.0905,0.483,0.666,115.537,164524.0,4,43.0
0.752,0.87,-3.812,0,0.0623,0.0604,0.489,0.784,120.006,157707.0,4,72.0
0.402,0.61,-9.509,0,0.141,0.368,0.109,0.463,86.248,5.78355,4,53.0
0.575,0.694,-5.674,1,0.0709,0.0158,0.108,0.442,77.537,196533.0,4,58.0
0.572,0.522,-8.699,0,0.0348,0.582,0.156,0.218,125.971,234418.0,4,41.0
0.675,0.501,-6.183,1,0.22,0.0541,0.429,0.532,139.861,260600.0,4,66.0
0.361,0.231,-9.684,0,0.0375,0.924,0.17,0.359,167.544,130339.0,4,43.0
0.831,0.727,-3.657,0,0.169,0.447,0.111,0.703,125.068,213080.0,4,79.0
0.571,0.719,-7.193,0,0.0288,0.00274,0.19,0.613,91.984,238508.0,4,40.0
0.647,0.512,-4.162,1,0.0714,0.0017,0.0689,0.695,135.171,183956.0,3,50.0
0.705,0.957,-2.373,1,0.0397,0.1,0.161,0.787,105.045,191187.0,4,15.0
0.499,0.395,-5.839,1,0.0293,0.521,0.147,0.547,81.685,195467.0,4,29.0
0.657,0.258,-12.613,1,0.0311,0.908,0.116,0.318,127.725,184301.0,4,57.0
0.544,0.463,-10.572,1,0.13,0.56,0.112,0.157,88.906,138667.0,4,35.0
0.427,0.0841,-20.033,0,0.0319,0.973,0.0995,0.159,105.973,2.509966667,4,59.0
0.668,0.435,-9.839,1,0.479,0.257,0.123,0.609,174.142,157000.0,4,55.0
0.421,0.949,-2.215,0,0.0932,0.000189,0.448,0.27,148.048,221988.0,4,40.0
0.556,0.849,-8.967,1,0.0443,0.00107,0.154,0.456,91.19,409440.0,4,38.0
0.529,0.481,-8.501,1,0.0258,0.627,0.26,0.436,85.9,252634.0,4,35.0
0.728,0.513,-10.514,1,0.0446,0.115,0.111,0.891,124.594,249000.0,4,36.0
0.604,0.771,-4.656,1,0.0619,0.273,0.0599,0.594,124.089,220933.0,4,31.0
0.604,0.743,-6.442,0,0.0349,0.0971,0.0604,0.823,99.37,248080.0,4,41.0
0.131,0.0398,-26.035,1,0.0484,0.957,0.0892,0.053,84.829,9.39955,4,27.0
0.446,0.989,-4.131,1,0.155,0.00125,0.102,0.0437,105.955,197264.0,4,34.0
0.76,0.652,-8.896,1,0.0311,0.137,0.11,0.398,119.978,185536.0,3,52.0
0.671,0.172,-15.305,0,0.0508,0.981,0.122,0.268,89.969,3.892033333,4,46.0
0.732,0.397,-10.648,1,0.254,0.0609,0.0737,0.512,73.888,159791.0,4,27.0
0.596,0.751,-6.233,1,0.0355,0.00878,0.0866,0.757,155.974,3.446666667,4,51.0
0.663,0.699,-9.659,1,0.0313,0.485,0.0994,0.965,132.817,124973.0,4,39.0
0.455,0.437,-11.411,1,0.0278,0.314,0.501,0.724,81.396,283640.0,4,67.0
0.55,0.576,-13.475,1,0.0306,0.178,0.0555,0.486,109.837,5.05333333,4,12.0
0.371,0.813,-11.397,1,0.0741,0.0946,0.272,0.822,153.963,2.13353333,4,40.0
0.653,0.657,-11.966,1,0.0316,0.0582,0.349,0.96,117.972,3.148216667,4,47.0
0.462,0.855,-4.336,0,0.0428,8.06e-06,0.0745,0.516,89.996,234288.0,4,48.0
0.49,0.72,-6.11,1,0.032,0.0251,0.1,0.93,167.89,240267.0,4,6.0
0.652,0.609,-9.684,0,0.028,0.298,0.0573,0.646,98.125,230107.0,4,67.0
0.462,0.9,-7.393,1,0.051,0.00158,0.376,0.609,155.033,98758.0,4,30.0
0.469,0.362,-10.713,1,0.034,0.817,0.699,0.214,104.534,4.002766667,4,33.0
0.883,0.405,-10.356,0,0.0387,0.479,0.0419,0.832,113.979,202538.0,4,48.0
0.447,0.252,-10.986,1,0.0377,0.669,0.279,0.174,120.777,2.833066667,4,13.0
0.402,0.317,-5.826,1,0.0268,0.766,0.715,0.103,77.654,288187.0,4,52.0
0.816,0.514,-8.741,1,0.0339,0.767,0.0899,0.912,136.837,176333.0,4,68.0
0.687,0.853,-7.761,1,0.0567,0.0801,0.109,0.918,110.051,256680.0,4,35.0
0.585,0.564,-7.063,0,0.0515,0.0671,0.135,0.137,113.003,242253.0,4,86.0
0.407,0.704,-10.505,1,0.0361,0.0395,0.12,0.948,104.695,197125.0,4,36.0
0.67,0.833,-10.018,0,0.116,0.31,0.313,0.751,122.334,290500.0,4,31.0
0.571,0.0442,-19.376,0,0.0588,0.994,0.105,0.121,107.813,3.513783333,4,46.0
0.688,0.375,-9.601,1,0.0535,0.286,0.133,0.45,83.635,210480.0,4,73.0
0.622,0.737,-9.296,1,0.0289,0.0349,0.318,0.742,130.255,310400.0,4,51.0
0.318,0.963,-4.878,1,0.176,0.000182,0.344,0.358,102.225,280400.0,4,41.0
0.562,0.961,-7.338,1,0.0617,0.00486,0.149,0.96,125.036,450547.0,4,1.0
0.659,0.3,-10.946,0,0.0292,0.524,0.211,0.214,87.864,205000.0,4,42.0
0.367,0.752,-8.134,0,0.0317,0.0133,0.0658,0.401,205.47,336907.0,4,55.0
0.556,0.661,-5.052,0,0.204,0.3,0.101,0.668,168.56,2.96913333,4,82.0
0.636,0.743,-7.112,1,0.0354,0.000231,0.123,0.356,95.821,355933.0,4,53.0
0.492,0.664,-8.116,1,0.0679,0.00584,0.101,0.35,154.919,191904.0,4,31.0
0.435,0.833,-7.53,1,0.0375,1.48e-05,0.278,0.551,170.836,222120.0,4,17.0
0.18,0.916,-6.788,1,0.0923,0.000975,0.0945,0.186,85.614,254547.0,4,44.0
0.566,0.711,-6.536,1,0.0335,0.611,0.417,0.961,159.629,1.83266667,4,57.0
0.639,0.715,-8.954,0,0.0392,0.0243,0.619,0.813,128.072,238853.0,4,68.0
0.543,0.696,-4.572,1,0.0426,0.601,0.384,0.849,92.15,253747.0,4,56.0
0.562,0.466,-8.879,1,0.0333,0.441,0.337,0.257,144.105,268453.0,3,25.0
0.534,0.258,-8.007,0,0.0313,0.944,0.171,0.512,88.771,211452.0,4,40.0
0.795,0.6,-14.004,1,0.341,0.112,0.111,0.633,101.78,250133.0,4,60.0
0.512,0.78,-4.946,0,0.0409,0.0471,0.0856,0.609,93.998,160543.0,4,44.0
0.499,0.873,-3.902,1,0.0386,0.00468,0.165,0.864,142.726,134200.0,4,68.0
0.242,0.87,-6.416,1,0.049,5.21e-06,0.37,0.192,127.01,510240.0,4,46.0
0.386,0.971,-2.766,1,0.094,5.69e-06,0.555,0.32,174.898,142882.0,4,25.0
0.476,0.731,-7.658,1,0.148,0.484,0.129,0.613,126.8,142613.0,4,34.0
0.643,0.49,-11.009,1,0.417,0.00841,0.123,0.726,97.536,92682.0,4,54.0
0.736,0.709,-5.687,1,0.121,0.671,0.0849,0.832,118.888,194933.0,4,10.0
0.466,0.763,-7.748,0,0.0391,0.0542,0.119,0.473,123.539,204800.0,4,67.0
0.505,0.948,-4.724,1,0.0659,0.00018,0.128,0.594,133.561,182907.0,4,45.0
0.425,0.889,-4.53,0,0.0419,0.000116,0.0812,0.583,131.949,214578.0,4,47.0
0.343,0.901,-5.373,1,0.0419,0.00244,0.0801,0.798,161.69,188427.0,4,43.0
0.639,0.422,-9.385,1,0.0263,0.272,0.124,0.321,105.015,207640.0,3,32.0
0.614,0.929,-5.087,1,0.0337,0.000378,0.168,0.198,109.983,221240.0,4,14.0
0.532,0.943,-4.549,0,0.0512,0.0056,0.317,0.371,140.042,294800.0,4,59.0
0.147,0.883,-5.926,1,0.0544,0.0885,0.123,0.368,179.893,387047.0,4,34.0
0.485,0.97,-7.014,0,0.0609,4.07e-06,0.28,0.572,101.99,254678.0,4,32.0
0.556,0.865,-5.694,0,0.0346,0.000337,0.441,0.413,123.997,210333.0,4,32.0
0.511,0.937,-5.06,1,0.0755,1.7e-05,0.32,0.197,95.069,178947.0,4,39.0
0.632,0.601,-7.742,0,0.0354,0.448,0.125,0.24,117.01,236480.0,4,41.0
0.24,0.548,-8.378,0,0.0325,0.00607,0.0941,0.128,127.337,350320.0,4,44.0
0.546,0.782,-4.801,1,0.0371,0.00155,0.0528,0.44,108.049,189102.0,4,59.0
0.663,0.849,-4.462,0,0.0334,0.0791,0.192,0.722,123.992,2.448,4,78.0
0.565,0.771,-11.088,0,0.0365,0.858,0.397,0.442,111.501,596885.0,4,24.0
0.498,0.748,-5.766,0,0.256,0.145,0.0582,0.358,99.832,211418.0,4,53.0
0.674,0.65,-6.124,1,0.0398,0.182,0.27,0.818,115.999,229655.0,4,42.0
0.502,0.941,-5.194,1,0.0716,0.000346,0.553,0.124,119.783,219987.0,4,68.0
0.553,0.611,-8.233,0,0.266,0.31,0.0745,0.631,79.803,216453.0,4,47.0
0.486,0.433,-13.21,1,0.0439,0.192,0.124,0.295,110.936,547960.0,4,56.0
0.556,0.607,-8.302,1,0.0456,0.000542,0.0781,0.283,89.957,272498.0,4,33.0
0.561,0.804,-8.4,1,0.0607,0.0385,0.706,0.588,118.076,386853.0,4,35.0
0.755,0.289,-9.658,1,0.0614,0.535,0.109,0.646,177.98,204453.0,4,65.0
0.566,0.35,-10.564,0,0.0333,0.811,0.0907,0.0489,125.114,194165.0,4,19.0
0.337,0.95,-2.218,0,0.0751,0.000943,0.104,0.474,86.179,159566.0,4,36.0
0.839,0.497,-6.088,0,0.311,0.0966,0.094,0.427,76.029,183144.0,4,51.0
0.716,0.696,-5.289,1,0.0262,0.0738,0.08,0.55,110.019,156614.0,4,37.0
0.504,0.938,-2.696,0,0.0583,0.00743,0.0741,0.612,145.91,220527.0,4,45.0
0.532,0.768,-8.698,0,0.0551,0.8,0.377,0.698,116.026,162587.0,4,61.0
0.509,0.928,-2.557,0,0.0508,1.47e-05,0.131,0.49,132.274,222813.0,4,46.0
0.234,0.51,-13.398,0,0.0498,0.657,0.545,0.191,100.67,431867.0,4,60.0
0.539,0.582,-7.414,1,0.0328,0.00818,0.15,0.245,95.07,224907.0,4,47.0
0.586,0.616,-7.964,1,0.0324,0.182,0.0927,0.719,148.088,4.034933333,4,92.0
0.517,0.887,-7.637,0,0.0732,0.000244,0.151,0.531,166.008,321162.0,4,50.0
0.731,0.233,-11.109,1,0.0376,0.89,0.3,0.408,108.008,211813.0,4,64.0
0.415,0.782,-6.745,1,0.0461,0.0011,0.14,0.564,135.029,148480.0,4,61.0
0.87,0.68,-6.596,1,0.158,0.141,0.0595,0.727,97.022,210033.0,4,44.0
0.351,0.353,-11.15,1,0.084,0.889,0.0903,0.564,201.789,3.972216667,3,41.0
0.458,0.635,-7.697,1,0.275,0.45,0.114,0.555,91.926,259907.0,4,58.0
0.564,0.774,-9.424,1,0.0368,0.0135,0.0861,0.657,100.894,4.62461667,4,76.0
0.645,0.402,-14.454,1,0.0299,0.499,0.362,0.438,80.056,6.932883333,4,38.0
0.675,0.195,-13.465,0,0.0346,0.868,0.126,0.275,91.935,3.46466667,4,54.0
0.803,0.319,-10.736,0,0.154,0.000592,0.103,0.441,110.007,229766.0,4,42.0
0.425,0.555,-11.806,1,0.0287,0.0262,0.206,0.247,108.991,252500.0,4,24.0
0.534,0.887,-6.371,0,0.0606,0.000439,0.394,0.432,126.475,226957.0,4,25.0
0.914,0.465,-11.406,1,0.0618,0.67,0.222,0.932,110.205,133120.0,4,57.0
0.556,0.885,-5.917,1,0.0397,0.00283,0.144,0.556,137.969,154391.0,4,41.0
0.685,0.697,-5.511,1,0.067,0.166,0.129,0.65,86.019,142667.0,4,58.0
0.802,0.78,-4.858,1,0.0753,0.0868,0.199,0.875,121.985,208450.0,4,22.0
0.506,0.22,-13.371,1,0.0328,0.922,0.0806,0.496,93.583,168779.0,4,37.0
0.587,0.932,-4.697,1,0.0687,0.00257,0.0694,0.564,100.004,207882.0,4,46.0
0.69,0.889,-6.689,0,0.166,0.00876,0.302,0.761,96.02,216778.0,4,53.0
0.563,0.847,-4.493,1,0.0468,0.0891,0.121,0.666,96.06,3.545333333,4,72.0
0.723,0.738,-8.571,1,0.0442,0.81,0.0829,0.809,120.121,135547.0,4,2.0
0.343,0.617,-7.179,1,0.108,0.366,0.784,0.523,171.624,910480.0,3,35.0
0.739,0.647,-8.643,0,0.069,0.0852,0.237,0.19,119.991,223672.0,4,53.0
0.781,0.746,-6.327,0,0.38,0.503,0.106,0.858,95.73,156709.0,4,60.0
0.446,0.902,-4.698,1,0.0423,0.00966,0.135,0.203,92.496,214106.0,4,44.0
0.603,0.323,-8.043,0,0.0322,0.837,0.11,0.153,145.787,220283.0,4,28.0
0.563,0.809,-5.678,1,0.326,0.452,0.214,0.691,80.524,172040.0,4,46.0
0.568,0.636,-8.862,1,0.0297,0.431,0.492,0.71,124.37,104507.0,4,46.0
0.153,0.417,-11.587,1,0.0318,0.434,0.211,0.166,80.87,273333.0,3,70.0
0.454,0.9,-6.282,1,0.0866,0.000455,0.226,0.0799,120.005,241250.0,4,33.0
0.698,0.875,-4.45,1,0.0482,0.456,0.0826,0.811,101.989,173631.0,4,67.0
0.692,0.488,-7.007,1,0.0341,0.00516,0.113,0.291,144.06,222500.0,4,42.0
0.587,0.527,-8.599,1,0.0743,0.952,0.669,0.914,116.953,121747.0,4,20.0
0.548,0.58,-7.637,0,0.0251,0.048,0.237,0.446,87.997,165306.0,4,59.0
0.551,0.78,-6.659,1,0.055,0.0941,0.11,0.421,135.023,250613.0,4,63.0
0.495,0.527,-4.742,1,0.0351,0.000159,0.1,0.574,208.067,3.675333333,4,67.0
0.571,0.853,-4.733,0,0.0303,3.37e-05,0.0919,0.648,109.019,366333.0,4,45.0
0.634,0.803,-6.484,0,0.0266,0.109,0.142,0.882,133.797,177307.0,4,28.0
0.459,0.58,-9.7,1,0.0353,0.00872,0.124,0.185,128.789,325313.0,4,38.0
0.581,0.791,-6.872,1,0.07,0.00141,0.0716,0.582,161.927,201852.0,4,46.0
0.465,0.884,-5.423,1,0.051,0.000793,0.49,0.288,128.284,278827.0,4,40.0
0.569,0.129,-19.854,0,0.0401,0.942,0.0963,0.15,93.894,2.87556667,4,51.0
0.68,0.727,-12.032,1,0.0328,0.251,0.221,0.915,99.525,288000.0,4,21.0
0.665,0.458,-8.111,0,0.0371,0.661,0.0774,0.612,141.934,216940.0,4,45.0
0.789,0.536,-6.862,1,0.242,0.41,0.129,0.437,81.039,165926.0,4,96.0
0.195,0.983,-4.597,1,0.0773,1.68e-06,0.355,0.0378,93.087,225800.0,4,36.0
0.613,0.878,-5.731,1,0.0313,0.00777,0.168,0.902,129.991,232699.0,4,28.0
0.727,0.296,-7.851,1,0.0381,0.642,0.0815,0.592,101.006,173733.0,4,46.0
0.481,0.666,-9.43,1,0.0395,0.0957,0.104,0.66,98.748,156352.0,4,34.0
0.66,0.483,-6.491,0,0.268,0.0744,0.105,0.44,177.585,295547.0,4,16.0
0.525,0.954,-7.325,0,0.0426,0.00131,0.295,0.635,117.729,260600.0,4,46.0
0.523,0.133,-22.312,0,0.0543,0.925,0.0971,0.152,96.755,3.845833333,4,47.0
0.536,0.901,-7.211,1,0.0374,0.00145,0.06,0.666,87.559,276880.0,4,72.0
0.448,0.597,-12.201,1,0.0381,0.0884,0.149,0.514,98.494,2.412216667,4,41.0
0.745,0.471,-6.455,1,0.0399,0.0848,0.153,0.846,85.507,195864.0,4,32.0
0.514,0.273,-8.322,1,0.0376,0.956,0.0829,0.496,92.879,4.318666667,4,33.0
0.79,0.73,-4.98,1,0.0926,0.0586,0.0878,0.513,93.985,3.148933333,4,70.0
0.581,0.675,-10.567,1,0.0561,0.231,0.117,0.43,151.96,225802.0,4,30.0
0.344,0.81,-8.098,1,0.0448,0.0017,0.119,0.667,153.801,160827.0,4,53.0
0.682,0.736,-5.004,1,0.0458,0.017,0.14,0.812,150.021,209748.0,4,61.0
0.364,0.936,-4.281,1,0.146,0.000626,0.427,0.579,180.191,100608.0,4,49.0
0.653,0.612,-10.022,1,0.0294,0.000606,0.036,0.593,150.307,242966.0,4,42.0
0.553,0.872,-2.832,0,0.0782,0.198,0.0659,0.638,172.138,3.676216667,4,69.0
0.664,0.354,-9.855,0,0.0373,0.789,0.168,0.346,135.977,181765.0,4,53.0
0.323,0.982,-1.742,0,0.113,0.706,0.853,0.365,95.517,110093.0,4,71.0
0.747,0.89,-4.05,1,0.0274,0.225,0.027,0.961,108.032,205507.0,4,32.0
0.426,0.751,-10.91,1,0.0403,0.122,0.271,0.889,153.359,267227.0,4,50.0
0.633,0.862,-6.869,0,0.0507,0.0443,0.366,0.611,89.957,231000.0,4,49.0
0.194,0.262,-13.313,0,0.0362,0.968,0.162,0.0337,66.457,359476.0,4,26.0
0.522,0.738,-6.423,1,0.031,0.0286,0.4,0.461,142.702,310533.0,4,55.0
0.825,0.569,-8.334,0,0.0483,0.0617,0.094,0.502,123.013,246183.0,4,47.0
0.279,0.0331,-21.254,1,0.041,0.775,0.0938,0.212,98.321,2.625,4,61.0
0.528,0.592,-14.041,0,0.0621,0.747,0.203,0.925,156.623,173533.0,4,42.0
0.699,0.514,-12.61,1,0.0315,0.587,0.22,0.63,120.758,144947.0,4,52.0
0.244,0.371,-13.817,1,0.0444,0.857,0.0644,0.0789,97.799,318213.0,3,37.0
0.72,0.197,-12.494,1,0.0361,0.981,0.1,0.284,120.024,3.289333333,4,68.0
0.0862,0.222,-20.901,1,0.0441,0.893,0.11,0.109,202.983,281453.0,4,34.0
0.698,0.609,-5.658,0,0.208,0.394,0.678,0.742,79.028,197327.0,4,45.0
0.568,0.89,-7.763,1,0.0446,4.6e-05,0.2,0.835,151.101,314358.0,4,36.0
0.79,0.539,-6.918,1,0.0553,0.313,0.106,0.778,95.024,171373.0,4,43.0
0.41,0.935,-3.063,1,0.0571,2.31e-05,0.446,0.503,90.964,171758.0,4,46.0
0.381,0.593,-7.376,1,0.0382,0.396,0.113,0.477,79.848,194571.0,4,42.0
0.431,0.906,-6.13,1,0.0945,0.0001,0.123,0.53,125.459,223893.0,4,53.0
0.803,0.722,-6.421,1,0.0377,0.0324,0.0763,0.857,139.981,299133.0,4,63.0
0.627,0.819,-2.122,0,0.0539,0.0526,0.0838,0.937,90.037,197301.0,4,60.0
0.26,0.837,-3.526,1,0.0455,0.00172,0.0604,0.486,185.972,121560.0,4,28.0
0.583,0.333,-14.111,0,0.0417,0.764,0.104,0.195,148.747,4.3,4,42.0
0.799,0.63,-4.794,0,0.161,0.154,0.433,0.77,111.049,158164.0,4,40.0
0.72,0.674,-7.83,1,0.0294,0.194,0.0946,0.97,148.045,229381.0,4,45.0
0.296,0.577,-4.516,0,0.0391,0.0204,0.121,0.497,87.028,246915.0,4,47.0
0.554,0.47,-6.604,0,0.0548,0.77,0.106,0.346,95.598,212480.0,4,58.0
0.451,0.817,-5.124,1,0.038,0.0144,0.103,0.459,79.974,220791.0,4,49.0
0.374,0.842,-12.169,0,0.045,4.08e-05,0.118,0.352,150.484,291370.0,4,46.0
0.575,0.936,-4.913,0,0.0512,0.000128,0.0828,0.879,150.234,201360.0,4,64.0
0.757,0.832,-5.143,0,0.0911,0.137,0.0959,0.688,104.063,186985.0,4,22.0
0.779,0.335,-11.08,0,0.254,0.742,0.0932,0.51,62.482,200838.0,4,53.0
0.297,0.743,-8.565,1,0.0299,0.00277,0.16,0.119,87.829,375749.0,4,42.0
0.569,0.538,-9.003,1,0.0323,0.593,0.23,0.552,104.05,208091.0,4,64.0
0.781,0.67,-3.912,0,0.0452,0.0103,0.0761,0.595,127.99,169333.0,4,83.0
0.545,0.64,-9.937,0,0.224,0.00249,0.196,0.606,80.544,3.84133333,4,76.0
0.63,0.813,-6.284,1,0.0412,0.0856,0.376,0.375,121.962,198211.0,4,24.0
0.647,0.62,-8.37,1,0.442,0.217,0.121,0.276,140.221,190286.0,4,66.0
0.669,0.834,-5.209,0,0.0434,0.0636,0.117,0.438,114.019,195227.0,4,37.0
0.22,0.985,-4.335,1,0.0813,0.0158,0.296,0.0314,101.328,251797.0,3,34.0
0.385,0.947,-3.141,1,0.0729,4.72e-05,0.662,0.831,176.28,228080.0,4,53.0
0.623,0.127,-14.935,1,0.0306,0.452,0.114,0.237,91.625,334040.0,4,73.0
0.587,0.0984,-18.198,1,0.0424,0.87,0.103,0.221,124.808,2.887183333,4,38.0
0.653,0.809,-4.057,1,0.0474,0.194,0.165,0.55,92.213,210773.0,4,77.0
0.542,0.914,-4.747,0,0.113,0.0161,0.744,0.576,153.993,292093.0,4,78.0
0.908,0.696,-5.18,1,0.264,0.0213,0.0747,0.287,102.032,156842.0,4,56.0
0.443,0.948,-3.91,0,0.0549,3.16e-05,0.142,0.859,186.161,138400.0,3,35.0
0.462,0.722,-5.134,1,0.0306,0.0356,0.127,0.327,173.941,191294.0,4,54.0
0.455,0.423,-8.343,1,0.0325,0.0115,0.139,0.158,114.841,216193.0,4,32.0
0.509,0.228,-8.68,1,0.0332,0.92,0.104,0.586,90.674,156468.0,4,79.0
0.68,0.661,-13.39,1,0.0848,0.34,0.104,0.202,137.989,195041.0,4,28.0
0.712,0.354,-7.814,0,0.0309,0.386,0.116,0.528,133.969,201520.0,4,48.0
0.828,0.662,-6.419,1,0.0461,0.0394,0.191,0.847,105.014,3.365116667,4,55.0
0.403,0.852,-5.84,1,0.0462,0.228,0.0621,0.692,150.19,149000.0,4,30.0
0.726,0.611,-5.541,1,0.338,0.0317,0.286,0.684,154.067,202987.0,4,57.0
0.719,0.598,-6.254,1,0.077,0.232,0.115,0.303,142.592,126521.0,4,78.0
0.318,0.535,-8.816,1,0.0745,0.712,0.0853,0.189,169.739,7.05885,5,10.0
0.385,0.393,-7.874,1,0.0258,0.561,0.101,0.178,147.665,347493.0,4,52.0
0.776,0.523,-10.667,1,0.0626,0.17,0.429,0.529,100.976,280500.0,4,43.0
0.383,0.475,-11.842,0,0.0278,0.00706,0.108,0.339,141.423,383101.0,4,41.0
0.622,0.702,-10.612,1,0.0282,0.0393,0.0903,0.858,123.518,3.79778333,4,55.0
0.724,0.399,-8.125,0,0.0445,0.782,0.0936,0.454,135.82,208000.0,4,34.0
0.447,0.962,-2.378,1,0.0656,2.27e-06,0.328,0.22,125.038,221574.0,4,31.0
0.709,0.555,-3.506,1,0.0348,0.000269,0.0804,0.638,106.0,3.853116667,4,52.0
0.391,0.742,-4.691,1,0.0401,0.00277,0.254,0.479,172.056,214520.0,4,37.0
0.605,0.428,-7.93,1,0.0261,0.685,0.201,0.228,152.969,260013.0,4,30.0
0.428,0.42,-12.871,0,0.0355,0.145,0.348,0.107,87.016,420792.0,4,37.0
0.469,0.813,-8.547,1,0.0504,8.15e-05,0.198,0.558,135.019,220960.0,4,38.0
0.584,0.561,-8.742,0,0.333,0.0121,0.136,0.579,74.106,116728.0,4,53.0
0.429,0.683,-7.297,1,0.038,0.000823,0.0801,0.0536,126.873,241890.0,4,55.0
0.29,0.982,-7.919,1,0.292,0.000291,0.331,0.191,92.135,106187.0,4,26.0
0.72,0.747,-4.413,1,0.0313,0.204,0.139,0.919,145.047,182690.0,4,47.0
0.73,0.829,-4.11,1,0.191,0.137,0.37,0.54,135.914,192533.0,4,32.0
0.5,0.268,-11.422,0,0.0295,0.842,0.109,0.155,120.996,263387.0,3,44.0
0.402,0.356,-7.626,1,0.0313,0.789,0.906,0.312,136.979,3.925333333,4,36.0
0.286,0.907,-9.67,1,0.0374,0.000277,0.0837,0.746,156.395,417800.0,4,63.0
0.878,0.441,-8.864,0,0.0778,0.103,0.102,0.374,115.051,198960.0,4,63.0
0.573,0.0368,-23.202,0,0.0409,0.977,0.111,0.167,106.256,2.640866667,4,50.0
0.576,0.311,-8.364,1,0.0558,0.745,0.0918,0.692,110.277,186312.0,4,35.0
0.417,0.932,-5.482,1,0.055,0.000187,0.326,0.436,163.527,286573.0,4,53.0
0.683,0.9,-4.422,1,0.0333,0.0439,0.177,0.962,117.036,4.046666667,4,60.0
0.849,0.417,-8.479,1,0.105,0.11,0.113,0.16,126.05,136992.0,4,51.0
0.769,0.673,-9.761,1,0.0703,0.115,0.458,0.878,131.254,225640.0,4,37.0
0.546,0.919,-5.467,1,0.0568,5.31e-05,0.0833,0.383,99.972,247040.0,4,54.0
0.456,0.944,-4.458,1,0.0758,0.000136,0.297,0.49,175.026,243689.0,4,37.0
0.364,0.565,-8.793,0,0.0315,0.0005,0.254,0.0583,121.285,312933.0,4,41.0
0.614,0.41,-11.034,0,0.422,0.0865,0.159,0.31,104.482,164702.0,4,67.0
0.52,0.952,-2.304,1,0.0538,0.23,0.325,0.574,88.002,3.64821667,4,44.0
0.47,0.56,-6.844,0,0.0392,0.00244,0.468,0.168,140.02,269079.0,4,35.0
0.416,0.813,-6.183,1,0.0381,0.122,0.107,0.424,122.171,217040.0,4,11.0
0.377,0.871,-6.24,1,0.0467,0.00381,0.762,0.325,131.232,340573.0,4,27.0
0.526,0.776,-4.169,1,0.0852,0.000431,0.334,0.524,131.194,207373.0,4,55.0
0.518,0.975,-4.425,1,0.0575,0.000136,0.42,0.32,154.059,220267.0,4,64.0
0.271,0.882,-8.483,1,0.06,0.0404,0.0826,0.423,142.92,154667.0,4,47.0
0.4,0.959,-3.258,0,0.103,0.000187,0.231,0.339,149.062,230093.0,4,63.0
0.5,0.9,-3.654,1,0.0863,0.000375,0.381,0.632,159.826,182953.0,4,4.0
0.353,0.979,-2.701,0,0.13,0.005,0.342,0.26,157.907,220387.0,4,36.0
0.892,0.402,-8.735,1,0.192,0.157,0.0875,0.506,108.02,170424.0,4,44.0
0.594,0.531,-6.436,1,0.0257,0.482,0.157,0.624,107.968,164067.0,4,52.0
0.176,0.974,-5.778,0,0.132,0.000419,0.107,0.334,185.491,301746.0,4,51.0
0.16,0.257,-11.122,1,0.0425,0.99,0.107,0.224,172.442,3.43045,4,38.0
0.724,0.56,-7.429,0,0.0375,0.085,0.153,0.373,74.984,225551.0,4,38.0
0.505,0.362,-7.665,1,0.0289,0.442,0.122,0.199,121.885,208457.0,4,21.0
0.331,0.759,-6.668,0,0.174,0.826,0.544,0.326,103.407,10.23036667,4,11.0
0.359,0.83,-5.723,1,0.0725,0.000217,0.0601,0.205,76.727,347867.0,4,54.0
0.409,0.92,-5.439,0,0.12,0.00719,0.0823,0.37,145.085,290960.0,4,71.0
0.495,0.931,-5.336,0,0.0469,0.0025,0.246,0.617,104.05,244293.0,4,66.0
0.76,0.292,-14.534,1,0.0774,0.829,0.0832,0.568,104.939,229264.0,4,32.0
0.7,0.252,-14.384,1,0.0308,0.921,0.117,0.552,97.51,2.92223333,4,43.0
0.658,0.179,-10.866,1,0.0448,0.689,0.17,0.191,128.128,3.976,4,5.0
0.372,0.91,-5.559,1,0.0392,0.00101,0.13,0.756,161.964,315333.0,4,67.0
0.557,0.54,-10.484,1,0.0347,0.0339,0.179,0.394,129.171,185733.0,4,82.0
0.674,0.265,-11.687,1,0.031,0.845,0.111,0.481,139.913,212625.0,4,50.0
0.111,0.188,-16.844,0,0.0403,0.986,0.114,0.0556,80.867,4.40555,4,37.0
0.73,0.487,-10.991,1,0.0303,0.258,0.0852,0.731,114.965,226653.0,4,78.0
0.83,0.72,-8.14,0,0.354,0.0012,0.0887,0.9,116.013,273103.0,4,37.0
0.837,0.737,-3.336,1,0.275,0.277,0.322,0.578,133.048,162075.0,4,33.0
0.471,0.944,-4.673,0,0.0686,0.000744,0.193,0.763,94.414,228520.0,4,36.0
0.783,0.284,-14.307,1,0.0365,0.679,0.0767,0.584,82.676,412596.0,4,63.0
0.61,0.547,-8.05,0,0.0353,0.0911,0.165,0.618,131.99,178333.0,4,33.0
0.662,0.63,-10.558,1,0.0363,0.633,0.363,0.528,101.994,281253.0,4,42.0
0.674,0.846,-9.552,1,0.367,0.613,0.577,0.577,138.066,229091.0,4,33.0
0.477,0.923,-3.163,0,0.0551,0.000462,0.096,0.411,171.999,227478.0,4,46.0
0.699,0.475,-8.806,1,0.186,0.946,0.281,0.74,116.471,183520.0,4,26.0
0.787,0.607,-9.133,0,0.0274,0.119,0.0929,0.681,109.38,290160.0,4,53.0
0.738,0.75,-5.034,0,0.135,0.0323,0.102,0.801,96.112,3.101783333,4,53.0
0.584,0.273,-12.806,1,0.0357,0.853,0.102,0.47,149.757,180240.0,4,53.0
0.553,0.868,-4.186,0,0.048,7.35e-05,0.0934,0.5,140.054,216571.0,4,60.0
0.582,0.945,-5.95,0,0.089,0.00016,0.668,0.389,123.041,166893.0,4,44.0
0.692,0.843,-6.66,0,0.0351,0.448,0.0876,0.974,147.306,137813.0,4,30.0
0.705,0.476,-9.039,1,0.0894,0.684,0.16,0.757,134.947,199851.0,5,57.0
0.363,0.683,-7.064,0,0.032,0.0118,0.109,0.578,144.776,174041.0,4,29.0
0.363,0.872,-9.103,0,0.048,0.0743,0.231,0.238,105.06,167000.0,4,40.0
0.594,0.622,-4.881,0,0.0908,0.169,0.219,0.546,93.433,169677.0,4,43.0
0.577,0.497,-8.31,0,0.0356,0.203,0.113,0.31,140.024,230115.0,4,39.0
0.808,0.791,-5.228,1,0.0411,0.144,0.0518,0.786,111.975,167293.0,4,20.0
0.669,0.784,-5.603,1,0.112,0.194,0.115,0.517,125.993,150053.0,4,91.0
0.414,0.938,-5.487,1,0.143,0.00125,0.458,0.341,177.971,234800.0,4,38.0
0.447,0.737,-6.185,1,0.0685,0.449,0.157,0.762,128.733,228560.0,3,17.0
0.545,0.572,-5.564,0,0.0328,0.605,0.0601,0.365,128.288,185704.0,4,39.0
0.565,0.468,-8.959,0,0.047,0.794,0.216,0.079,155.006,209806.0,4,43.0
0.486,0.831,-8.575,1,0.0353,0.0312,0.159,0.398,97.855,281933.0,4,15.0
0.266,0.66,-10.854,1,0.135,0.0629,0.437,0.358,83.02,241184.0,4,47.0
0.885,0.681,-7.663,1,0.0439,0.129,0.384,0.569,117.979,221695.0,4,55.0
0.708,0.482,-10.366,1,0.0315,0.567,0.115,0.699,109.41,2.85155,4,37.0
0.497,0.349,-14.0,1,0.0297,0.0929,0.259,0.421,113.762,365627.0,4,69.0
0.487,0.797,-5.634,0,0.0697,9.37e-05,0.248,0.452,156.016,175432.0,4,43.0
0.578,0.896,-5.562,1,0.406,0.00276,0.221,0.362,185.64,136704.0,4,10.0
0.552,0.936,-2.93,1,0.28,0.314,0.105,0.222,166.849,222573.0,4,33.0
0.699,0.392,-9.618,1,0.0334,0.502,0.133,0.289,134.855,230620.0,4,40.0
0.53,0.765,-6.352,1,0.0864,0.564,0.124,0.24,96.079,5.400483333,4,23.0
0.692,0.497,-7.316,1,0.119,0.676,0.259,0.475,81.308,122067.0,4,78.0
0.435,0.856,-4.967,1,0.0515,0.00856,0.117,0.569,180.298,219440.0,4,47.0
0.603,0.872,-7.358,1,0.0577,0.00121,0.754,0.686,132.82,275840.0,4,45.0
0.245,0.933,-8.148,0,0.0863,3.43e-05,0.0437,0.456,178.555,209000.0,4,46.0
0.178,0.461,-16.2,1,0.0584,0.625,0.148,0.219,66.449,386796.0,5,25.0
0.548,0.428,-7.399,1,0.0608,0.847,0.0827,0.181,114.752,182467.0,4,55.0
0.186,0.364,-8.288,1,0.0377,0.962,0.101,0.0392,88.955,3.44,3,46.0
0.388,0.657,-10.176,0,0.0639,0.0472,0.299,0.905,185.47,188667.0,4,31.0
0.445,0.975,-4.149,1,0.0517,9.96e-05,0.297,0.136,109.401,219037.0,4,16.0
0.553,0.707,-6.087,0,0.0374,0.0242,0.0735,0.325,140.098,222969.0,4,43.0
0.272,0.855,-5.937,1,0.14,0.853,0.11,0.378,132.498,223573.0,4,7.0
0.49,0.104,-13.208,0,0.0635,0.964,0.162,0.278,86.675,324499.0,4,68.0
0.436,0.655,-8.153,1,0.159,0.425,0.393,0.523,139.712,2.57915,4,75.0
0.741,0.697,-7.028,1,0.0277,0.0664,0.133,0.774,116.109,2.66888333,4,77.0
0.332,0.967,-3.859,1,0.0679,0.177,0.308,0.389,100.497,3.82155,4,50.0
0.442,0.744,-4.38,0,0.208,0.00804,0.0823,0.563,182.212,182308.0,4,41.0
0.584,0.931,-6.158,1,0.0344,0.00315,0.133,0.694,131.275,211707.0,4,68.0
0.561,0.372,-9.494,1,0.0425,0.541,0.124,0.365,110.062,191950.0,4,55.0
0.289,0.879,-9.15,1,0.0543,0.015,0.441,0.584,172.924,134922.0,4,53.0
0.652,0.722,-7.554,0,0.0325,0.0653,0.259,0.496,105.972,232931.0,4,50.0
0.617,0.167,-17.424,0,0.034,0.727,0.0561,0.26,117.246,513573.0,4,3.0
0.451,0.937,-4.455,1,0.106,0.000383,0.134,0.524,177.878,175000.0,4,60.0
0.934,0.826,-4.34,1,0.268,0.0241,0.0934,0.301,104.741,224960.0,4,52.0
0.703,0.575,-8.215,1,0.0261,0.361,0.0692,0.869,85.672,2.98955,4,50.0
0.511,0.886,-4.678,1,0.0343,0.000354,0.111,0.527,104.001,236231.0,4,28.0
0.637,0.371,-13.499,0,0.0432,0.564,0.101,0.693,82.965,241725.0,4,38.0
0.569,0.692,-4.683,1,0.0323,0.0167,0.126,0.737,141.632,3.20355,4,73.0
0.404,0.876,-2.008,1,0.0645,0.0269,0.479,0.458,179.941,190661.0,4,48.0
0.458,0.369,-12.132,0,0.0711,0.305,0.339,0.239,53.437,218125.0,4,52.0
0.381,0.371,-14.344,1,0.028,0.297,0.145,0.255,86.514,265000.0,4,21.0
0.795,0.642,-4.431,1,0.0288,0.0509,0.17,0.669,97.999,201010.0,4,73.0
0.863,0.446,-12.644,1,0.281,0.486,0.0931,0.243,117.919,201356.0,4,8.0
0.478,0.305,-12.031,1,0.0288,0.592,0.104,0.192,85.737,293000.0,4,24.0
0.846,0.725,-6.803,0,0.0934,0.361,0.0752,0.814,95.011,234947.0,4,40.0
0.345,0.517,-6.916,1,0.042,0.0219,0.189,0.398,144.015,249823.0,1,32.0
0.623,0.463,-7.737,0,0.112,0.499,0.22,0.103,99.693,186000.0,4,52.0
0.548,0.64,-6.285,0,0.0306,0.21,0.08,0.392,108.326,197520.0,4,65.0
0.607,0.536,-7.306,1,0.0305,0.386,0.102,0.434,147.986,3.74755,4,75.0
0.346,0.944,-9.874,1,0.0485,4.16e-05,0.0546,0.403,179.63,2.4506,4,61.0
0.487,0.977,-3.779,1,0.0774,0.00734,0.115,0.736,114.359,216507.0,4,34.0
0.702,0.597,-7.067,1,0.207,0.587,0.112,0.383,85.016,181852.0,4,65.0
0.533,0.411,-12.441,1,0.0265,0.012,0.128,0.148,84.049,259627.0,3,50.0
0.623,0.936,-9.955,1,0.0528,0.000617,0.269,0.705,101.514,217133.0,4,64.0
0.585,0.404,-8.188,1,0.0477,0.458,0.121,0.43,125.267,4.378,4,40.0
0.543,0.946,-0.734,1,0.0454,0.00614,0.106,0.547,117.962,222813.0,4,59.0
0.441,0.138,-12.136,1,0.0352,0.93,0.105,0.119,85.492,2.96531667,4,56.0
0.654,0.822,-3.16,1,0.0949,0.0228,0.11,0.591,108.076,209071.0,4,41.0
0.76,0.537,-11.453,0,0.0388,0.544,0.066,0.734,115.014,249407.0,4,23.0
0.335,0.776,-5.32,0,0.0325,9.27e-06,0.369,0.219,90.59,276867.0,4,58.0
0.364,0.638,-10.24,1,0.0441,0.00735,0.133,0.451,152.509,271547.0,4,54.0
0.147,0.904,-2.602,1,0.0504,0.000328,0.375,0.414,150.163,185267.0,4,41.0
0.641,0.464,-9.365,0,0.0464,0.631,0.0868,0.246,145.862,177493.0,4,34.0
0.418,0.929,-4.122,1,0.0539,0.000131,0.245,0.546,170.037,238018.0,4,31.0
0.531,0.648,-7.638,1,0.209,0.712,0.0973,0.799,86.739,269413.0,4,64.0
0.359,0.988,-2.485,1,0.325,0.0303,0.0726,0.191,167.045,206205.0,4,42.0
0.68,0.393,-13.531,0,0.0321,0.153,0.101,0.368,86.396,304520.0,4,12.0
0.652,0.798,-5.592,0,0.0669,0.00486,0.131,0.292,141.014,240266.0,4,61.0
0.639,0.211,-18.037,1,0.0409,0.687,0.0963,0.37,139.169,295000.0,4,29.0
0.514,0.59,-6.405,0,0.0274,0.403,0.126,0.173,130.167,287600.0,4,59.0
0.399,0.492,-10.777,0,0.0538,0.058,0.11,0.159,91.066,3.507716667,4,6.0
0.658,0.814,-4.631,1,0.0558,0.229,0.216,0.69,108.016,183602.0,4,67.0
0.346,0.944,-9.874,1,0.0485,4.16e-05,0.0546,0.403,179.63,147036.0,4,86.0
0.346,0.749,-6.506,1,0.035,0.00167,0.648,0.315,102.591,443240.0,4,67.0
0.669,0.888,-4.159,0,0.0326,0.117,0.503,0.695,131.982,256440.0,4,17.0
0.515,0.871,-8.263,1,0.0646,0.645,0.835,0.669,118.54,525173.0,4,25.0
0.381,0.322,-13.16,1,0.0318,0.867,0.111,0.377,170.033,155423.0,4,28.0
0.372,0.833,-8.122,1,0.0353,0.0228,0.988,0.551,135.773,4.43755,4,16.0
0.224,0.905,-3.239,0,0.0722,0.0509,0.281,0.485,78.318,205707.0,4,63.0
0.721,0.464,-8.634,1,0.0304,0.753,0.0946,0.693,118.081,137314.0,4,46.0
0.874,0.876,-8.3,0,0.153,0.377,0.194,0.851,106.68,527760.0,4,25.0
0.589,0.914,-3.582,1,0.0935,0.00119,0.361,0.512,129.935,240587.0,4,58.0
0.591,0.925,-5.491,1,0.0517,0.142,0.402,0.628,137.987,198600.0,4,12.0
0.343,0.901,-4.298,1,0.0444,0.00336,0.258,0.668,174.134,259720.0,4,39.0
0.393,0.852,-1.69,1,0.0414,7.41e-05,0.328,0.575,164.166,222874.0,4,47.0
0.28,0.406,-8.106,1,0.0312,0.507,0.117,0.188,172.765,294573.0,4,34.0
0.765,0.576,-6.681,1,0.0342,0.276,0.111,0.789,115.995,204178.0,4,30.0
0.376,0.851,-3.535,1,0.0459,0.11,0.277,0.487,173.119,249533.0,4,58.0
0.488,0.428,-10.037,0,0.0438,0.873,0.611,0.906,121.504,126840.0,4,23.0
0.49,0.784,-8.057,0,0.0531,0.0235,0.189,0.58,132.549,210238.0,4,26.0
0.399,0.94,-6.686,1,0.0915,1.7e-05,0.348,0.132,154.999,401120.0,3,50.0
0.46,0.818,-7.945,1,0.0366,4.08e-05,0.0867,0.15,117.817,267933.0,4,50.0
0.623,0.965,-3.157,0,0.376,0.00135,0.482,0.346,134.066,176506.0,4,44.0
0.437,0.675,-6.453,1,0.245,0.759,0.0902,0.723,144.211,4.559783333,3,7.0
0.531,0.849,-10.754,1,0.111,0.0389,0.186,0.305,119.516,136427.0,4,56.0
0.496,0.469,-6.619,1,0.0352,0.366,0.133,0.259,137.833,237680.0,4,35.0
0.209,0.872,-2.996,1,0.0757,0.217,0.0768,0.294,78.139,281560.0,4,57.0
0.295,0.924,-3.407,1,0.0678,4.02e-05,0.377,0.219,171.941,239387.0,4,67.0
0.39,0.744,-8.163,1,0.0336,0.016,0.14,0.197,130.894,203027.0,4,21.0
0.412,0.919,-7.291,1,0.184,0.0124,0.424,0.572,166.367,229467.0,4,74.0
0.315,0.715,-8.072,0,0.0362,0.00125,0.0942,0.497,155.925,289533.0,3,79.0
0.588,0.223,-16.551,0,0.0487,0.776,0.106,0.412,126.747,650467.0,4,32.0
0.696,0.666,-6.481,0,0.0497,0.694,0.131,0.932,79.229,162493.0,4,37.0
0.766,0.793,-6.638,0,0.165,0.0294,0.173,0.647,91.925,260800.0,4,60.0
0.759,0.76,-10.802,0,0.223,0.294,0.053,0.699,91.848,6.2,4,36.0
0.529,0.811,-5.62,1,0.0511,0.0317,0.311,0.454,102.703,3.726216667,4,57.0
0.463,0.62,-8.141,1,0.0301,0.172,0.111,0.259,107.076,322307.0,4,53.0
0.306,0.935,-7.856,1,0.0611,6.88e-05,0.463,0.364,190.087,197933.0,4,29.0
0.511,0.93,-5.173,1,0.0522,0.00556,0.403,0.881,153.376,229467.0,4,55.0
0.733,0.671,-5.15,0,0.0374,0.00608,0.109,0.251,120.021,218025.0,4,31.0
0.575,0.17,-16.196,1,0.0535,0.901,0.179,0.37,77.048,384337.0,4,32.0
0.198,0.993,-3.961,0,0.143,3.63e-06,0.0775,0.0398,115.643,286851.0,4,26.0
0.413,0.69,-6.868,1,0.0299,0.212,0.314,0.483,95.26,267533.0,4,32.0
0.78,0.591,-7.764,1,0.09,0.807,0.23,0.771,126.803,166280.0,4,62.0
0.517,0.906,-3.677,1,0.0735,0.00272,0.113,0.731,172.977,211520.0,4,72.0
0.452,0.766,-5.046,1,0.0374,0.0809,0.186,0.258,109.135,251179.0,4,32.0
0.518,0.729,-7.141,0,0.0269,0.304,0.107,0.482,106.956,238827.0,4,29.0
0.493,0.839,-5.75,1,0.0431,0.000115,0.199,0.36,122.996,279817.0,4,44.0
0.55,0.423,-16.101,0,0.0285,0.139,0.128,0.268,143.876,285267.0,4,17.0
0.527,0.98,-5.791,1,0.0618,0.00825,0.153,0.599,90.042,181333.0,4,39.0
0.383,0.835,-5.07,1,0.049,0.0194,0.153,0.17,120.268,318800.0,4,44.0
0.471,0.918,-2.737,1,0.0351,0.000526,0.384,0.203,179.97,256800.0,4,32.0
0.493,0.937,-3.555,0,0.0884,0.0198,0.103,0.435,155.179,290417.0,4,32.0
0.55,0.824,-5.988,1,0.0334,0.448,0.366,0.777,114.512,3.57888333,4,75.0
0.493,0.621,-6.19,1,0.0525,0.619,0.257,0.855,161.696,148733.0,4,31.0
0.623,0.48,-4.39,0,0.0269,0.0148,0.086,0.355,140.015,268509.0,4,58.0
0.506,0.845,-12.056,1,0.0376,0.0337,0.161,0.467,120.829,232693.0,4,24.0
0.783,0.485,-11.262,0,0.521,0.419,0.182,0.858,179.948,170766.0,4,68.0
0.427,0.0787,-25.917,1,0.0413,0.98,0.0867,0.0398,140.156,5.044,4,39.0
0.169,0.956,-2.94,1,0.0631,0.00127,0.208,0.159,95.249,257240.0,3,44.0
0.797,0.542,-5.131,1,0.0345,0.039,0.314,0.394,102.045,192773.0,4,50.0
0.441,0.794,-5.642,1,0.0454,0.00599,0.118,0.454,156.018,203013.0,4,41.0
0.57,0.165,-16.408,0,0.0389,0.804,0.236,0.591,76.368,4.268883333,4,41.0
0.394,0.366,-12.883,1,0.0472,0.552,0.0991,0.549,91.259,267507.0,4,45.0
0.61,0.703,-8.349,0,0.0372,0.716,0.0834,0.709,161.817,144240.0,4,30.0
0.477,0.876,-7.574,0,0.125,0.697,0.377,0.706,174.152,6.316666667,4,19.0
0.538,0.837,-4.498,1,0.0319,5.36e-05,0.158,0.768,130.001,172013.0,4,30.0
0.565,0.495,-14.611,1,0.0506,0.766,0.287,0.952,168.21,131973.0,4,44.0
0.679,0.553,-14.687,1,0.0316,0.0611,0.139,0.946,109.071,3.312666667,4,69.0
0.36,0.373,-12.611,1,0.0376,0.991,0.188,0.443,148.608,5.716666667,4,11.0
0.555,0.933,-6.287,0,0.118,0.437,0.267,0.616,97.878,184827.0,4,40.0
0.544,0.0221,-21.88,0,0.0442,0.994,0.106,0.352,70.795,177196.0,3,54.0
0.383,0.917,-4.516,0,0.195,0.000636,0.409,0.443,79.362,180400.0,4,42.0
0.664,0.726,-4.899,1,0.0329,0.211,0.272,0.538,97.749,209107.0,4,49.0
0.532,0.834,-5.486,0,0.032,0.195,0.0971,0.517,90.521,217720.0,4,29.0
0.609,0.674,-6.506,0,0.0355,0.00378,0.129,0.743,127.541,246307.0,4,64.0
0.934,0.873,-4.707,1,0.309,0.00488,0.0832,0.721,139.997,155090.0,4,76.0
0.351,0.865,-4.526,1,0.0433,5.76e-05,0.916,0.475,79.547,221120.0,4,34.0
0.3,0.957,-5.993,1,0.112,2.67e-05,0.266,0.352,76.256,157080.0,4,46.0
0.664,0.573,-6.519,1,0.0277,0.613,0.0857,0.566,76.023,160097.0,4,79.0
0.212,0.0517,-24.467,1,0.0525,0.928,0.112,0.152,185.678,6.627333333,3,51.0
0.425,0.903,-4.801,1,0.0732,0.405,0.117,0.769,108.748,190253.0,4,64.0
0.871,0.701,-5.594,0,0.0458,0.257,0.0589,0.716,126.975,198440.0,4,78.0
0.912,0.596,-9.959,1,0.451,0.482,0.107,0.816,90.463,282907.0,4,60.0
0.419,0.608,-9.957,0,0.054,0.798,0.129,0.341,125.144,229500.0,1,44.0
0.508,0.869,-5.393,1,0.0545,0.0256,0.0552,0.6,149.92,4.026666667,4,26.0
0.318,0.259,-10.315,0,0.0307,0.803,0.121,0.438,174.738,198773.0,4,43.0
0.602,0.905,-4.046,1,0.0775,0.000202,0.117,0.411,128.019,304840.0,4,75.0
0.631,0.239,-7.071,0,0.0398,0.864,0.116,0.0927,79.859,149297.0,4,84.0
0.641,0.88,-3.094,1,0.156,0.0219,0.0802,0.636,168.99,195947.0,4,26.0
0.685,0.814,-5.227,1,0.0314,0.0278,0.0998,0.748,112.008,3.4342,4,19.0
0.403,0.265,-10.071,1,0.0273,0.806,0.134,0.193,78.177,188460.0,4,25.0
0.385,0.637,-5.176,1,0.0315,0.0455,0.286,0.246,163.913,234098.0,4,41.0
0.689,0.679,-6.735,1,0.0315,0.00028,0.0986,0.43,136.988,278213.0,4,32.0
0.799,0.543,-6.094,0,0.24,0.0512,0.134,0.25,187.906,85742.0,4,71.0
0.508,0.0729,-21.153,0,0.0721,0.97,0.111,0.0705,76.225,4.133333333,4,49.0
0.452,0.953,-7.215,1,0.0485,1.32e-05,0.205,0.439,126.445,266627.0,4,38.0
0.668,0.377,-9.488,1,0.134,0.147,0.258,0.656,92.721,150968.0,4,42.0
0.555,0.924,-4.93,1,0.0604,0.0159,0.075,0.865,87.606,280000.0,4,62.0
0.578,0.459,-9.412,1,0.033,0.000157,0.11,0.0834,140.014,279431.0,4,20.0
0.395,0.904,-7.762,0,0.0393,0.000368,0.852,0.649,106.067,202040.0,4,26.0
0.568,0.356,-8.874,1,0.0322,0.205,0.202,0.247,55.994,281975.0,4,24.0
0.547,0.596,-6.044,1,0.0339,8.02e-05,0.273,0.584,116.17,169507.0,4,60.0
0.625,0.916,-5.861,1,0.0793,0.0368,0.125,0.771,120.027,290144.0,4,38.0
0.467,0.637,-10.193,0,0.0467,0.679,0.0728,0.875,82.625,6.476,4,24.0
0.434,0.327,-10.72,1,0.0312,0.609,0.686,0.295,119.506,303907.0,4,62.0
0.445,0.886,-6.592,1,0.0647,0.00158,0.0424,0.382,81.37,227262.0,4,38.0
0.829,0.631,-7.876,1,0.106,0.875,0.109,0.792,106.863,136822.0,4,55.0
0.642,0.708,-13.402,1,0.0543,0.0346,0.0844,0.775,108.143,215800.0,4,48.0
0.926,0.669,-11.271,1,0.301,0.0051,0.0887,0.642,128.462,262827.0,4,68.0
0.594,0.958,-3.887,1,0.0825,0.00918,0.23,0.806,149.944,198013.0,4,44.0
0.322,0.985,-3.494,1,0.14,0.000522,0.0964,0.0815,161.195,289150.0,4,46.0
0.799,0.926,-4.941,1,0.0392,0.0177,0.0808,0.966,145.946,187214.0,4,38.0
0.457,0.719,-3.921,0,0.0323,0.191,0.228,0.168,142.034,240493.0,4,69.0
0.651,0.801,-7.34,1,0.0514,0.123,0.0825,0.776,133.769,3.34133333,4,71.0
0.797,0.631,-10.34,1,0.421,0.164,0.0973,0.765,143.095,214825.0,4,55.0
0.808,0.597,-5.68,1,0.226,0.13,0.0696,0.719,96.028,161111.0,4,44.0
0.485,0.248,-10.566,1,0.0292,0.837,0.0935,0.188,111.662,247547.0,3,46.0
0.447,0.222,-13.136,0,0.0631,0.986,0.119,0.231,79.226,3.9,3,51.0
0.52,0.954,-3.882,1,0.0658,0.000736,0.349,0.609,104.914,272280.0,4,33.0
0.493,0.857,-6.281,1,0.0382,0.0808,0.265,0.901,128.407,240800.0,4,24.0
0.74,0.641,-9.494,1,0.0863,0.102,0.121,0.324,79.022,220755.0,4,46.0
0.503,0.541,-15.489,1,0.0335,7.82e-05,0.262,0.613,121.503,238227.0,3,31.0
0.35,0.835,-4.386,1,0.112,0.00257,0.355,0.587,126.778,143853.0,4,37.0
0.597,0.907,-3.878,1,0.0519,0.000101,0.116,0.659,119.975,176373.0,4,52.0
0.772,0.449,-10.324,1,0.366,0.457,0.343,0.561,94.736,213438.0,4,40.0
0.596,0.797,-7.007,1,0.0431,0.129,0.337,0.651,127.736,199400.0,4,32.0
0.269,0.672,-7.714,1,0.0424,0.147,0.239,0.136,90.237,539493.0,4,1.0
0.543,0.525,-7.144,1,0.0347,0.228,0.0801,0.695,112.892,213047.0,4,33.0
0.461,0.695,-6.918,1,0.0601,0.162,0.121,0.771,152.249,231253.0,4,44.0
0.515,0.735,-2.972,1,0.0388,7.08e-05,0.286,0.456,128.026,223933.0,4,35.0
0.69,0.665,-6.963,0,0.0746,0.597,0.606,0.423,88.018,199373.0,4,57.0
0.389,0.208,-11.669,1,0.0359,0.861,0.192,0.233,90.346,254619.0,4,51.0
0.572,0.721,-4.061,0,0.0336,0.59,0.103,0.618,142.832,252598.0,4,27.0
0.57,0.586,-9.426,0,0.05,0.164,0.111,0.101,123.917,246262.0,4,7.0
0.633,0.81,-6.819,0,0.0486,0.0997,0.12,0.665,94.009,313253.0,4,49.0
0.606,0.633,-7.19,1,0.032,0.152,0.196,0.535,142.016,3.650216667,4,57.0
0.689,0.209,-10.481,1,0.0941,0.87,0.104,0.236,75.474,2.8,4,42.0
0.557,0.372,-12.523,1,0.0344,0.693,0.105,0.287,155.99,3.11538333,4,48.0
0.363,0.356,-10.857,1,0.0369,0.799,0.0861,0.249,193.841,3.13021667,4,49.0
0.518,0.95,-5.461,0,0.0372,7.31e-05,0.129,0.468,140.01,248699.0,4,42.0
0.794,0.705,-8.05,0,0.0499,0.00495,0.201,0.702,126.004,190476.0,4,33.0
0.852,0.659,-5.548,1,0.19,0.00425,0.1,0.193,105.016,204200.0,4,13.0
0.689,0.706,-4.48,0,0.0312,0.0833,0.105,0.623,106.52,3.77113333,4,81.0
0.854,0.474,-8.849,0,0.315,0.0576,0.117,0.522,85.034,158118.0,4,27.0
0.447,0.876,-5.446,0,0.066,0.000359,0.255,0.532,92.535,283827.0,4,63.0
0.523,0.787,-13.211,1,0.0331,2.74e-05,0.272,0.671,93.465,3.70666667,4,35.0
0.747,0.571,-12.9,0,0.086,0.48,0.242,0.965,91.838,220093.0,4,60.0
0.567,0.532,-9.171,1,0.0324,0.191,0.143,0.196,122.987,214634.0,4,42.0
0.738,0.844,-5.743,0,0.14,0.00536,0.397,0.243,128.005,195938.0,4,68.0
0.486,0.636,-9.389,1,0.0986,0.7,0.494,0.911,125.624,6.358666667,4,2.0
0.393,0.163,-19.789,0,0.0477,0.971,0.127,0.097,134.853,3.224683333,4,46.0
0.62,0.439,-6.826,0,0.0391,0.916,0.101,0.514,98.06,191120.0,4,5.0
0.575,0.558,-10.254,1,0.0321,0.0518,0.118,0.826,155.894,273854.0,1,52.0
0.689,0.673,-7.6,0,0.0287,0.303,0.723,0.564,113.139,224353.0,4,44.0
0.641,0.101,-14.288,1,0.0396,0.941,0.377,0.217,98.596,150187.0,4,61.0
0.311,0.775,-12.683,1,0.076,0.506,0.897,0.477,121.352,350053.0,4,44.0
0.715,0.555,-7.147,1,0.0423,0.00213,0.0949,0.219,122.992,203696.0,4,16.0
0.472,0.826,-3.938,0,0.0594,0.000617,0.187,0.132,122.326,385920.0,4,52.0
0.686,0.328,-5.013,0,0.0353,0.459,0.128,0.466,80.098,194827.0,4,48.0
0.515,0.258,-11.941,1,0.0298,0.98,0.0918,0.375,88.839,4.584666667,5,7.0
0.411,0.381,-13.908,1,0.0329,0.777,0.676,0.384,88.015,164900.0,4,23.0
0.349,0.364,-13.728,1,0.0303,0.755,0.955,0.31,128.034,349250.0,4,40.0
0.358,0.912,-4.651,1,0.05,3.36e-06,0.122,0.578,156.873,205400.0,4,34.0
0.57,0.83,-7.992,1,0.0614,0.0725,0.176,0.735,117.05,210929.0,4,26.0
0.481,0.262,-15.73,1,0.0414,0.735,0.832,0.375,122.883,334744.0,4,76.0
0.233,0.985,-4.839,1,0.182,0.000311,0.335,0.54,194.927,218154.0,3,35.0
0.587,0.501,-7.483,1,0.0408,0.704,0.0824,0.44,139.92,255794.0,4,58.0
0.929,0.626,-5.996,1,0.0383,0.0483,0.102,0.859,123.134,222215.0,4,36.0
0.49,0.317,-8.12,0,0.0297,0.816,0.0938,0.251,139.308,265360.0,3,41.0
0.433,0.863,-6.213,0,0.0455,0.0397,0.0763,0.424,85.999,224142.0,4,48.0
0.613,0.72,-7.957,1,0.0425,0.0132,0.104,0.561,117.341,265867.0,4,70.0
0.0697,0.816,-6.41,1,0.0803,8.74e-06,0.303,0.0387,179.783,381853.0,4,42.0
0.666,0.42,-12.28,1,0.0255,0.699,0.142,0.34,90.794,3.582066667,4,50.0
0.493,0.556,-6.27,1,0.0772,0.822,0.233,0.931,190.617,4.51245,4,7.0
0.596,0.448,-9.616,1,0.0396,0.365,0.206,0.796,83.293,264504.0,4,76.0
0.566,0.765,-5.329,0,0.0329,0.0376,0.0716,0.576,111.957,211733.0,4,32.0
0.296,0.911,-3.093,1,0.0552,0.00422,0.153,0.329,203.841,3.684883333,4,30.0
0.898,0.509,-6.038,0,0.124,0.158,0.0939,0.555,108.002,143556.0,4,52.0
0.675,0.775,-5.772,1,0.0522,0.0387,0.383,0.933,99.945,217853.0,4,58.0
0.358,0.912,-4.736,1,0.0976,0.000456,0.348,0.351,174.171,278270.0,4,43.0
0.444,0.884,-6.104,1,0.119,0.00751,0.116,0.296,94.82,220587.0,4,53.0
0.468,0.909,-3.641,1,0.0521,0.0237,0.272,0.603,121.987,193784.0,4,22.0
0.237,0.7,-11.703,1,0.0547,0.00646,0.122,0.125,136.016,303987.0,4,32.0
0.576,0.494,-12.242,0,0.0605,0.106,0.13,0.587,96.478,199667.0,4,54.0
0.605,0.451,-14.955,0,0.0318,0.159,0.0748,0.343,128.708,331573.0,4,31.0
0.733,0.689,-9.255,1,0.0351,0.0425,0.0733,0.38,128.029,247379.0,4,25.0
0.529,0.693,-7.47,1,0.0262,0.00613,0.205,0.448,112.012,223160.0,4,50.0
0.438,0.71,-12.412,1,0.0919,0.262,0.221,0.53,145.928,3.50621667,4,72.0
0.815,0.607,-6.623,0,0.0284,0.163,0.112,0.57,117.36,242027.0,4,8.0
0.538,0.77,-7.376,1,0.0487,0.0158,0.0686,0.238,127.103,265920.0,4,63.0
0.62,0.93,-3.685,1,0.0374,0.00043,0.0686,0.609,106.22,190173.0,4,70.0
0.381,0.539,-6.761,1,0.0375,2.5e-05,0.125,0.499,127.424,282160.0,4,42.0
0.672,0.655,-5.021,0,0.0311,0.0362,0.117,0.556,134.945,201240.0,4,80.0
0.579,0.689,-7.385,0,0.057,0.201,0.117,0.578,101.394,308814.0,4,38.0
0.573,0.96,-2.578,1,0.0543,0.000945,0.068,0.617,97.983,206000.0,4,52.0
0.735,0.917,-5.524,0,0.212,0.0293,0.138,0.483,91.993,187826.0,4,55.0
0.413,0.873,-4.151,1,0.0536,0.000264,0.204,0.48,116.68,218933.0,3,78.0
0.702,0.787,-8.175,0,0.0433,0.0137,0.105,0.436,99.982,195500.0,4,47.0
0.668,0.811,-10.875,1,0.0522,0.000137,0.63,0.147,124.007,325533.0,4,43.0
0.783,0.929,-12.052,0,0.0455,0.000406,0.0738,0.644,123.687,314653.0,4,34.0
0.399,0.881,-4.341,1,0.0347,0.0019,0.39,0.272,84.58,380893.0,4,60.0
0.877,0.389,-8.186,0,0.182,0.0913,0.1,0.15,89.95,112371.0,4,55.0
0.442,0.807,-4.753,1,0.265,0.0158,0.217,0.446,84.649,266213.0,4,55.0
0.245,0.893,-8.147,1,0.049,0.0301,0.987,0.68,182.234,504893.0,4,39.0
0.589,0.676,-5.061,1,0.0284,0.0976,0.324,0.632,108.008,143856.0,4,25.0
0.663,0.923,-7.091,1,0.04,0.0272,0.224,0.924,115.736,259027.0,4,45.0
0.574,0.625,-6.249,1,0.0304,0.0366,0.114,0.281,126.923,189385.0,4,56.0
0.456,0.956,-3.086,1,0.0423,0.0607,0.0728,0.527,136.283,256733.0,4,53.0
0.635,0.484,-7.586,1,0.0345,0.644,0.0802,0.779,125.358,205000.0,4,32.0
0.451,0.889,-2.693,1,0.261,0.00167,0.258,0.586,131.073,153800.0,4,70.0
0.551,0.86,-7.839,1,0.0796,0.262,0.0558,0.723,136.921,141507.0,4,68.0
0.267,0.734,-7.999,1,0.0727,0.00186,0.116,0.307,207.72,211494.0,4,24.0
0.577,0.881,-5.961,1,0.039,0.291,0.103,0.721,108.036,226944.0,4,28.0
0.523,0.609,-7.802,1,0.191,0.059,0.14,0.374,154.051,139041.0,4,71.0
0.631,0.402,-11.125,1,0.0286,0.616,0.0892,0.598,78.0,3.808,4,61.0
0.661,0.978,-3.064,0,0.107,0.0247,0.0856,0.592,98.019,204960.0,4,68.0
0.249,0.834,-8.21,1,0.0577,0.0738,0.0924,0.338,118.223,547107.0,4,74.0
0.656,0.638,-5.742,0,0.0463,0.00409,0.106,0.152,136.926,261550.0,4,20.0
0.509,0.918,-4.683,0,0.0423,1.5e-05,0.385,0.363,115.072,238987.0,4,21.0
0.345,0.89,-4.175,0,0.0774,0.000725,0.204,0.276,137.973,237065.0,4,63.0
0.566,0.374,-11.194,0,0.0507,0.596,0.172,0.326,115.735,787933.0,4,36.0
0.624,0.526,-8.925,1,0.0295,0.0305,0.112,0.237,110.949,214467.0,4,28.0
0.612,0.478,-10.728,1,0.0763,0.0778,0.889,0.174,60.021,365387.0,4,44.0
0.651,0.527,-12.564,1,0.0283,0.559,0.107,0.698,90.619,3.178883333,4,34.0
0.456,0.679,-4.802,1,0.0324,0.176,0.103,0.483,184.075,3.533833333,4,74.0
0.21,0.955,-7.741,1,0.178,5.09e-06,0.244,0.119,90.134,401947.0,4,32.0
0.165,0.919,-5.321,1,0.143,0.00113,0.395,0.306,83.382,257093.0,3,50.0
0.431,0.469,-8.941,0,0.027,0.561,0.107,0.231,74.942,179632.0,4,29.0
0.446,0.708,-4.367,1,0.0627,0.568,0.311,0.496,159.858,4.041116667,4,34.0
0.467,0.986,-4.458,0,0.108,7.01e-06,0.158,0.391,130.026,258267.0,3,29.0
0.503,0.469,-13.264,0,0.0279,0.00764,0.0787,0.262,130.047,261827.0,4,19.0
0.734,0.414,-10.895,0,0.0455,0.44,0.12,0.329,93.009,197810.0,4,33.0
0.661,0.973,-2.994,0,0.037,0.11,0.617,0.75,108.037,3.88045,4,67.0
0.329,0.974,-8.77,0,0.135,0.000852,0.0904,0.234,140.862,166920.0,4,74.0
0.678,0.839,-3.617,1,0.0394,0.0379,0.0742,0.772,104.952,3.09845,4,69.0
0.612,0.601,-7.19,1,0.0288,0.0113,0.267,0.291,120.044,207000.0,4,34.0
0.418,0.452,-13.099,1,0.0356,0.638,0.0959,0.168,175.088,218733.0,4,74.0
0.598,0.906,-3.435,1,0.0447,0.00931,0.16,0.525,97.007,172280.0,4,53.0
0.526,0.978,-5.436,1,0.108,0.00122,0.0744,0.451,141.167,3.50378333,4,73.0
0.922,0.693,-3.105,0,0.0842,0.15,0.115,0.718,110.019,187926.0,4,46.0
0.554,0.932,-3.424,0,0.0485,0.00154,0.425,0.478,112.49,242280.0,4,74.0
0.562,0.862,-3.895,0,0.0513,0.0104,0.0624,0.835,75.096,186129.0,4,37.0
0.617,0.0961,-16.523,0,0.0637,0.993,0.109,0.188,91.331,2.662266667,4,51.0
0.447,0.975,-2.462,0,0.0682,0.000187,0.349,0.507,165.017,239404.0,4,40.0
0.492,0.954,-3.757,0,0.106,0.000333,0.338,0.184,127.988,264375.0,4,39.0
0.44,0.269,-10.769,1,0.0262,0.914,0.132,0.138,103.877,234383.0,3,64.0
0.612,0.372,-12.299,1,0.0737,0.472,0.321,0.325,109.456,427960.0,4,16.0
0.466,0.119,-19.114,1,0.0587,0.992,0.112,0.393,126.277,2.89605,3,46.0
0.676,0.292,-14.448,1,0.34,0.723,0.433,0.649,74.798,204187.0,4,51.0
0.404,0.72,-9.18,0,0.0623,5.59e-05,0.0466,0.475,121.864,258467.0,4,73.0
0.481,0.336,-18.247,0,0.0382,0.562,0.107,0.0853,89.84,191067.0,4,54.0
0.385,0.832,-4.9,0,0.0891,0.0313,0.132,0.673,179.839,244536.0,4,49.0
0.64,0.651,-14.981,0,0.0517,0.142,0.0341,0.801,111.676,4.52621667,4,70.0
0.653,0.293,-12.661,0,0.0342,0.483,0.172,0.548,133.945,211455.0,4,26.0
0.674,0.611,-6.322,0,0.0363,0.0415,0.0726,0.782,175.929,226413.0,4,53.0
0.287,0.672,-8.441,0,0.048,0.908,0.102,0.494,135.984,5.322883333,4,16.0
0.395,0.421,-12.227,1,0.0301,0.115,0.102,0.135,131.79,246053.0,3,22.0
0.665,0.549,-7.597,0,0.311,0.107,0.27,0.229,82.069,200000.0,4,59.0
0.471,0.571,-8.599,1,0.0321,0.0445,0.127,0.347,146.841,351690.0,4,17.0
0.534,0.83,-6.855,1,0.111,0.228,0.1,0.78,188.248,151160.0,4,24.0
0.315,0.534,-7.552,0,0.031,0.000825,0.101,0.283,116.891,4.49533333,3,62.0
0.567,0.559,-12.591,1,0.0296,0.325,0.107,0.115,117.587,279432.0,4,24.0
0.465,0.751,-5.801,1,0.126,0.279,0.208,0.618,149.501,203100.0,4,47.0
0.553,0.512,-7.759,1,0.0465,0.569,0.107,0.259,94.96,195773.0,4,58.0
0.726,0.463,-7.828,1,0.0799,0.00817,0.255,0.321,123.881,231733.0,4,83.0
0.554,0.915,-8.52,1,0.0522,0.00105,0.13,0.327,127.997,220878.0,4,31.0
0.647,0.627,-7.156,0,0.0236,0.000119,0.331,0.445,94.204,290507.0,4,46.0
0.586,0.905,-5.268,1,0.0457,0.0028,0.322,0.371,94.968,222593.0,4,46.0
0.608,0.827,-6.026,0,0.0688,0.28,0.174,0.629,152.029,237225.0,4,51.0
0.699,0.579,-6.504,1,0.0416,0.267,0.452,0.128,109.948,247613.0,4,66.0
0.849,0.803,-6.775,1,0.275,0.0502,0.24,0.738,90.873,290813.0,4,34.0
0.797,0.468,-5.901,0,0.0438,0.0672,0.0819,0.486,132.998,216373.0,4,36.0
0.51,0.723,-6.72,1,0.0331,0.0367,0.161,0.499,89.964,376619.0,4,41.0
0.29,0.971,-1.96,0,0.104,0.0368,0.108,0.64,120.248,213107.0,4,24.0
0.33,0.85,-7.016,1,0.0665,0.00242,0.279,0.696,135.413,335333.0,3,42.0
0.532,0.992,-2.68,0,0.135,0.000794,0.1,0.5,90.019,203244.0,4,43.0
0.687,0.64,-7.799,1,0.0515,0.523,0.327,0.97,84.965,151493.0,4,44.0
0.543,0.351,-8.17,0,0.0909,0.978,0.308,0.791,89.948,168907.0,3,33.0
0.401,0.822,-7.091,1,0.122,0.000147,0.0713,0.674,174.966,146520.0,4,23.0
0.456,0.579,-5.665,1,0.0311,0.0898,0.0992,0.164,147.28,224343.0,4,50.0
0.525,0.677,-6.211,1,0.0251,0.124,0.244,0.246,99.974,164400.0,4,35.0
0.352,0.571,-3.801,0,0.0441,3e-05,0.125,0.53,99.202,211373.0,3,46.0
0.461,0.777,-7.469,1,0.0306,0.388,0.291,0.525,163.043,283909.0,4,14.0
0.443,0.927,-8.046,0,0.0613,4.62e-05,0.123,0.392,129.993,270599.0,4,36.0
0.64,0.743,-4.08,1,0.0379,0.269,0.101,0.361,122.035,262533.0,4,82.0
0.488,0.548,-7.176,1,0.0396,0.000121,0.0762,0.235,100.023,205417.0,4,29.0
0.699,0.463,-7.828,1,0.475,0.315,0.0803,0.565,143.99,177200.0,4,75.0
0.804,0.591,-11.184,0,0.0797,0.198,0.0597,0.762,118.015,222901.0,4,52.0
0.713,0.537,-6.456,0,0.0603,0.471,0.283,0.635,83.023,242892.0,4,35.0
0.768,0.774,-5.584,1,0.0446,0.244,0.113,0.775,100.005,216099.0,4,54.0
0.543,0.952,-3.402,1,0.0376,0.000469,0.117,0.733,129.977,224427.0,4,42.0
0.46,0.576,-10.118,0,0.0344,0.00312,0.118,0.443,93.775,210000.0,4,30.0
0.728,0.664,-5.543,1,0.0438,0.00973,0.37,0.105,104.021,211749.0,4,41.0
0.715,0.92,-4.189,1,0.0849,0.0929,0.296,0.798,100.61,235453.0,4,36.0
0.294,0.745,-9.138,1,0.0461,0.05,0.676,0.347,134.364,210107.0,4,68.0
0.706,0.354,-9.592,1,0.29,0.479,0.0734,0.376,119.793,242520.0,3,57.0
0.499,0.485,-12.348,1,0.0509,0.221,0.0578,0.167,188.046,246027.0,4,45.0
0.484,0.493,-10.587,0,0.0909,0.492,0.327,0.146,113.765,257910.0,4,43.0
0.536,0.808,-13.407,1,0.0439,0.0579,0.117,0.678,122.408,351867.0,4,50.0
0.699,0.688,-4.11,0,0.141,0.755,0.151,0.843,79.242,170387.0,4,34.0
0.55,0.879,-5.623,0,0.286,0.0296,0.375,0.1,140.686,137826.0,4,8.0
0.47,0.969,-4.739,1,0.0968,0.000702,0.332,0.593,144.012,192311.0,4,52.0
0.765,0.612,-8.427,1,0.0252,0.133,0.063,0.935,106.455,210333.0,4,31.0
0.724,0.464,-7.383,0,0.0462,0.0898,0.26,0.599,106.061,224151.0,4,26.0
0.661,0.446,-10.972,1,0.036,0.884,0.073,0.399,116.0,278520.0,4,34.0
0.24,0.313,-11.476,1,0.033,0.791,0.176,0.131,101.673,234923.0,3,42.0
0.115,0.758,-7.819,0,0.0731,0.000105,0.371,0.175,171.998,304440.0,4,31.0
0.552,0.958,-5.304,0,0.0719,0.00397,0.226,0.183,128.008,304687.0,4,47.0
0.491,0.696,-10.114,1,0.0301,0.707,0.211,0.893,144.765,165360.0,4,34.0
0.78,0.828,-4.737,0,0.31,0.00384,0.204,0.538,103.176,160840.0,4,38.0
0.195,0.608,-8.497,1,0.031,0.0114,0.295,0.485,153.379,437600.0,4,36.0
0.367,0.938,-4.643,1,0.0464,0.0052,0.428,0.556,177.916,214880.0,4,41.0
0.436,0.657,-8.868,1,0.0541,0.00975,0.0931,0.21,118.693,467640.0,4,65.0
0.233,0.931,-7.206,1,0.132,0.0015,0.983,0.608,137.834,235173.0,4,24.0
0.871,0.451,-7.939,1,0.362,0.0408,0.0797,0.766,94.959,171789.0,4,34.0
0.325,0.912,-3.39,0,0.0514,0.0016,0.132,0.652,132.609,205933.0,4,31.0
0.369,0.618,-8.202,1,0.0298,0.0289,0.108,0.516,76.998,431973.0,4,27.0
0.445,0.17,-18.671,1,0.044,0.976,0.102,0.0943,122.232,3.253033333,4,58.0
0.62,0.668,-6.882,1,0.0269,0.00959,0.113,0.537,111.979,224963.0,3,22.0
0.6,0.49,-9.2,1,0.0431,0.784,0.203,0.955,77.603,3.455783333,3,11.0
0.558,0.719,-5.113,1,0.0267,0.0367,0.115,0.371,112.027,208600.0,4,73.0
0.943,0.641,-5.598,1,0.191,0.0016,0.211,0.242,99.099,218333.0,4,73.0
0.802,0.461,-12.367,0,0.302,0.0757,0.109,0.74,90.995,185933.0,4,57.0
0.57,0.703,-11.672,1,0.14,0.21,0.156,0.937,166.75,203067.0,4,27.0
0.315,0.296,-13.262,1,0.0315,0.771,0.702,0.435,173.509,263573.0,4,73.0
0.386,0.916,-5.955,1,0.0741,0.105,0.325,0.775,135.642,238107.0,4,59.0
0.361,0.433,-13.35,0,0.0671,0.617,0.0924,0.318,139.911,205927.0,4,35.0
0.206,0.0758,-22.17,1,0.0407,0.882,0.191,0.346,82.356,226280.0,1,15.0
0.487,0.955,-5.067,0,0.0574,0.000122,0.283,0.382,139.965,216520.0,4,40.0
0.209,0.545,-8.941,0,0.0321,0.0153,0.127,0.0375,169.654,303893.0,3,25.0
0.4,0.975,-2.723,0,0.0627,2.41e-05,0.158,0.408,146.875,174387.0,4,26.0
0.672,0.875,-3.383,0,0.0452,0.0263,0.662,0.581,128.019,216680.0,4,15.0
0.58,0.376,-7.012,1,0.0252,0.784,0.118,0.0872,104.996,212027.0,4,54.0
0.759,0.71,-5.242,1,0.111,0.259,0.456,0.5,120.993,230000.0,4,32.0
0.497,0.947,-8.802,1,0.0391,8.21e-05,0.118,0.588,90.371,217907.0,4,55.0
0.328,0.967,-4.975,1,0.155,0.0687,0.965,0.152,89.079,382741.0,4,34.0
0.461,0.836,-6.518,1,0.035,0.407,0.414,0.27,95.84,334667.0,4,48.0
0.918,0.363,-8.937,1,0.506,0.293,0.0797,0.61,107.962,152184.0,4,52.0
0.566,0.251,-17.183,1,0.0298,0.752,0.0764,0.644,96.721,286271.0,4,29.0
0.141,0.0347,-29.991,0,0.0391,0.953,0.0978,0.048,91.036,4.072883333,4,24.0
0.608,0.97,-4.943,0,0.0465,0.0174,0.0933,0.617,98.307,276560.0,4,37.0
0.75,0.585,-7.576,0,0.0285,0.049,0.155,0.584,102.331,159595.0,4,71.0
0.589,0.696,-8.109,1,0.034,8.65e-05,0.0779,0.938,129.833,267000.0,4,62.0
0.606,0.496,-10.92,1,0.0848,0.793,0.107,0.71,91.266,318232.0,4,8.0
0.374,0.62,-6.486,1,0.0373,0.857,0.343,0.529,97.23,3.486883333,4,35.0
0.495,0.237,-17.701,1,0.0333,0.892,0.0865,0.541,77.376,3.52445,4,31.0
0.479,0.926,-4.226,0,0.0893,0.000399,0.179,0.673,175.994,173327.0,4,51.0
0.421,0.808,-5.772,0,0.0637,0.00117,0.265,0.482,111.86,159746.0,4,50.0
0.815,0.565,-10.499,0,0.0902,0.213,0.0952,0.705,103.955,119291.0,4,51.0
0.236,0.823,-7.165,1,0.0863,0.699,0.364,0.259,175.38,244813.0,4,43.0
0.713,0.667,-10.765,1,0.0297,0.0987,0.11,0.817,131.027,216066.0,4,15.0
0.544,0.959,-5.517,1,0.141,0.000109,0.0717,0.176,117.967,243147.0,4,27.0
0.529,0.743,-6.865,1,0.091,0.00378,0.0432,0.616,112.985,180000.0,4,37.0
0.51,0.894,-4.264,1,0.0544,0.00691,0.0921,0.553,174.033,204613.0,4,43.0
0.359,0.678,-7.748,1,0.0552,0.588,0.982,0.774,126.665,258482.0,4,18.0
0.499,0.988,-2.887,1,0.116,0.00305,0.373,0.212,104.957,230000.0,4,36.0
0.796,0.971,-6.339,1,0.0882,0.025,0.32,0.963,133.159,193142.0,4,43.0
0.817,0.781,-4.178,0,0.112,0.00838,0.123,0.359,104.0,216707.0,4,74.0
0.565,0.849,-5.313,0,0.0926,0.000243,0.0631,0.758,123.768,216280.0,4,44.0
0.494,0.637,-6.004,1,0.0336,0.0789,0.215,0.175,140.034,175547.0,4,58.0
0.493,0.867,-4.035,1,0.0314,0.0522,0.265,0.229,91.011,3.705116667,4,37.0
0.613,0.491,-10.315,1,0.142,0.871,0.116,0.225,81.327,92053.0,4,45.0
0.488,0.976,-4.609,0,0.0621,0.000234,0.349,0.381,159.971,213493.0,4,42.0
0.88,0.596,-6.465,1,0.0998,0.232,0.116,0.389,144.918,149295.0,4,27.0
0.294,0.931,-6.744,0,0.113,0.0864,0.367,0.573,133.948,162893.0,4,16.0
0.51,0.827,-6.013,1,0.0419,0.00708,0.191,0.338,92.92,245933.0,4,54.0
0.926,0.728,-6.103,1,0.129,0.0679,0.0716,0.821,120.034,208524.0,4,43.0
0.794,0.482,-6.699,1,0.0532,0.000207,0.143,0.687,134.001,182533.0,4,36.0
0.579,0.975,-2.641,1,0.0458,0.0106,0.223,0.571,114.067,280600.0,4,34.0
0.421,0.95,-1.226,0,0.238,0.000661,0.126,0.572,171.949,195613.0,4,28.0
0.532,0.739,-4.066,1,0.0325,0.0254,0.0498,0.295,145.031,256587.0,4,50.0
0.481,0.134,-17.099,1,0.0461,0.608,0.0992,0.0753,120.27,3.937933333,3,48.0
0.608,0.642,-7.978,1,0.0251,0.17,0.166,0.608,87.703,289160.0,4,57.0
0.539,0.228,-8.234,0,0.0466,0.992,0.126,0.518,84.324,182400.0,4,34.0
0.552,0.698,-4.973,0,0.249,0.172,0.313,0.266,68.478,221002.0,3,50.0
0.825,0.857,-3.389,0,0.0448,0.00907,0.0461,0.791,98.204,314147.0,4,47.0
0.361,0.91,-7.914,1,0.0943,0.0338,0.122,0.305,108.168,486861.0,4,36.0
0.443,0.888,-3.333,1,0.0714,0.00071,0.303,0.637,162.067,181440.0,4,41.0
0.369,0.987,-2.517,1,0.219,0.00596,0.368,0.232,130.214,174760.0,4,34.0
0.687,0.728,-12.67,0,0.0289,0.292,0.0375,0.96,103.733,314760.0,4,32.0
0.629,0.23,-12.813,0,0.0385,0.585,0.138,0.539,138.566,334360.0,4,38.0
0.382,0.0164,-29.371,1,0.0452,0.975,0.113,0.506,74.326,2.248216667,5,39.0
0.553,0.74,-5.54,1,0.0363,0.0987,0.134,0.656,115.957,194313.0,4,42.0
0.67,0.649,-8.382,1,0.303,0.02,0.111,0.203,105.251,208500.0,3,44.0
0.595,0.121,-19.476,0,0.069,0.966,0.103,0.384,115.258,2.2784,4,42.0
0.586,0.253,-8.667,0,0.0465,0.932,0.114,0.568,104.217,164973.0,4,30.0
0.656,0.863,-2.698,0,0.0518,0.203,0.119,0.696,105.038,123429.0,4,27.0
0.508,0.89,-6.592,1,0.0687,3.43e-05,0.319,0.661,160.084,163875.0,4,37.0
0.717,0.866,-3.662,1,0.0474,0.248,0.385,0.734,154.889,129117.0,4,43.0
0.64,0.459,-13.294,0,0.0355,0.0282,0.197,0.769,122.82,223840.0,4,29.0
0.285,0.843,-7.318,1,0.129,0.00103,0.327,0.282,97.051,229173.0,4,64.0
0.66,0.696,-11.597,0,0.093,0.738,0.334,0.893,115.765,3.797116667,4,8.0
0.342,0.926,-5.338,1,0.0384,2.18e-05,0.155,0.425,129.446,235583.0,4,32.0
0.941,0.471,-13.087,1,0.494,0.0308,0.0837,0.487,119.898,111550.0,4,74.0
0.27,0.0118,-28.505,1,0.0408,0.993,0.108,0.0363,69.334,250648.0,5,28.0
0.11,0.969,-5.858,0,0.124,3.21e-06,0.151,0.17,79.762,409600.0,4,38.0
0.398,0.768,-4.624,0,0.0392,0.469,0.106,0.235,108.685,237480.0,5,66.0
0.581,0.432,-7.305,1,0.0262,0.461,0.0972,0.253,140.062,203500.0,4,39.0
0.274,0.719,-6.072,1,0.053,0.121,0.116,0.494,153.714,347973.0,4,39.0
0.916,0.501,-5.023,1,0.0494,0.315,0.0873,0.89,103.049,2.887783333,4,37.0
0.592,0.877,-4.05,0,0.0502,0.0095,0.131,0.712,117.106,241849.0,4,64.0
0.282,0.656,-6.557,1,0.0302,0.0105,0.0892,0.242,139.352,251867.0,4,69.0
0.629,0.893,-7.577,0,0.0653,0.000344,0.0531,0.788,94.968,107604.0,4,29.0
0.758,0.631,-6.645,0,0.43,0.13,0.164,0.25,139.925,164752.0,4,52.0
0.499,0.544,-12.079,1,0.0383,0.76,0.103,0.182,120.019,5.033333333,4,24.0
0.729,0.512,-13.078,1,0.0284,0.00208,0.242,0.933,124.959,219000.0,4,33.0
0.558,0.896,-3.687,1,0.0545,0.0316,0.528,0.63,90.064,3.560883333,4,62.0
0.42,0.721,-6.08,1,0.0313,0.000449,0.112,0.367,85.471,202900.0,4,28.0
0.653,0.0442,-12.269,0,0.0371,0.993,0.131,0.346,71.434,190027.0,5,36.0
0.39,0.899,-3.57,1,0.0469,0.000267,0.0472,0.244,132.421,302417.0,1,38.0
0.444,0.845,-4.586,1,0.0424,0.000731,0.364,0.636,87.963,189001.0,4,28.0
0.459,0.708,-3.887,0,0.0412,0.0541,0.109,0.449,99.833,253227.0,3,30.0
0.395,0.962,-4.568,0,0.0783,1.36e-05,0.176,0.0681,136.839,321787.0,4,48.0
0.567,0.0839,-21.322,0,0.0368,0.966,0.144,0.0777,118.54,4.731516667,4,56.0
0.6,0.489,-6.775,1,0.0307,0.13,0.119,0.365,121.961,232347.0,3,39.0
0.641,0.324,-5.851,1,0.0299,0.698,0.328,0.273,110.184,3.09145,4,81.0
0.393,0.558,-9.429,1,0.0475,0.603,0.108,0.336,112.64,178053.0,4,58.0
0.479,0.651,-5.609,0,0.0384,0.0786,0.332,0.426,124.943,141196.0,4,28.0
0.173,0.872,-10.796,0,0.0363,0.000602,0.212,0.492,164.09,177027.0,4,33.0
0.396,0.702,-7.521,1,0.0411,0.000577,0.26,0.649,147.951,274065.0,4,18.0
0.171,0.713,-9.328,1,0.0613,2.51e-06,0.0471,0.234,116.29,313000.0,4,23.0
0.522,0.747,-9.554,1,0.033,2.21e-05,0.139,0.313,124.995,257088.0,4,26.0
0.636,0.355,-7.047,1,0.0665,0.794,0.374,0.738,99.295,3.85971667,4,54.0
0.515,0.491,-11.1,0,0.0274,0.869,0.0977,0.223,146.908,254113.0,4,44.0
0.26,0.998,-2.844,1,0.16,0.000728,0.141,0.447,194.788,129387.0,4,50.0
0.373,0.644,-6.032,1,0.0277,0.346,0.387,0.436,172.045,232326.0,4,56.0
0.673,0.716,-4.982,0,0.0291,0.088,0.209,0.727,97.925,183525.0,4,59.0
0.534,0.849,-3.931,1,0.0638,0.00208,0.137,0.575,114.896,243017.0,4,35.0
0.668,0.798,-5.701,1,0.0334,0.00305,0.277,0.575,133.928,215280.0,4,75.0
0.554,0.122,-12.692,1,0.0614,0.883,0.107,0.381,166.355,2.89045,4,40.0
0.607,0.649,-8.463,1,0.0323,0.0432,0.117,0.693,150.009,209630.0,4,24.0
0.238,0.225,-12.986,1,0.0322,0.807,0.122,0.0366,63.633,322840.0,4,40.0
0.777,0.465,-10.55,0,0.0501,0.621,0.0932,0.757,113.003,179363.0,4,58.0
0.553,0.595,-6.834,1,0.0549,0.0126,0.112,0.619,160.019,189427.0,4,50.0
0.725,0.436,-9.649,0,0.026,0.506,0.077,0.676,100.12,244907.0,4,26.0
0.607,0.142,-23.455,1,0.0382,0.843,0.121,0.305,118.867,3.67333333,4,65.0
0.789,0.536,-6.862,1,0.242,0.41,0.129,0.437,81.039,165926.0,4,96.0
0.719,0.906,-5.56,0,0.0797,0.0587,0.291,0.55,108.998,211178.0,4,24.0
0.603,0.724,-6.843,1,0.0265,0.00135,0.184,0.387,129.984,243868.0,4,36.0
0.717,0.292,-11.542,0,0.0733,0.796,0.126,0.502,140.157,236953.0,4,56.0
0.429,0.991,-4.824,1,0.0874,6.29e-06,0.0389,0.607,137.928,164093.0,4,55.0
0.779,0.155,-21.57,1,0.112,0.856,0.0974,0.696,103.251,192707.0,4,50.0
0.448,0.748,-8.301,0,0.213,0.0356,0.127,0.599,99.804,187800.0,4,34.0
0.304,0.583,-5.313,1,0.061,0.052,0.179,0.0764,105.929,382167.0,4,43.0
0.473,0.985,-3.312,1,0.132,8.91e-05,0.13,0.082,125.003,264940.0,4,39.0
0.598,0.444,-8.683,0,0.0327,0.68,0.142,0.286,113.919,183090.0,4,70.0
0.517,0.753,-5.242,1,0.036,0.0204,0.0575,0.121,117.044,259798.0,4,46.0
0.133,0.257,-13.545,1,0.0317,0.12,0.1,0.0501,82.163,409320.0,5,39.0
0.549,0.711,-5.025,1,0.187,0.0563,0.0607,0.32,187.932,3.298216667,4,41.0
0.44,0.922,-5.381,1,0.0596,6.23e-05,0.229,0.694,173.016,168756.0,4,35.0
0.713,0.704,-8.54,0,0.0515,0.202,0.279,0.771,122.007,265693.0,4,28.0
0.934,0.65,-6.065,0,0.0698,0.13,0.0902,0.649,135.869,190378.0,4,55.0
0.382,0.996,-4.119,1,0.104,0.00208,0.417,0.327,93.345,147840.0,4,70.0
0.357,0.412,-12.903,0,0.0451,0.808,0.105,0.206,178.23,331533.0,4,23.0
0.317,0.99,-6.162,1,0.154,0.0272,0.224,0.0336,137.196,273763.0,4,41.0
0.636,0.848,-6.854,1,0.0362,0.000339,0.141,0.934,104.073,209813.0,4,63.0
0.304,0.994,-1.446,1,0.246,1.46e-05,0.12,0.147,89.879,225250.0,4,41.0
0.457,0.869,-6.663,1,0.0401,0.000496,0.399,0.181,146.024,355640.0,4,33.0
0.709,0.729,-6.452,0,0.0321,0.0135,0.0532,0.719,122.991,184687.0,4,44.0
0.41,0.803,-5.363,1,0.0623,0.239,0.103,0.814,153.315,169307.0,4,71.0
0.658,0.569,-5.574,1,0.0302,0.195,0.281,0.454,119.949,273347.0,3,39.0
0.393,0.878,-2.553,1,0.0908,0.00316,0.298,0.4,142.997,188880.0,4,36.0
0.674,0.736,-7.476,0,0.0295,0.589,0.125,0.533,110.025,206045.0,4,18.0
0.305,0.044,-16.577,0,0.0367,0.932,0.151,0.219,92.074,1.796,5,16.0
0.421,0.192,-11.996,0,0.0315,0.973,0.0948,0.256,140.963,4.602,4,51.0
0.575,0.318,-16.729,1,0.109,0.683,0.0934,0.385,104.522,4.23621667,4,74.0
0.258,0.741,-6.256,0,0.0361,0.0546,0.0667,0.283,162.026,577980.0,3,24.0
0.606,0.704,-4.615,1,0.0519,0.0292,0.105,0.686,106.96,195722.0,4,45.0
0.25,0.946,-3.712,0,0.136,0.00963,0.289,0.349,160.878,349736.0,4,33.0
0.658,0.582,-9.613,1,0.0879,0.879,0.0997,0.884,117.968,4.289783333,3,41.0
0.253,0.951,-6.251,1,0.0968,0.000862,0.282,0.183,114.999,393829.0,4,33.0
0.331,0.917,-5.0,1,0.105,8.13e-05,0.191,0.347,147.873,226652.0,4,54.0
0.568,0.94,-5.401,1,0.0411,0.000431,0.0779,0.738,97.096,231400.0,4,64.0
0.324,0.977,-4.963,0,0.0913,3.24e-05,0.0888,0.438,198.97,449787.0,4,47.0
0.391,0.791,-5.964,0,0.0552,0.0232,0.124,0.582,131.09,233597.0,4,50.0
0.495,0.498,-7.023,0,0.0337,0.701,0.0706,0.32,133.992,4.121433333,4,61.0
0.749,0.463,-10.398,0,0.0545,0.21,0.142,0.662,125.023,232928.0,4,41.0
0.236,0.823,-7.165,1,0.0863,0.699,0.364,0.259,175.38,244813.0,4,43.0
0.385,0.972,-3.816,0,0.0648,0.000193,0.302,0.398,141.041,186635.0,4,36.0
0.694,0.636,-5.829,0,0.0354,0.17,0.0975,0.931,142.984,237601.0,4,47.0
0.373,0.681,-9.055,1,0.0296,0.0116,0.0905,0.34,98.7,368440.0,4,56.0
0.332,0.988,-4.111,1,0.146,7.65e-05,0.055,0.097,98.878,291733.0,4,51.0
0.677,0.57,-8.179,1,0.0485,0.835,0.105,0.61,77.008,189333.0,4,21.0
0.331,0.808,-9.89,1,0.0686,0.115,0.876,0.641,117.038,414240.0,3,27.0
0.55,0.874,-4.046,1,0.0321,0.000436,0.206,0.318,121.61,240213.0,4,73.0
0.266,0.66,-10.854,1,0.135,0.0629,0.437,0.358,83.02,241184.0,4,47.0
0.426,0.95,-7.524,1,0.1,1.34e-05,0.78,0.261,93.997,290600.0,4,25.0
0.831,0.276,-12.188,1,0.0721,0.324,0.112,0.0686,119.991,191964.0,4,29.0
0.675,0.795,-6.441,0,0.0323,0.0647,0.154,0.905,117.959,158840.0,4,48.0
0.592,0.994,-3.62,1,0.0807,4.57e-05,0.215,0.153,110.009,192753.0,4,44.0
0.54,0.584,-9.579,1,0.0254,0.0108,0.253,0.244,139.261,386493.0,4,73.0
0.356,0.872,-7.837,1,0.068,0.00417,0.0997,0.607,166.3,193653.0,4,74.0
0.639,0.639,-7.976,0,0.0445,0.343,0.95,0.545,104.899,4.647333333,4,38.0
0.341,0.552,-10.503,1,0.0423,8.02e-05,0.0591,0.486,121.361,182493.0,4,64.0
0.725,0.659,-5.45,1,0.146,0.0908,0.124,0.637,74.95,120754.0,4,63.0
0.292,0.971,-3.084,0,0.104,0.000298,0.348,0.411,99.65,230765.0,4,46.0
0.835,0.676,-5.453,1,0.138,0.0948,0.0586,0.566,141.994,179150.0,4,55.0
0.567,0.539,-8.745,1,0.0333,0.00458,0.109,0.372,81.989,297501.0,4,48.0
0.35,0.846,-8.265,0,0.0657,1.57e-05,0.333,0.737,178.031,182758.0,4,44.0
0.913,0.573,-9.05,1,0.379,0.0202,0.236,0.626,145.011,162802.0,4,73.0
0.599,0.701,-5.718,0,0.568,0.315,0.102,0.669,133.046,284600.0,4,56.0
0.877,0.489,-15.244,1,0.0385,0.493,0.0611,0.929,103.886,3.213333333,4,46.0
0.364,0.497,-12.402,0,0.0426,0.0124,0.0741,0.37,136.595,321160.0,4,29.0
0.425,0.386,-9.741,1,0.0357,0.693,0.108,0.137,138.82,217554.0,4,14.0
0.581,0.752,-9.183,1,0.065,0.081,0.93,0.627,111.91,410520.0,4,30.0
0.271,0.481,-9.979,0,0.037,0.106,0.153,0.121,117.925,744569.0,4,48.0
0.53,0.113,-19.022,1,0.0647,0.994,0.108,0.188,84.797,3.6384,4,45.0
0.599,0.721,-7.565,1,0.0421,0.283,0.118,0.78,131.103,189520.0,4,22.0
0.533,0.876,-5.452,1,0.0311,0.000754,0.0823,0.606,101.011,177326.0,4,43.0
0.395,0.0163,-20.892,1,0.0608,0.984,0.111,0.193,72.217,117500.0,3,29.0
0.743,0.49,-10.845,1,0.0377,0.307,0.108,0.394,120.028,194133.0,4,70.0
0.795,0.496,-5.883,1,0.0722,0.108,0.0645,0.874,94.01,183000.0,4,75.0
0.785,0.343,-10.923,0,0.0862,0.593,0.103,0.468,118.065,121949.0,4,79.0
0.48,0.867,-6.24,0,0.12,0.0231,0.555,0.593,151.074,152378.0,4,49.0
0.413,0.862,-4.118,1,0.0362,7.5e-06,0.0932,0.547,91.017,187827.0,4,32.0
0.673,0.739,-7.529,1,0.0266,0.0115,0.371,0.961,111.968,195045.0,4,53.0
0.581,0.996,-4.175,0,0.0534,0.356,0.411,0.419,153.145,183533.0,4,24.0
0.468,0.779,-6.625,0,0.382,0.085,0.553,0.735,84.458,248107.0,5,53.0
0.794,0.695,-5.998,0,0.0451,0.185,0.0796,0.695,123.018,144790.0,4,49.0
0.786,0.474,-7.051,0,0.0341,0.479,0.14,0.607,98.506,429067.0,3,34.0
0.674,0.789,-6.903,1,0.0676,0.00178,0.0754,0.918,129.804,121160.0,4,76.0
0.465,0.979,-7.443,1,0.0575,1.08e-05,0.0917,0.433,137.029,274547.0,4,34.0
0.594,0.681,-8.67,0,0.038,0.0548,0.0786,0.65,76.972,199173.0,4,53.0
0.324,0.938,-7.332,0,0.102,0.032,0.0961,0.543,168.131,178440.0,4,73.0
0.692,0.488,-7.007,1,0.0341,0.00516,0.113,0.291,144.06,222500.0,4,42.0
0.519,0.386,-8.065,1,0.0431,0.786,0.0757,0.292,155.328,297453.0,4,43.0
0.631,0.774,-6.845,0,0.0262,0.126,0.179,0.517,119.989,198949.0,4,21.0
0.84,0.405,-11.714,0,0.16,0.336,0.111,0.814,90.036,170040.0,4,40.0
0.415,0.941,-4.3,1,0.0524,0.00181,0.337,0.572,167.978,176529.0,4,22.0
0.702,0.825,-3.787,0,0.0601,0.00883,0.0674,0.915,102.977,3.3844,4,90.0
0.413,0.148,-16.149,0,0.0412,0.974,0.0952,0.459,59.584,115453.0,4,42.0
0.429,0.971,-4.954,1,0.0854,0.00135,0.108,0.261,186.02,358133.0,3,44.0
0.605,0.53,-6.346,1,0.0246,0.821,0.131,0.397,93.95,3.940616667,4,64.0
0.574,0.478,-9.842,1,0.031,0.211,0.243,0.211,80.8,193147.0,4,44.0
0.852,0.273,-12.233,0,0.0356,0.302,0.088,0.896,119.855,260582.0,5,24.0
0.787,0.132,-16.174,1,0.0343,0.363,0.223,0.0933,104.928,418160.0,4,47.0
0.885,0.592,-6.06,0,0.303,0.00094,0.081,0.672,159.996,121386.0,4,62.0
0.462,0.9,-7.393,1,0.051,0.00158,0.376,0.609,155.033,98758.0,4,30.0
0.392,0.669,-5.445,1,0.031,0.019,0.0534,0.512,160.014,259030.0,3,34.0
0.652,0.373,-13.994,1,0.0272,0.569,0.312,0.457,92.234,233507.0,4,36.0
0.604,0.354,-14.07,1,0.0313,0.836,0.103,0.635,137.349,3.016,4,58.0
0.675,0.925,-4.631,0,0.0308,0.335,0.226,0.865,106.013,234333.0,4,29.0
0.516,0.834,-5.704,0,0.0372,3.04e-05,0.152,0.564,117.65,241800.0,4,22.0
0.293,0.581,-13.786,1,0.0461,0.0199,0.266,0.217,159.952,248671.0,4,18.0
0.913,0.596,-12.477,0,0.0707,0.00658,0.078,0.973,127.215,272133.0,4,68.0
0.444,0.971,-2.238,0,0.146,0.000322,0.0533,0.542,89.706,171267.0,4,46.0
0.599,0.901,-4.842,0,0.071,0.000766,0.0597,0.536,100.995,229640.0,4,62.0
0.282,0.813,-3.261,0,0.0503,5.31e-06,0.499,0.387,70.994,197563.0,3,31.0
0.409,0.825,-9.606,1,0.0743,0.882,0.207,0.576,137.967,4.441116667,4,28.0
0.463,0.0717,-21.259,1,0.0572,0.924,0.0758,0.379,130.72,6.843116667,3,31.0
0.503,0.431,-8.171,1,0.0366,0.275,0.108,0.176,163.728,184760.0,3,43.0
0.468,0.839,-7.39,1,0.0365,0.459,0.151,0.935,151.842,242027.0,4,57.0
0.392,0.443,-14.144,1,0.111,0.224,0.144,0.355,81.338,6.874883333,4,36.0
0.874,0.498,-9.108,1,0.233,0.00791,0.102,0.599,81.997,257467.0,4,53.0
0.669,0.617,-8.72,1,0.057,0.401,0.119,0.621,147.992,3.70955,4,69.0
0.455,0.717,-6.236,0,0.0292,0.142,0.178,0.293,149.942,267757.0,4,20.0
0.844,0.522,-13.277,1,0.0874,0.0846,0.0729,0.771,115.267,269667.0,4,51.0
0.556,0.655,-5.909,1,0.031,0.46,0.12,0.334,183.981,3.730666667,4,45.0
0.548,0.41,-9.006,0,0.0264,0.813,0.103,0.144,97.273,269307.0,4,38.0
0.402,0.829,-5.882,0,0.0844,0.823,0.0747,0.817,153.375,8.9,4,28.0
0.84,0.412,-14.23,1,0.056,0.0217,0.041,0.963,122.807,156398.0,4,50.0
0.46,0.653,-10.412,1,0.072,0.305,0.0905,0.408,168.138,192857.0,4,33.0
0.431,0.887,-3.285,0,0.0764,0.0929,0.113,0.251,145.098,197586.0,4,33.0
0.454,0.778,-4.225,1,0.0449,0.00998,0.0427,0.704,127.158,177947.0,4,63.0
0.7,0.373,-10.277,1,0.03,0.174,0.179,0.329,107.082,179439.0,4,45.0
0.633,0.534,-8.605,1,0.229,0.0524,0.189,0.29,155.111,123871.0,4,69.0
0.571,0.818,-8.277,1,0.0337,0.00706,0.0877,0.773,141.463,239213.0,4,64.0
0.46,0.727,-8.336,1,0.0299,8.29e-05,0.121,0.807,145.015,167045.0,4,27.0
0.691,0.854,-4.542,0,0.068,0.00181,0.333,0.833,124.005,212825.0,4,61.0
0.907,0.393,-7.636,0,0.0539,0.451,0.135,0.202,104.949,205458.0,4,89.0
0.692,0.779,-6.87,0,0.0455,0.0883,0.091,0.654,108.996,200473.0,4,21.0
0.495,0.856,-5.123,0,0.0311,0.000219,0.103,0.609,158.024,154667.0,4,82.0
0.537,0.968,-3.957,1,0.0705,0.000668,0.231,0.348,110.966,289920.0,4,70.0
0.479,0.761,-7.94,0,0.0501,0.0986,0.133,0.443,111.7,193213.0,4,32.0
0.616,0.728,-6.623,1,0.165,0.2,0.0731,0.773,171.982,275347.0,4,41.0
0.575,0.309,-12.976,1,0.0413,0.854,0.0882,0.153,118.855,323907.0,4,52.0
0.846,0.795,-9.984,1,0.28,0.0572,0.307,0.874,107.319,238693.0,4,42.0
0.433,0.688,-7.378,0,0.0376,0.00302,0.153,0.232,105.018,282027.0,4,52.0
0.622,0.509,-8.489,0,0.0983,0.382,0.122,0.0788,91.9,211738.0,4,49.0
0.319,0.771,-5.824,1,0.0456,0.000142,0.0996,0.187,97.959,259218.0,4,45.0
0.829,0.408,-16.117,0,0.125,0.811,0.107,0.406,132.976,288331.0,4,38.0
0.587,0.923,-4.205,1,0.189,0.00074,0.447,0.571,134.051,272239.0,4,42.0
0.615,0.563,-7.585,1,0.0254,0.283,0.117,0.547,105.772,295053.0,4,56.0
0.532,0.839,-6.563,1,0.0351,6.86e-05,0.0661,0.641,133.997,204440.0,4,32.0
0.614,0.39,-11.028,0,0.0371,0.797,0.106,0.237,125.04,205968.0,4,39.0
0.194,0.061,-25.181,0,0.0519,0.991,0.0799,0.044,88.571,3.229333333,1,34.0
0.715,0.616,-10.124,0,0.111,0.504,0.611,0.901,93.421,272427.0,4,41.0
0.474,0.977,-8.651,0,0.15,0.024,0.0931,0.0449,100.557,308827.0,4,58.0
0.638,0.699,-6.736,1,0.0304,0.0214,0.0739,0.959,149.992,196600.0,4,65.0
0.721,0.702,-7.848,0,0.149,0.00861,0.248,0.611,140.079,236670.0,4,34.0
0.569,0.913,-3.237,1,0.0335,0.000905,0.123,0.713,144.017,196513.0,4,33.0
0.71,0.486,-11.482,1,0.266,0.282,0.15,0.422,124.009,600250.0,4,49.0
0.34,0.533,-12.554,0,0.034,0.939,0.156,0.121,128.918,258546.0,4,40.0
0.3,0.194,-19.867,1,0.038,0.949,0.139,0.0887,172.835,392792.0,4,42.0
0.45,0.992,-6.055,0,0.116,0.000253,0.475,0.848,147.941,294163.0,4,19.0
0.678,0.612,-9.764,1,0.0339,0.101,0.164,0.857,118.381,216627.0,4,52.0
0.639,0.71,-7.445,1,0.0275,0.0133,0.118,0.378,119.989,233173.0,4,71.0
0.671,0.782,-4.593,1,0.0341,0.0142,0.333,0.618,123.989,178088.0,4,89.0
0.267,0.936,-6.517,1,0.134,0.00681,0.721,0.113,133.286,756547.0,4,38.0
0.589,0.501,-11.665,1,0.031,0.168,0.0741,0.969,131.064,2.931116667,4,60.0
0.539,0.665,-6.709,1,0.0256,0.0973,0.0955,0.377,127.968,335387.0,4,26.0
0.653,0.668,-10.294,0,0.0388,0.106,0.149,0.958,126.03,172791.0,4,44.0
0.185,0.75,-7.022,0,0.0354,0.0542,0.156,0.196,92.839,318560.0,4,27.0
0.388,0.41,-13.285,1,0.0565,0.229,0.221,0.223,154.24,191493.0,5,48.0
0.28,0.921,-2.581,1,0.067,8e-05,0.312,0.223,140.031,226089.0,3,39.0
0.353,0.808,-4.849,1,0.0358,0.0175,0.0991,0.426,96.142,265493.0,4,48.0
0.475,0.197,-14.956,1,0.0643,0.985,0.111,0.274,78.128,3.183333333,4,47.0
0.446,0.889,-5.464,0,0.136,0.273,0.411,0.767,91.983,343693.0,4,21.0
0.531,0.831,-6.179,1,0.0412,0.0886,0.106,0.667,157.266,216960.0,4,46.0
0.481,0.849,-5.131,1,0.0385,0.00167,0.121,0.723,205.57,3.512,4,64.0
0.709,0.455,-11.117,1,0.0285,0.0834,0.0944,0.731,90.002,203646.0,4,22.0
0.435,0.987,-4.667,0,0.16,0.000195,0.268,0.101,103.16,365827.0,4,66.0
0.642,0.4,-10.529,0,0.407,0.792,0.381,0.357,54.718,161067.0,4,56.0
0.225,0.865,-6.572,1,0.0919,4.91e-06,0.579,0.197,99.368,223013.0,4,16.0
0.537,0.27,-7.003,1,0.0375,0.941,0.0892,0.363,122.655,3.78261667,4,45.0
0.557,0.762,-7.487,1,0.0323,0.000751,0.43,0.514,113.888,218135.0,4,54.0
0.372,0.599,-5.015,1,0.0336,0.126,0.123,0.16,67.356,311653.0,4,36.0
0.823,0.742,-5.582,0,0.0424,0.135,0.122,0.689,125.962,196190.0,4,34.0
0.641,0.677,-9.002,0,0.0462,0.0813,0.111,0.0708,122.992,347413.0,4,40.0
0.698,0.46,-8.697,0,0.0822,0.741,0.135,0.383,102.041,196869.0,4,39.0
0.55,0.645,-8.683,0,0.0484,0.734,0.166,0.262,79.013,222798.0,4,30.0
0.511,0.455,-7.71,0,0.0284,0.54,0.0957,0.857,171.125,182544.0,4,36.0
0.358,0.448,-17.377,1,0.0504,0.991,0.293,0.636,68.718,2.834,4,12.0
0.268,0.692,-9.793,1,0.106,0.000381,0.172,0.359,85.836,224907.0,4,21.0
0.491,0.961,-5.361,1,0.259,9.58e-05,0.335,0.5,102.022,209937.0,4,40.0
0.641,0.72,-8.565,1,0.0418,0.435,0.0893,0.827,92.422,358027.0,4,24.0
0.378,0.533,-8.843,1,0.0279,0.479,0.131,0.285,75.927,290630.0,4,60.0
0.527,0.896,-4.552,1,0.0346,0.00772,0.587,0.547,88.064,153760.0,4,39.0
0.636,0.495,-9.428,1,0.0395,0.0456,0.106,0.536,108.23,333989.0,3,41.0
0.33,0.922,-6.189,1,0.0609,0.0156,0.839,0.64,112.907,268080.0,4,38.0
0.164,0.594,-11.36,1,0.0352,0.00228,0.136,0.198,82.122,701960.0,4,40.0
0.573,0.642,-7.239,1,0.0279,0.0734,0.105,0.49,120.753,301400.0,4,48.0
0.246,0.0833,-25.533,0,0.0488,0.992,0.0883,0.161,92.413,2.64245,3,39.0
0.342,0.213,-17.861,0,0.0355,0.935,0.103,0.365,139.797,6.215116667,4,27.0
0.671,0.876,-6.991,1,0.0277,2.5e-05,0.0857,0.504,127.0,243160.0,4,52.0
0.566,0.424,-8.689,0,0.0392,0.669,0.175,0.431,105.768,163440.0,1,50.0
0.289,0.899,-4.907,1,0.104,1.21e-05,0.746,0.0642,120.032,324000.0,4,35.0
0.611,0.8,-5.61,1,0.0377,0.257,0.194,0.527,89.974,3.488,4,65.0
0.384,0.513,-8.664,0,0.0567,0.725,0.131,0.265,104.878,201747.0,4,58.0
0.74,0.491,-8.905,0,0.0458,0.12,0.148,0.221,120.019,167280.0,4,10.0
0.626,0.688,-11.12,1,0.0496,0.0983,0.0326,0.925,88.034,4.754883333,4,14.0
0.669,0.656,-10.549,1,0.0413,0.00113,0.0989,0.464,108.098,259866.0,4,59.0
0.733,0.726,-9.894,0,0.0366,0.278,0.173,0.0823,117.991,249080.0,4,39.0
0.525,0.976,-2.023,1,0.0479,0.0662,0.0804,0.855,138.984,192695.0,4,51.0
0.504,0.323,-12.442,0,0.0481,0.382,0.373,0.453,79.654,201917.0,4,59.0
0.51,0.833,-5.528,1,0.0449,0.000966,0.127,0.44,152.952,200506.0,4,34.0
0.512,0.883,-8.808,1,0.0323,0.0133,0.106,0.452,135.957,317464.0,4,41.0
0.484,0.987,-4.621,1,0.182,0.000212,0.338,0.195,125.032,235267.0,4,44.0
0.537,0.132,-18.58,1,0.0363,0.96,0.144,0.119,119.394,3.38915,3,54.0
0.426,0.954,-6.121,1,0.0474,0.00144,0.149,0.721,135.302,218666.0,4,54.0
0.282,0.932,-4.701,1,0.0387,0.12,0.0692,0.536,190.08,255893.0,4,58.0
0.368,0.905,-6.346,1,0.0577,0.000105,0.144,0.49,157.976,266867.0,4,51.0
0.54,0.912,-4.662,1,0.0855,0.00315,0.124,0.828,96.958,159573.0,4,45.0
0.718,0.907,-5.154,0,0.0501,0.167,0.245,0.975,127.151,4.537116667,4,60.0
0.581,0.833,-7.904,0,0.0577,0.00757,0.367,0.154,119.949,216853.0,4,34.0
0.24,0.956,-3.335,1,0.07,3.39e-05,0.0579,0.205,93.486,187451.0,4,50.0
0.576,0.974,-4.244,0,0.12,0.00127,0.116,0.343,106.472,151935.0,4,23.0
0.392,0.668,-6.92,1,0.0314,0.0214,0.102,0.253,102.004,305940.0,4,28.0
0.688,0.435,-11.359,1,0.0323,0.449,0.113,0.435,103.239,146333.0,4,73.0
0.694,0.897,-4.046,1,0.0591,0.0145,0.256,0.929,152.075,240693.0,4,38.0
0.412,0.88,-9.001,1,0.045,0.00252,0.09,0.234,105.241,197000.0,4,55.0
0.433,0.713,-8.288,1,0.0345,0.0157,0.137,0.447,82.47,179476.0,4,52.0
0.696,0.188,-14.328,1,0.0324,0.793,0.0986,0.713,106.433,184900.0,4,56.0
0.764,0.32,-7.209,1,0.0546,0.837,0.0822,0.575,91.019,189486.0,4,87.0
0.595,0.389,-9.245,1,0.0349,0.418,0.116,0.4,166.052,3.79045,4,74.0
0.234,0.0129,-29.399,0,0.029,0.985,0.105,0.152,68.011,226669.0,4,46.0
0.596,0.7,-9.06,1,0.0357,0.0974,0.211,0.313,99.973,196103.0,4,28.0
0.512,0.859,-5.349,0,0.0644,0.0308,0.77,0.661,118.02,341840.0,4,39.0
0.5,0.941,-4.186,0,0.0581,0.00574,0.286,0.484,160.113,204494.0,4,40.0
0.862,0.642,-13.652,0,0.101,0.102,0.272,0.765,99.201,267267.0,4,66.0
0.535,0.904,-6.041,1,0.109,0.00227,0.0301,0.274,140.002,204537.0,4,53.0
0.874,0.591,-5.12,0,0.126,0.138,0.166,0.736,138.018,141512.0,4,54.0
0.477,0.585,-8.717,1,0.0394,0.411,0.12,0.0337,170.022,191993.0,4,24.0
0.865,0.752,-6.493,1,0.0941,0.0892,0.0401,0.966,118.649,343427.0,4,51.0
0.37,0.823,-4.295,0,0.0481,0.000721,0.384,0.495,83.475,219821.0,4,35.0
0.572,0.699,-6.008,1,0.0389,0.00166,0.149,0.459,126.061,234320.0,4,20.0
0.282,0.237,-17.871,1,0.0547,0.759,0.13,0.416,82.559,275496.0,4,25.0
0.602,0.668,-8.023,1,0.0308,0.0929,0.0708,0.753,120.229,248147.0,4,47.0
0.292,0.971,-3.084,0,0.104,0.000298,0.348,0.411,99.65,230765.0,4,46.0
0.379,0.996,-3.023,0,0.285,0.00457,0.0981,0.0386,128.049,384813.0,4,47.0
0.648,0.564,-3.972,1,0.0322,0.216,0.0854,0.357,132.932,139729.0,4,56.0
0.535,0.731,-3.458,1,0.0343,0.024,0.0665,0.417,153.971,218782.0,4,43.0
0.68,0.878,-3.923,0,0.0554,0.0744,0.137,0.769,169.987,225395.0,4,60.0
0.516,0.243,-11.832,1,0.0319,0.872,0.0999,0.204,97.526,235773.0,4,57.0
0.342,0.0213,-22.668,0,0.038,0.976,0.139,0.04,82.917,280962.0,3,35.0
0.518,0.937,-2.857,1,0.102,0.044,0.159,0.584,138.983,288093.0,4,48.0
0.416,0.954,-4.846,1,0.121,4.79e-05,0.0696,0.145,129.292,180837.0,4,30.0
0.519,0.441,-14.178,1,0.0353,0.0204,0.076,0.25,81.334,234973.0,4,77.0
0.366,0.609,-10.279,0,0.12,0.1,0.0928,0.315,172.937,324011.0,4,26.0
0.617,0.451,-9.323,1,0.0584,0.627,0.267,0.487,127.923,159375.0,4,77.0
0.424,0.948,-7.232,1,0.0803,0.0818,0.0273,0.318,124.292,287773.0,4,44.0
0.604,0.497,-6.933,1,0.0267,0.748,0.358,0.549,95.007,4.946,4,36.0
0.545,0.317,-12.755,1,0.0298,0.816,0.128,0.187,90.051,202667.0,4,33.0
0.499,0.491,-7.326,0,0.0292,0.0311,0.134,0.431,80.062,214072.0,4,37.0
0.555,0.243,-18.21,0,0.0484,0.131,0.0918,0.338,137.928,259493.0,4,44.0
0.385,0.919,-4.154,0,0.0642,0.00019,0.358,0.469,153.02,235840.0,4,3.0
0.65,0.665,-11.259,1,0.0372,0.0526,0.13,0.593,115.51,254267.0,4,54.0
0.573,0.939,-6.441,1,0.0808,0.493,0.0994,0.963,137.382,134253.0,4,72.0
0.522,0.9,-2.631,0,0.0719,6.98e-05,0.3,0.579,160.01,191067.0,4,71.0
0.691,0.222,-8.387,1,0.033,0.805,0.0767,0.535,79.735,181488.0,4,39.0
0.908,0.417,-8.244,0,0.255,0.0452,0.0895,0.81,104.504,279754.0,4,55.0
0.457,0.909,-9.451,1,0.0317,0.0016,0.135,0.755,115.998,156667.0,4,66.0
0.704,0.214,-17.339,1,0.0617,0.787,0.0923,0.664,77.52,5.522216667,4,39.0
0.775,0.81,-4.89,1,0.0744,0.499,0.0773,0.322,99.978,201093.0,4,28.0
0.789,0.743,-6.113,0,0.0861,0.0234,0.489,0.629,109.987,175205.0,4,44.0
0.556,0.847,-6.361,0,0.0939,0.0503,0.326,0.663,139.942,207305.0,4,11.0
0.454,0.772,-7.181,1,0.342,0.319,0.361,0.64,172.31,205640.0,4,55.0
0.743,0.836,-6.465,1,0.116,0.0804,0.384,0.82,113.375,3.14978333,4,79.0
0.448,0.246,-13.153,1,0.0312,0.905,0.108,0.0906,120.696,331853.0,4,35.0
0.609,0.786,-6.777,0,0.264,0.462,0.109,0.544,92.795,192568.0,4,34.0
0.401,0.0133,-31.385,0,0.0447,0.996,0.0921,0.066,102.819,2.92155,4,46.0
0.468,0.413,-10.349,1,0.0427,0.662,0.0669,0.403,159.487,3.77746667,4,42.0
0.425,0.48,-9.296,0,0.0362,0.694,0.101,0.187,119.451,2.777433333,4,45.0
0.218,0.179,-24.814,1,0.0397,0.966,0.0858,0.0383,163.743,339444.0,4,53.0
0.542,0.91,-8.924,1,0.0873,0.00228,0.0686,0.775,101.774,173320.0,4,69.0
0.157,0.11,-18.521,1,0.0361,0.92,0.0832,0.089,61.424,989947.0,4,29.0
0.479,0.747,-6.227,0,0.0692,0.56,0.422,0.502,79.323,7.577783333,4,41.0
0.782,0.494,-1.458,1,0.0339,0.454,0.134,0.401,65.832,127273.0,4,63.0
0.759,0.617,-8.984,0,0.0781,0.0386,0.103,0.507,106.639,166853.0,4,30.0
0.73,0.868,-7.325,1,0.0288,0.0632,0.318,0.923,148.217,5.84,4,67.0
0.673,0.763,-9.027,0,0.08,0.00667,0.159,0.261,147.078,230427.0,4,44.0
0.742,0.775,-4.581,0,0.105,0.347,0.345,0.679,89.899,243973.0,4,12.0
0.582,0.436,-4.077,1,0.0259,0.735,0.19,0.378,96.039,3.30731667,4,53.0
0.4,0.984,-4.771,1,0.0973,8.8e-06,0.118,0.455,148.96,183042.0,4,35.0
0.628,0.877,-4.205,1,0.046,0.0155,0.113,0.721,101.992,3.62346667,4,78.0
0.536,0.218,-14.675,0,0.0989,0.893,0.13,0.152,115.952,2.583333333,3,45.0
0.943,0.537,-6.855,0,0.256,0.342,0.19,0.59,122.008,184918.0,4,64.0
0.431,0.795,-5.0,1,0.0914,0.00437,0.0906,0.678,147.961,158945.0,4,17.0
0.365,0.706,-7.984,1,0.0381,0.021,0.287,0.346,127.937,289240.0,4,48.0
0.556,0.808,-6.965,1,0.0335,0.166,0.164,0.844,115.287,266827.0,4,55.0
0.415,0.79,-7.349,1,0.0515,0.0192,0.132,0.376,123.912,309625.0,4,41.0
0.488,0.408,-8.373,0,0.0432,0.756,0.198,0.445,151.196,383133.0,3,38.0
0.552,0.986,-3.265,0,0.176,0.000112,0.314,0.328,104.032,210288.0,4,35.0
0.756,0.526,-6.695,0,0.03,0.603,0.083,0.523,104.006,240500.0,4,41.0
0.489,0.474,-7.459,0,0.0256,0.649,0.0891,0.201,132.042,352189.0,3,35.0
0.501,0.633,-6.56,1,0.0466,0.00358,0.351,0.463,165.029,135573.0,4,66.0
0.752,0.568,-8.235,0,0.0893,0.14,0.127,0.511,102.09,195294.0,4,34.0
0.788,0.38,-15.179,1,0.0346,0.811,0.102,0.892,138.205,167385.0,4,59.0
0.479,0.967,-2.445,1,0.0431,0.00697,0.217,0.719,134.743,213080.0,4,58.0
0.546,0.867,-4.235,0,0.0354,0.0256,0.221,0.189,127.988,322040.0,4,57.0
0.224,0.635,-8.39,1,0.0357,0.134,0.3,0.203,124.688,226881.0,4,13.0
0.358,0.893,-7.486,0,0.12,0.0222,0.126,0.262,174.238,293653.0,4,69.0
0.657,0.822,-6.071,0,0.0785,0.108,0.34,0.597,82.011,204351.0,4,45.0
0.158,0.893,-6.4,1,0.129,0.00782,0.119,0.607,170.233,220037.0,4,36.0
0.435,0.756,-4.275,0,0.0264,3.24e-05,0.208,0.346,85.524,394120.0,4,42.0
0.115,0.385,-12.351,1,0.0375,0.753,0.339,0.149,71.203,296518.0,3,25.0
0.386,0.94,-5.235,0,0.0871,6.8e-05,0.329,0.378,150.112,188780.0,4,41.0
0.48,0.165,-11.561,1,0.0284,0.851,0.0917,0.168,78.372,121240.0,4,40.0
0.614,0.706,-7.397,0,0.0292,0.0764,0.306,0.867,127.952,2.43245,4,40.0
0.54,0.579,-8.227,1,0.0323,0.0106,0.0695,0.331,85.484,195854.0,4,27.0
0.439,0.882,-9.036,0,0.087,0.541,0.793,0.317,138.551,174160.0,4,46.0
0.544,0.924,-5.077,0,0.0353,0.0251,0.431,0.74,97.987,217578.0,4,45.0
0.638,0.878,-3.639,0,0.0484,0.0151,0.308,0.481,103.948,2.94666667,4,75.0
0.447,0.553,-4.817,1,0.0322,0.212,0.165,0.252,149.877,168118.0,4,76.0
0.727,0.27,-13.179,0,0.0367,0.84,0.0949,0.742,96.04,173613.0,4,36.0
0.419,0.58,-6.566,1,0.0525,0.228,0.277,0.63,202.668,182867.0,3,31.0
0.675,0.592,-6.975,1,0.0626,0.32,0.27,0.741,170.09,217409.0,4,47.0
0.71,0.642,-11.786,0,0.0366,0.103,0.0322,0.772,116.149,242093.0,4,39.0
0.771,0.817,-6.791,1,0.214,0.306,0.155,0.554,123.952,174413.0,4,72.0
0.753,0.403,-10.505,1,0.042,0.67,0.198,0.357,84.989,152475.0,4,30.0
0.779,0.601,-4.748,0,0.341,0.412,0.155,0.793,95.269,226133.0,4,34.0
0.587,0.697,-8.358,0,0.0364,0.0149,0.175,0.658,143.969,257000.0,4,32.0
0.455,0.599,-6.865,1,0.0548,0.942,0.14,0.683,133.581,5.334666667,4,13.0
0.644,0.808,-7.268,1,0.0513,0.0467,0.0652,0.175,174.98,266507.0,4,66.0
0.769,0.675,-13.326,1,0.0724,0.000722,0.0904,0.803,101.884,252240.0,4,63.0
0.522,0.992,-3.234,0,0.114,0.000585,0.665,0.365,124.983,226213.0,4,47.0
0.37,0.67,-11.007,0,0.0445,0.809,0.236,0.802,177.164,5.209333333,3,23.0
0.417,0.817,-7.821,1,0.0445,1.16e-05,0.0918,0.267,137.945,294783.0,4,41.0
0.529,0.767,-5.847,1,0.0407,0.00069,0.37,0.299,87.462,208601.0,4,53.0
0.558,0.921,-4.409,1,0.0639,0.0234,0.154,0.357,93.468,211087.0,4,39.0
0.729,0.113,-18.318,0,0.0666,0.981,0.11,0.173,116.245,2.733083333,4,45.0
0.79,0.61,-6.958,0,0.102,0.0613,0.243,0.62,145.88,200135.0,4,63.0
0.708,0.667,-6.45,1,0.0686,0.118,0.119,0.648,121.993,275227.0,4,21.0
0.526,0.71,-6.555,0,0.0624,0.00136,0.638,0.363,135.063,270904.0,4,36.0
0.844,0.542,-7.451,1,0.341,0.0401,0.103,0.797,144.923,117264.0,4,32.0
0.417,0.179,-16.966,1,0.0287,0.859,0.0922,0.431,85.578,3.107333333,4,46.0
0.602,0.873,-5.683,0,0.0407,0.000361,0.268,0.867,149.957,155200.0,4,23.0
0.562,0.876,-4.448,1,0.0463,0.00147,0.217,0.525,149.971,122999.0,4,59.0
0.433,0.63,-7.607,1,0.0451,0.0101,0.823,0.749,120.51,333493.0,4,43.0
0.533,0.251,-11.283,0,0.0372,0.873,0.134,0.186,77.503,223600.0,4,65.0
0.527,0.896,-4.552,1,0.0346,0.00772,0.587,0.547,88.064,153760.0,4,39.0
0.97,0.241,-19.112,0,0.44,0.0246,0.153,0.614,127.056,156029.0,4,45.0
0.859,0.842,-5.896,1,0.0811,0.00588,0.0728,0.599,127.033,222992.0,4,28.0
0.688,0.523,-10.659,1,0.0401,0.898,0.127,0.864,94.89,200480.0,4,49.0
0.44,0.988,-3.46,0,0.0482,1.52e-05,0.0757,0.664,166.041,220392.0,4,37.0
0.284,0.3,-13.927,1,0.032,0.957,0.151,0.482,88.331,3.262,3,15.0
0.675,0.688,-5.116,1,0.0323,0.00062,0.118,0.318,126.032,240252.0,4,62.0
0.872,0.52,-6.928,1,0.0618,0.715,0.0982,0.736,131.918,182810.0,4,75.0
0.523,0.537,-4.958,1,0.0274,0.0499,0.222,0.167,91.728,162867.0,4,61.0
0.515,0.816,-6.152,1,0.037,0.0471,0.0758,0.753,98.568,185640.0,3,15.0
0.417,0.569,-7.56,1,0.0303,0.000302,0.104,0.0352,140.02,366957.0,4,35.0
0.461,0.624,-6.06,1,0.108,0.847,0.36,0.643,123.546,6.84445,4,22.0
0.251,0.78,-5.217,1,0.0587,8.07e-06,0.106,0.411,85.759,132061.0,4,10.0
0.229,0.158,-20.951,0,0.0408,0.957,0.105,0.193,79.841,261000.0,4,17.0
0.394,0.912,-7.126,0,0.0641,4.44e-05,0.0368,0.334,158.881,233960.0,4,36.0
0.365,0.195,-10.34,1,0.0283,0.906,0.105,0.24,74.721,2.34666667,4,53.0
0.764,0.736,-7.571,1,0.0333,0.251,0.121,0.96,134.336,3.10555,4,48.0
0.516,0.688,-8.719,0,0.286,0.243,0.0662,0.656,138.326,208692.0,5,49.0
0.352,0.988,-2.777,1,0.107,1.19e-06,0.361,0.307,146.011,171493.0,4,41.0
0.711,0.497,-10.128,1,0.0382,0.328,0.341,0.861,140.018,221147.0,4,61.0
0.436,0.277,-18.604,0,0.0306,0.977,0.0647,0.404,142.184,335768.0,4,29.0
0.412,0.657,-11.78,1,0.0887,0.111,0.15,0.742,129.119,337733.0,4,47.0
0.328,0.36,-6.775,1,0.0275,0.623,0.106,0.077,80.044,247907.0,4,32.0
0.512,0.872,-6.956,0,0.0338,0.0415,0.404,0.563,156.487,242965.0,4,23.0
0.425,0.555,-11.806,1,0.0287,0.0262,0.206,0.247,108.991,252500.0,4,24.0
0.47,0.156,-17.036,1,0.0399,0.623,0.104,0.059,118.176,6.582,4,48.0
0.511,0.188,-14.726,1,0.0413,0.959,0.135,0.18,72.236,226133.0,4,24.0
0.331,0.885,-6.606,1,0.0924,0.205,0.123,0.589,175.294,236960.0,4,57.0
0.793,0.519,-11.452,1,0.0432,0.122,0.335,0.307,126.204,398110.0,4,32.0
0.295,0.833,-8.279,0,0.0764,0.014,0.0816,0.625,172.756,343173.0,4,55.0
0.585,0.394,-9.016,0,0.0321,0.676,0.119,0.345,84.018,212963.0,4,58.0
0.702,0.795,-4.764,1,0.0568,0.329,0.0505,0.836,83.961,4.12645,4,66.0
0.444,0.296,-12.873,1,0.0388,0.913,0.0957,0.26,138.516,3.55021667,3,46.0
0.64,0.501,-7.86,1,0.0624,0.15,0.16,0.346,114.031,229882.0,4,67.0
0.583,0.625,-8.011,1,0.277,0.506,0.196,0.516,89.812,266291.0,4,82.0
0.731,0.875,-6.393,1,0.0457,0.000367,0.289,0.164,112.78,594453.0,4,61.0
0.432,0.449,-9.577,0,0.0399,0.0151,0.189,0.474,150.755,428578.0,3,23.0
0.861,0.597,-8.667,1,0.285,0.139,0.084,0.742,104.976,156038.0,4,30.0
0.389,0.745,-6.998,1,0.0384,0.777,0.143,0.271,83.037,214880.0,4,58.0
0.33,0.826,-2.479,0,0.0466,0.0123,0.687,0.456,137.579,200973.0,4,26.0
0.579,0.336,-7.787,1,0.0297,0.801,0.367,0.588,102.504,257987.0,4,20.0
0.724,0.62,-5.576,1,0.101,0.29,0.105,0.478,107.159,188411.0,4,58.0
0.847,0.741,-6.609,1,0.38,0.0861,0.147,0.818,94.232,221656.0,4,48.0
0.747,0.554,-6.154,0,0.289,0.493,0.332,0.585,96.988,164318.0,4,62.0
0.854,0.671,-6.072,0,0.148,0.256,0.103,0.877,142.073,192676.0,4,68.0
0.794,0.811,-8.966,0,0.038,0.0426,0.101,0.862,116.047,248413.0,4,79.0
0.712,0.908,-7.414,1,0.221,0.128,0.383,0.408,98.946,288027.0,4,36.0
0.588,0.788,-3.417,1,0.0746,0.373,0.301,0.782,79.073,224907.0,4,31.0
0.385,0.689,-11.616,0,0.0294,0.262,0.0848,0.777,101.894,218893.0,4,53.0
0.727,0.53,-6.599,0,0.0939,0.459,0.102,0.368,93.986,203085.0,4,46.0
0.608,0.741,-4.622,1,0.0721,0.0599,0.449,0.509,75.03,141867.0,4,60.0
0.667,0.613,-5.353,1,0.0344,0.403,0.115,0.47,91.024,194453.0,4,71.0
0.346,0.944,-9.874,1,0.0485,4.16e-05,0.0546,0.403,179.63,147036.0,4,86.0
0.636,0.726,-8.008,1,0.0412,0.18,0.32,0.563,166.657,384133.0,4,50.0
0.567,0.687,-10.536,1,0.0435,0.29,0.121,0.625,99.93,267480.0,4,56.0
0.899,0.49,-8.563,1,0.51,0.115,0.0954,0.592,141.959,218239.0,4,15.0
0.22,0.884,-7.053,1,0.0814,1.7e-06,0.0768,0.311,83.215,201963.0,4,30.0
0.597,0.511,-9.498,1,0.0382,0.171,0.0909,0.397,155.982,5.665766667,4,15.0
0.597,0.605,-12.013,1,0.0255,0.181,0.118,0.886,97.782,4.68578333,4,17.0
0.508,0.494,-11.111,1,0.0468,0.117,0.113,0.548,103.951,215627.0,4,30.0
0.568,0.0764,-22.455,1,0.0632,0.962,0.108,0.345,105.192,1.9903,3,47.0
0.533,0.376,-11.913,0,0.0393,0.0302,0.0926,0.187,165.007,259947.0,4,78.0
0.404,0.472,-12.144,1,0.0517,0.963,0.851,0.8,100.833,3.206216667,4,13.0
0.758,0.723,-3.618,0,0.0764,0.0723,0.0747,0.589,116.016,202662.0,4,58.0
0.881,0.874,-4.505,1,0.139,0.0175,0.154,0.858,107.891,227933.0,4,71.0
0.626,0.859,-4.295,0,0.0378,0.00213,0.081,0.153,100.01,223680.0,4,49.0
0.629,0.733,-13.401,1,0.0445,0.259,0.162,0.847,130.391,160493.0,4,22.0
0.56,0.755,-9.87,0,0.0702,0.742,0.443,0.86,90.817,4.708133333,4,24.0
0.556,0.473,-11.486,0,0.0911,0.347,0.0979,0.739,127.409,180433.0,4,20.0
0.65,0.663,-7.163,0,0.0291,0.208,0.334,0.431,109.415,217467.0,4,57.0
0.5,0.31,-13.013,1,0.028,0.717,0.0509,0.387,95.492,5.444,4,30.0
0.495,0.677,-13.135,1,0.159,0.0627,0.103,0.244,170.052,209722.0,4,27.0
0.459,0.836,-7.637,1,0.0378,1.77e-05,0.146,0.547,101.977,236373.0,4,32.0
0.317,0.955,-5.196,1,0.131,2.83e-06,0.184,0.408,76.146,228693.0,4,33.0
0.561,0.874,-3.396,1,0.0307,0.00412,0.162,0.685,134.934,242416.0,4,15.0
0.28,0.715,-4.787,0,0.029,0.00247,0.0388,0.738,107.162,215027.0,4,33.0
0.761,0.793,-2.896,1,0.109,0.329,0.118,0.684,125.999,185071.0,4,34.0
0.29,0.756,-5.408,0,0.039,0.0114,0.0947,0.546,146.458,425853.0,3,48.0
0.456,0.638,-8.753,1,0.0326,0.448,0.713,0.754,110.024,453707.0,4,18.0
0.788,0.451,-9.313,1,0.318,0.118,0.134,0.302,89.97,271067.0,4,53.0
0.591,0.552,-7.719,1,0.0277,0.278,0.391,0.305,136.01,264920.0,4,3.0
0.567,0.267,-6.502,1,0.0299,0.839,0.089,0.0592,110.011,240133.0,4,86.0
0.675,0.638,-4.083,0,0.0373,0.0413,0.21,0.675,89.998,195413.0,4,57.0
0.579,0.93,-6.589,1,0.309,0.0403,0.335,0.837,81.05,228520.0,4,33.0
0.382,0.702,-5.102,1,0.0315,0.00043,0.198,0.148,147.867,202754.0,4,43.0
0.193,0.995,-3.579,1,0.223,0.00214,0.773,0.218,172.855,237533.0,4,23.0
0.533,0.371,-10.423,1,0.0494,0.961,0.371,0.811,136.692,2.891116667,3,1.0
0.308,0.916,-4.13,0,0.0875,2.02e-05,0.322,0.68,122.231,185733.0,4,66.0
0.55,0.711,-8.111,0,0.0293,0.207,0.131,0.598,80.012,234722.0,4,16.0
0.328,0.738,-6.356,1,0.0343,9.02e-05,0.283,0.264,132.121,317600.0,4,44.0
0.683,0.713,-4.584,1,0.0398,0.153,0.112,0.219,121.963,3.605533333,4,52.0
0.417,0.919,-7.314,0,0.112,0.00882,0.484,0.438,143.975,196771.0,4,34.0
0.611,0.313,-10.242,1,0.0339,0.835,0.111,0.378,134.858,232707.0,3,56.0
0.54,0.0713,-20.538,1,0.0469,0.977,0.0806,0.527,96.862,3.570666667,4,37.0
0.669,0.544,-5.855,1,0.0247,0.249,0.0996,0.173,95.031,197347.0,4,22.0
0.243,0.808,-11.592,1,0.0592,1.31e-05,0.0981,0.225,169.361,291573.0,4,43.0
0.565,0.641,-5.566,0,0.354,0.0572,0.117,0.535,108.232,164319.0,5,50.0
0.758,0.954,-4.573,1,0.108,0.196,0.0531,0.924,153.973,271907.0,4,56.0
0.705,0.563,-8.387,0,0.27,0.132,0.107,0.578,132.985,187669.0,4,54.0
0.481,0.638,-5.862,1,0.0276,0.153,0.154,0.497,79.064,259933.0,4,78.0
0.456,0.344,-10.296,0,0.0298,0.565,0.114,0.359,117.116,154480.0,4,53.0
0.606,0.57,-9.294,0,0.0271,0.316,0.21,0.346,116.983,266040.0,4,20.0
0.779,0.719,-3.887,0,0.0446,0.113,0.173,0.752,122.989,152195.0,4,64.0
0.582,0.86,-7.484,1,0.0547,0.068,0.0925,0.309,122.236,323787.0,4,38.0
0.295,0.0991,-18.472,1,0.0735,0.928,0.272,0.0601,130.594,4.5775,4,42.0
0.531,0.315,-12.662,0,0.0396,0.743,0.0945,0.258,157.96,188493.0,4,35.0
0.607,0.946,-2.965,1,0.15,0.00548,0.278,0.653,120.011,195181.0,4,47.0
0.396,0.981,-4.23,1,0.107,0.000133,0.677,0.14,139.898,250714.0,4,37.0
0.493,0.636,-7.408,1,0.0256,0.0629,0.0921,0.279,79.419,284907.0,4,65.0
0.736,0.535,-8.564,1,0.0924,0.31,0.107,0.376,110.014,194747.0,4,60.0
0.544,0.381,-11.48,0,0.0582,0.307,0.104,0.4,146.731,254235.0,4,23.0
0.556,0.683,-9.149,0,0.0374,0.101,0.229,0.694,101.006,190135.0,4,40.0
0.684,0.834,-10.652,0,0.0498,0.0311,0.889,0.676,94.039,6.03695,4,48.0
0.857,0.764,-6.304,1,0.246,0.0398,0.425,0.578,93.071,261267.0,4,60.0
0.473,0.401,-7.018,0,0.0241,0.629,0.154,0.345,90.076,4.152116667,4,66.0
0.563,0.712,-6.143,1,0.0275,0.00526,0.138,0.337,102.034,166040.0,4,43.0
0.362,0.858,-5.142,1,0.0479,0.00583,0.0995,0.784,131.027,255256.0,4,31.0
0.294,0.745,-9.138,1,0.0461,0.05,0.676,0.347,134.364,210107.0,4,68.0
0.562,0.444,-11.08,0,0.0273,0.443,0.0943,0.205,140.035,250880.0,4,45.0
0.484,0.948,-4.349,1,0.054,0.000269,0.0733,0.157,120.824,193133.0,4,58.0
0.89,0.509,-10.331,1,0.318,0.35,0.111,0.652,122.011,208544.0,4,68.0
0.566,0.829,-4.714,1,0.0565,0.00492,0.218,0.533,128.137,188088.0,4,50.0
0.594,0.867,-6.637,1,0.2,0.00526,0.293,0.531,90.062,173132.0,4,54.0
0.448,0.955,-2.945,0,0.0441,0.00108,0.371,0.39,99.994,289187.0,4,57.0
0.533,0.877,-4.299,1,0.0366,0.0951,0.143,0.601,160.003,3.683233333,4,47.0
0.517,0.98,-4.011,1,0.102,1.97e-06,0.0758,0.0422,110.023,274827.0,4,47.0
0.518,0.929,-3.851,0,0.0654,4.71e-05,0.104,0.548,149.961,177870.0,4,58.0
0.356,0.676,-7.645,1,0.103,0.631,0.0992,0.518,167.62,5.7,4,24.0
0.775,0.693,-3.34,1,0.0393,0.0252,0.382,0.813,123.01,209021.0,4,36.0
0.275,0.945,-2.749,1,0.105,1.93e-05,0.407,0.0862,105.51,236670.0,4,34.0
0.751,0.708,-5.653,1,0.0545,0.0482,0.107,0.509,108.97,369573.0,4,72.0
0.438,0.908,-4.816,1,0.0342,2.69e-05,0.61,0.465,158.963,197670.0,4,45.0
0.24,0.902,-8.427,1,0.0863,0.00175,0.0829,0.443,110.692,258626.0,3,34.0
0.293,0.85,-6.05,1,0.066,0.557,0.234,0.367,129.634,155763.0,4,41.0
0.292,0.838,-4.459,1,0.078,0.0014,0.0953,0.423,159.176,5.56333333,4,64.0
0.66,0.567,-6.318,0,0.0289,0.00428,0.11,0.182,107.754,332627.0,4,58.0
0.738,0.844,-5.743,0,0.14,0.00536,0.397,0.243,128.005,195938.0,4,68.0
0.837,0.767,-6.086,1,0.167,0.515,0.278,0.756,115.963,158077.0,4,46.0
0.536,0.628,-9.24,1,0.209,0.00944,0.177,0.188,113.194,180500.0,5,32.0
0.22,0.903,-4.643,1,0.0546,0.00566,0.12,0.257,94.232,435853.0,4,34.0
0.385,0.832,-4.9,0,0.0891,0.0313,0.132,0.673,179.839,244536.0,4,49.0
0.431,0.683,-6.873,1,0.0908,0.386,0.556,0.724,78.391,182757.0,3,41.0
0.476,0.849,-6.944,1,0.0435,0.000696,0.261,0.535,148.062,219757.0,4,41.0
0.471,0.886,-3.627,1,0.0496,0.00261,0.124,0.473,100.025,236719.0,4,42.0
0.424,0.588,-5.455,1,0.0278,0.0553,0.298,0.193,144.636,226680.0,4,71.0
0.601,0.444,-9.058,0,0.0305,0.423,0.0968,0.304,82.004,220053.0,4,53.0
0.76,0.682,-8.906,0,0.134,0.209,0.0719,0.216,122.018,270506.0,4,47.0
0.517,0.492,-8.05,1,0.0272,0.0275,0.0873,0.455,138.585,245173.0,4,69.0
0.628,0.669,-14.636,0,0.0932,0.0901,0.237,0.5,96.152,284293.0,4,47.0
0.409,0.679,-5.824,1,0.0307,3.03e-06,0.111,0.236,84.988,267080.0,4,32.0
0.43,0.163,-14.413,1,0.0539,0.759,0.0946,0.0635,115.219,239321.0,5,26.0
0.492,0.942,-1.574,0,0.0757,0.00302,0.0531,0.845,168.026,180640.0,4,40.0
0.56,0.273,-9.118,1,0.147,0.767,0.169,0.479,156.577,163759.0,3,56.0
0.408,0.92,-3.729,1,0.133,9.56e-06,0.426,0.181,126.947,163862.0,4,25.0
0.365,0.767,-6.185,0,0.0681,0.181,0.0942,0.422,94.174,248053.0,4,68.0
0.589,0.696,-8.109,1,0.034,8.65e-05,0.0779,0.938,129.833,267000.0,4,62.0
0.465,0.751,-5.801,1,0.126,0.279,0.208,0.618,149.501,203100.0,4,47.0
0.634,0.928,-1.609,1,0.0514,0.00719,0.0626,0.738,164.007,205373.0,4,83.0
0.419,0.971,-3.622,1,0.0909,4.63e-05,0.171,0.677,180.033,180853.0,4,58.0
0.521,0.627,-11.863,1,0.0471,0.109,0.122,0.139,171.84,314587.0,4,51.0
0.4,0.628,-6.801,1,0.034,0.169,0.129,0.399,155.757,174773.0,3,57.0
0.732,0.72,-8.347,1,0.0274,0.384,0.174,0.739,115.017,207248.0,4,33.0
0.414,0.986,-3.664,1,0.0684,0.0015,0.687,0.518,125.097,222067.0,4,42.0
0.476,0.849,-6.944,1,0.0435,0.000696,0.261,0.535,148.062,219757.0,4,41.0
0.425,0.852,-5.607,1,0.046,0.0175,0.0935,0.512,101.968,321040.0,4,72.0
0.8,0.563,-10.209,1,0.0303,0.051,0.0797,0.961,121.808,3.38955,4,65.0
0.868,0.638,-7.746,1,0.0736,0.146,0.0931,0.459,126.03,182857.0,4,75.0
0.546,0.572,-13.104,1,0.0319,0.0701,0.079,0.529,113.312,238120.0,4,60.0
0.511,0.942,-10.407,1,0.0429,0.174,0.139,0.498,97.909,6.56111667,4,70.0
0.589,0.461,-5.656,0,0.0295,0.316,0.117,0.254,128.123,271413.0,4,34.0
0.451,0.414,-10.857,1,0.0355,0.712,0.0821,0.764,165.617,6.21,4,33.0
0.4,0.144,-15.52,1,0.037,0.958,0.119,0.146,120.329,6.077116667,4,42.0
0.663,0.68,-6.837,1,0.045,0.145,0.112,0.548,91.988,182772.0,4,43.0
0.685,0.697,-5.511,1,0.067,0.166,0.129,0.65,86.019,142667.0,4,57.0
0.504,0.578,-9.302,1,0.031,0.408,0.321,0.654,132.411,174840.0,4,73.0
0.447,0.551,-9.418,1,0.038,0.452,0.116,0.362,177.875,177213.0,4,31.0
0.691,0.812,-7.772,1,0.0558,0.0433,0.299,0.685,127.568,220627.0,4,73.0
0.823,0.648,-7.824,0,0.0496,0.0443,0.0818,0.335,119.999,216000.0,4,36.0
0.625,0.85,-3.904,1,0.0495,0.346,0.174,0.633,94.661,241667.0,4,72.0
0.586,0.777,-6.185,0,0.0303,4.78e-05,0.0729,0.424,143.339,220468.0,4,67.0
0.339,0.873,-5.668,1,0.211,0.154,0.104,0.0711,81.062,5.901433333,4,34.0
0.662,0.723,-4.683,1,0.0762,0.355,0.103,0.226,145.987,266501.0,4,59.0
0.547,0.693,-6.404,1,0.0264,0.0224,0.523,0.716,79.963,181868.0,4,63.0
0.5,0.511,-6.457,1,0.0329,0.011,0.0999,0.385,121.071,429489.0,3,46.0
0.793,0.52,-7.624,1,0.0469,0.852,0.0423,0.973,118.143,3.115533333,4,8.0
0.551,0.858,-4.882,0,0.0981,0.0621,0.354,0.422,128.05,194013.0,4,41.0
0.401,0.693,-3.9,1,0.0318,0.293,0.0983,0.346,122.678,338587.0,3,26.0
0.674,0.611,-6.322,0,0.0363,0.0415,0.0726,0.782,175.929,226413.0,4,53.0
0.481,0.902,-7.43,1,0.0681,0.00585,0.0722,0.608,102.315,300491.0,4,53.0
0.593,0.938,-3.075,1,0.0426,0.00189,0.0424,0.657,125.925,156213.0,4,44.0
0.686,0.582,-6.038,0,0.0321,0.124,0.21,0.733,102.029,214400.0,4,4.0
0.949,0.732,-6.407,1,0.0647,0.0611,0.0824,0.645,112.004,216429.0,4,53.0
0.797,0.872,-6.727,0,0.0575,0.291,0.284,0.866,129.885,222427.0,4,72.0
0.886,0.534,-10.407,0,0.302,0.0848,0.0848,0.611,98.856,221093.0,4,2.0
0.632,0.554,-10.513,1,0.0455,0.535,0.7,0.706,131.462,263059.0,4,32.0
0.512,0.601,-6.84,1,0.0267,0.00187,0.0535,0.821,96.046,170861.0,1,44.0
0.159,0.964,-4.452,0,0.0871,1.11e-06,0.0819,0.0567,133.026,509640.0,4,42.0
0.349,0.827,-6.915,1,0.0473,0.0431,0.217,0.854,96.186,185160.0,4,45.0
0.741,0.863,-4.875,0,0.0563,0.000279,0.0668,0.817,126.971,320667.0,4,13.0
0.477,0.771,-5.648,1,0.0369,0.177,0.132,0.542,170.049,252606.0,4,33.0
0.567,0.302,-13.048,1,0.0504,0.82,0.109,0.684,93.406,402376.0,4,16.0
0.762,0.592,-6.016,1,0.173,0.453,0.123,0.583,100.012,142617.0,4,59.0
0.651,0.924,-3.336,0,0.173,0.0123,0.293,0.552,93.025,189263.0,4,53.0
0.623,0.622,-12.255,1,0.0412,0.00168,0.343,0.319,125.166,194507.0,4,58.0
0.752,0.745,-6.365,0,0.229,0.24,0.118,0.735,156.024,233905.0,4,62.0
0.842,0.384,-11.384,0,0.0353,0.638,0.0998,0.604,84.026,292013.0,4,58.0
0.555,0.463,-7.994,1,0.0343,0.612,0.142,0.661,88.399,174053.0,4,41.0
0.434,0.903,-3.005,0,0.0399,0.000635,0.607,0.408,90.959,214960.0,4,44.0
0.36,0.99,-4.444,1,0.17,1.25e-05,0.172,0.151,191.99,313355.0,4,42.0
0.641,0.718,-4.919,1,0.0532,0.0157,0.306,0.0594,142.985,141442.0,4,35.0
0.176,0.907,-6.901,0,0.142,0.0016,0.103,0.182,101.795,280960.0,5,21.0
0.452,0.862,-4.293,0,0.0616,0.000153,0.178,0.164,83.093,211696.0,4,40.0
0.263,0.383,-13.418,0,0.0503,0.363,0.12,0.166,145.979,263347.0,4,43.0
0.429,0.852,-7.666,0,0.0467,0.00144,0.659,0.384,128.486,185947.0,4,50.0
0.724,0.603,-6.261,0,0.0317,0.183,0.0948,0.569,111.493,240880.0,4,72.0
0.631,0.763,-5.582,1,0.0782,0.00227,0.65,0.666,119.886,199667.0,4,57.0
0.443,0.817,-3.729,1,0.0511,0.318,0.374,0.652,168.1,3.056883333,4,64.0
0.613,0.934,-3.711,1,0.0342,0.0406,0.0882,0.776,107.273,283267.0,4,53.0
0.51,0.989,-3.66,0,0.376,0.000124,0.41,0.371,99.889,141400.0,4,20.0
0.692,0.724,-6.406,0,0.0438,0.532,0.259,0.826,97.445,282027.0,4,9.0
0.712,0.77,-2.241,1,0.147,0.517,0.152,0.581,138.853,207373.0,4,30.0
0.476,0.946,-5.373,1,0.0929,0.000319,0.944,0.256,130.032,243030.0,4,38.0
0.523,0.687,-5.601,1,0.105,0.0215,0.203,0.711,90.036,217480.0,4,66.0
0.583,0.605,-4.528,1,0.0274,0.203,0.29,0.524,141.894,3.44735,4,47.0
0.607,0.757,-4.127,1,0.052,0.000568,0.249,0.396,125.009,165655.0,4,48.0
0.683,0.628,-6.512,1,0.123,0.659,0.106,0.356,142.06,154757.0,4,69.0
0.475,0.576,-13.059,1,0.0312,0.0218,0.391,0.524,96.378,397773.0,4,53.0
0.214,0.942,-3.928,0,0.157,0.000359,0.0942,0.391,130.433,346117.0,4,36.0
0.569,0.394,-12.499,1,0.0559,0.94,0.117,0.712,102.364,191107.0,4,32.0
0.769,0.539,-9.108,1,0.0781,0.00258,0.0739,0.573,92.172,311827.0,4,50.0
0.678,0.612,-9.051,0,0.0291,0.793,0.0945,0.589,101.046,287693.0,4,44.0
0.522,0.817,-9.069,1,0.0668,0.118,0.135,0.678,170.97,203680.0,4,41.0
0.538,0.767,-7.182,0,0.0346,0.0627,0.403,0.868,119.246,168400.0,4,37.0
0.814,0.874,-5.316,1,0.0425,0.000222,0.276,0.434,123.992,161041.0,4,53.0
0.637,0.843,-5.413,1,0.0432,0.0151,0.0876,0.434,109.012,220733.0,4,79.0
0.503,0.824,-5.771,0,0.0757,0.00191,0.219,0.581,152.396,142293.0,4,50.0
0.564,0.152,-14.733,1,0.0524,0.983,0.103,0.137,112.873,5.016666667,3,48.0
0.532,0.526,-6.812,1,0.0292,0.0468,0.053,0.536,75.996,3.917783333,4,11.0
0.508,0.43,-13.072,1,0.27,0.806,0.222,0.434,186.263,288880.0,3,29.0
0.65,0.798,-8.126,0,0.0541,0.441,0.137,0.464,110.646,213707.0,4,42.0
0.556,0.448,-10.921,1,0.0387,0.191,0.383,0.126,116.297,273667.0,4,54.0
0.222,0.597,-10.924,1,0.056,0.265,0.411,0.251,80.654,1121253.0,3,45.0
0.516,0.886,-4.164,1,0.14,0.00285,0.351,0.387,200.003,173125.0,4,34.0
0.74,0.452,-10.888,0,0.0462,0.867,0.121,0.334,115.997,203922.0,4,41.0
0.642,0.814,-5.641,1,0.0281,0.108,0.141,0.824,107.062,209867.0,4,32.0
0.471,0.446,-8.404,1,0.195,0.56,0.129,0.328,84.512,162240.0,4,50.0
0.383,0.945,-3.74,0,0.0866,0.00175,0.381,0.402,150.102,230000.0,4,50.0
0.477,0.642,-12.427,1,0.0331,0.0571,0.0767,0.729,98.418,202293.0,4,51.0
0.732,0.55,-8.711,0,0.0397,0.809,0.0914,0.235,132.974,6.133783333,1,21.0
0.635,0.629,-4.955,1,0.0285,0.649,0.209,0.402,107.98,142825.0,4,31.0
0.847,0.629,-5.81,1,0.102,0.0318,0.152,0.109,135.976,255532.0,4,79.0
0.652,0.545,-9.021,1,0.0358,0.774,0.0847,0.626,107.019,229760.0,4,73.0
0.475,0.0588,-17.464,0,0.0418,0.89,0.129,0.241,115.642,3.439333333,4,45.0
0.498,0.748,-5.826,0,0.0464,5.45e-05,0.0643,0.514,137.113,216350.0,4,39.0
0.52,0.463,-10.429,1,0.0958,0.609,0.426,0.469,159.931,257520.0,4,61.0
0.58,0.289,-10.516,1,0.0764,0.609,0.0873,0.404,116.86,337933.0,3,28.0
0.897,0.612,-10.489,1,0.211,0.0297,0.0894,0.767,102.305,208267.0,4,73.0
0.413,0.445,-7.259,0,0.025,0.438,0.111,0.117,95.562,222200.0,4,61.0
0.516,0.78,-4.004,0,0.0364,0.00136,0.11,0.899,116.794,235587.0,4,66.0
0.57,0.891,-3.6,0,0.128,0.00478,0.0248,0.831,169.979,114809.0,4,53.0
0.955,0.848,-5.018,0,0.102,0.000611,0.237,0.3,102.005,239971.0,4,27.0
0.543,0.525,-7.144,1,0.0347,0.228,0.0801,0.695,112.892,213047.0,4,33.0
0.662,0.695,-6.32,1,0.0633,0.0137,0.104,0.761,149.961,331664.0,4,43.0
0.373,0.245,-10.094,0,0.0326,0.993,0.0978,0.637,130.75,3.354216667,4,9.0
0.343,0.91,-5.734,1,0.0648,0.00136,0.0717,0.15,163.975,225732.0,4,54.0
0.699,0.622,-10.74,1,0.0332,0.107,0.112,0.936,107.656,194920.0,4,41.0
0.536,0.335,-12.395,0,0.0308,0.858,0.309,0.331,133.343,304400.0,4,28.0
0.359,0.981,-3.622,0,0.303,0.00125,0.284,0.271,178.98,282653.0,4,76.0
0.54,0.917,-3.403,1,0.238,0.00128,0.0697,0.37,157.916,210083.0,4,38.0
0.424,0.356,-9.143,1,0.0419,0.819,0.311,0.602,145.941,1.197383333,3,24.0
0.454,0.78,-3.502,0,0.102,0.146,0.34,0.707,99.499,254000.0,4,35.0
0.561,0.0848,-15.099,1,0.0404,0.913,0.112,0.206,102.128,219147.0,4,81.0
0.384,0.185,-14.269,0,0.0774,0.991,0.0931,0.15,149.834,2.52695,3,43.0
0.61,0.858,-4.867,1,0.0318,0.0284,0.102,0.421,110.881,214813.0,4,60.0
0.28,0.951,-5.316,0,0.0884,0.00978,0.239,0.233,139.835,295214.0,4,34.0
0.579,0.74,-5.926,0,0.0277,0.0164,0.0996,0.752,150.02,214176.0,4,35.0
0.421,0.859,-4.333,1,0.0694,0.000103,0.1,0.373,166.099,232000.0,4,51.0
0.461,0.279,-15.836,1,0.0883,0.975,0.0981,0.311,112.015,3.516666667,4,50.0
0.654,0.592,-8.528,0,0.0584,0.381,0.105,0.312,119.957,208000.0,4,46.0
0.279,0.238,-20.501,0,0.0467,0.924,0.249,0.139,129.375,275312.0,4,8.0
0.601,0.0793,-19.872,1,0.306,0.989,0.116,0.802,171.861,154098.0,4,5.0
0.693,0.586,-5.59,0,0.0361,0.147,0.111,0.51,108.579,254399.0,4,46.0
0.306,0.745,-4.64,1,0.0376,0.000295,0.396,0.453,143.805,245839.0,4,52.0
0.521,0.765,-10.942,1,0.0367,0.000548,0.114,0.719,120.674,248827.0,4,42.0
0.671,0.373,-18.064,1,0.0323,0.257,0.0481,0.732,92.718,295893.0,4,83.0
0.662,0.493,-7.828,0,0.0879,0.648,0.414,0.352,92.931,203310.0,4,46.0
0.417,0.914,-5.008,0,0.0639,8.48e-06,0.226,0.422,83.98,223773.0,4,47.0
0.713,0.605,-7.487,1,0.107,0.497,0.115,0.432,142.025,175756.0,4,69.0
0.291,0.767,-6.913,0,0.0862,0.000401,0.0763,0.359,175.702,234800.0,4,63.0
0.797,0.376,-13.752,1,0.111,0.598,0.106,0.675,158.792,136547.0,4,34.0
0.653,0.677,-12.244,1,0.0396,0.249,0.403,0.888,114.37,216533.0,4,73.0
0.322,0.42,-13.367,0,0.0321,0.656,0.0828,0.29,92.978,380973.0,4,33.0
0.509,0.498,-6.94,1,0.0315,0.413,0.0674,0.283,99.729,222861.0,4,80.0
0.494,0.657,-7.543,1,0.0397,0.0632,0.0849,0.737,118.194,645000.0,4,47.0
0.487,0.984,-4.79,1,0.161,0.000439,0.354,0.291,120.031,225627.0,4,39.0
0.561,0.346,-12.596,0,0.0409,0.873,0.104,0.697,93.689,4.838216667,4,57.0
0.391,0.835,-4.944,1,0.0702,0.00485,0.118,0.109,129.024,300820.0,4,41.0
0.454,0.623,-8.709,1,0.0575,0.147,0.115,0.332,126.453,224400.0,4,41.0
0.448,0.826,-3.244,0,0.0319,0.00756,0.117,0.19,77.093,254805.0,4,70.0
0.383,0.868,-6.222,0,0.0847,0.00114,0.353,0.546,147.267,189560.0,4,52.0
0.789,0.446,-8.264,0,0.0942,0.00454,0.23,0.508,118.011,191537.0,4,59.0
0.696,0.394,-13.825,0,0.539,0.0579,0.0899,0.747,216.053,155758.0,4,58.0
0.509,0.294,-16.365,0,0.0464,0.955,0.0951,0.0338,120.102,3.061933333,4,18.0
0.401,0.907,-4.956,1,0.102,4.1e-05,0.151,0.415,162.542,264547.0,4,55.0
0.456,0.264,-13.787,1,0.0318,0.983,0.118,0.694,94.352,4.722666667,3,35.0
0.458,0.878,-6.035,0,0.0601,0.000201,0.223,0.348,98.144,253440.0,4,51.0
0.462,0.628,-5.659,1,0.0274,0.0534,0.12,0.0981,140.049,347760.0,4,63.0
0.539,0.792,-6.967,1,0.308,0.423,0.227,0.496,81.573,324403.0,4,28.0
0.765,0.582,-4.528,1,0.12,0.245,0.154,0.36,132.992,171280.0,4,69.0
0.529,0.983,-3.186,1,0.125,2.41e-05,0.0763,0.359,125.017,253680.0,4,53.0
0.754,0.759,-5.218,1,0.302,0.153,0.101,0.435,126.366,3.57778333,4,77.0
0.471,0.398,-8.337,0,0.0447,0.875,0.0987,0.301,133.085,181333.0,4,43.0
0.638,0.888,-5.238,0,0.0406,0.0287,0.0623,0.508,140.046,250867.0,4,38.0
0.949,0.7,-8.091,1,0.0832,0.251,0.183,0.86,119.927,220693.0,4,38.0
0.871,0.454,-9.532,0,0.11,0.144,0.0916,0.393,97.012,157557.0,4,26.0
0.748,0.734,-6.499,1,0.124,0.524,0.0975,0.368,97.753,80081.0,4,86.0
0.473,0.0788,-23.653,0,0.0537,0.944,0.118,0.255,145.149,4.31955,4,27.0
0.478,0.0901,-16.511,1,0.036,0.946,0.136,0.163,82.946,3.582333333,3,50.0
0.63,0.772,-8.366,0,0.0251,0.124,0.116,0.717,128.133,230907.0,4,57.0
0.462,0.93,-2.882,0,0.0678,0.000448,0.0628,0.393,109.929,246484.0,4,31.0
0.585,0.0228,-15.218,1,0.0422,0.986,0.0756,0.424,75.84,4.63158333,4,54.0
0.714,0.886,-8.629,0,0.0554,0.116,0.18,0.954,156.351,1.98933333,4,63.0
0.592,0.351,-17.706,1,0.0335,0.554,0.0884,0.364,120.034,168000.0,4,35.0
0.337,0.418,-10.357,1,0.0428,0.372,0.0939,0.487,174.251,295160.0,4,36.0
0.489,0.593,-6.912,1,0.0312,0.353,0.143,0.357,125.016,279081.0,4,37.0
0.563,0.455,-7.01,0,0.0551,0.808,0.154,0.892,120.784,3.946666667,4,14.0
0.716,0.574,-11.796,0,0.0371,0.0863,0.137,0.57,131.911,338627.0,4,27.0
0.355,0.867,-4.596,1,0.0737,0.066,0.325,0.357,180.111,193500.0,4,62.0
0.412,0.417,-7.594,1,0.0376,0.652,0.112,0.16,78.968,269413.0,3,27.0
0.744,0.619,-9.805,1,0.039,0.598,0.231,0.641,112.997,188387.0,4,83.0
0.59,0.509,-7.547,0,0.0256,0.26,0.0932,0.383,79.981,226199.0,4,34.0
0.508,0.94,-6.412,0,0.0742,0.00114,0.334,0.564,135.979,211140.0,4,4.0
0.554,0.0862,-15.67,1,0.0524,0.988,0.112,0.158,106.939,2.6781,4,47.0
0.466,0.536,-5.4,1,0.0266,0.000979,0.105,0.0922,77.08,256400.0,4,47.0
0.762,0.722,-8.712,1,0.0428,0.0922,0.132,0.966,122.769,194667.0,4,65.0
0.364,0.0647,-19.622,0,0.0373,0.993,0.0951,0.0507,81.388,2.8,4,39.0
0.419,0.622,-6.239,1,0.0867,0.00048,0.311,0.217,120.117,268155.0,4,11.0
0.469,0.592,-6.934,0,0.0427,0.331,0.11,0.377,76.689,212316.0,4,50.0
0.408,0.364,-14.531,1,0.0538,0.641,0.568,0.538,119.445,271354.0,4,29.0
0.422,0.491,-4.618,0,0.0358,0.947,0.358,0.497,120.501,223160.0,4,37.0
0.581,0.569,-6.144,0,0.0426,0.0469,0.345,0.401,120.011,164731.0,4,37.0
0.525,0.441,-8.256,0,0.035,0.803,0.128,0.439,138.515,4.899333333,4,39.0
0.141,0.137,-15.424,1,0.0431,0.948,0.0612,0.0353,85.479,4.144883333,4,32.0
0.331,0.885,-6.167,1,0.058,0.00864,0.101,0.399,174.043,136267.0,4,29.0
0.694,0.685,-6.535,0,0.133,0.224,0.124,0.306,158.831,196180.0,4,78.0
0.426,0.842,-5.717,1,0.0297,1.78e-05,0.375,0.113,91.154,285000.0,4,25.0
0.715,0.715,-7.364,1,0.0902,0.0526,0.0936,0.507,134.922,238747.0,4,68.0
0.666,0.537,-6.492,1,0.159,0.172,0.0654,0.549,105.136,197995.0,4,18.0
0.345,0.986,-3.666,1,0.196,0.000209,0.274,0.211,122.483,237987.0,4,37.0
0.211,0.993,-2.485,1,0.195,4.01e-05,0.0994,0.0394,120.009,256500.0,4,18.0
0.311,0.775,-3.984,0,0.19,0.404,0.525,0.705,78.636,185598.0,4,32.0
0.38,0.988,-2.042,1,0.0639,2.64e-05,0.368,0.769,186.113,176346.0,4,79.0
0.475,0.807,-3.959,0,0.0332,0.0136,0.109,0.731,145.179,200000.0,4,47.0
0.817,0.399,-9.067,0,0.102,0.13,0.156,0.561,139.939,193108.0,4,15.0
0.661,0.67,-5.58,1,0.0307,0.518,0.13,0.357,139.852,3.438666667,4,14.0
0.295,0.681,-10.259,1,0.0438,0.0702,0.365,0.382,109.38,219475.0,3,33.0
0.668,0.589,-6.737,1,0.056,0.635,0.147,0.759,146.419,188600.0,4,19.0
0.377,0.598,-11.065,1,0.0357,0.0171,0.109,0.3,150.152,168554.0,4,26.0
0.228,0.899,-10.049,1,0.171,0.000601,0.0539,0.0728,96.11,300267.0,4,30.0
0.548,0.858,-5.729,1,0.0745,0.000155,0.0951,0.374,104.177,271533.0,4,46.0
0.429,0.387,-11.087,0,0.0476,0.917,0.317,0.39,83.395,5.859333333,4,44.0
0.765,0.408,-13.079,1,0.167,0.0984,0.141,0.891,136.713,174467.0,4,39.0
0.304,0.953,-7.701,0,0.128,0.000444,0.258,0.0865,107.395,185027.0,4,44.0
0.535,0.857,-5.441,0,0.0409,0.0119,0.0603,0.649,140.014,232071.0,4,42.0
0.548,0.947,-4.959,1,0.0779,0.0162,0.18,0.416,135.813,276013.0,4,47.0
0.841,0.535,-12.194,0,0.365,0.0811,0.112,0.686,93.434,299067.0,4,51.0
0.22,0.708,-6.99,1,0.0331,0.0617,0.0838,0.262,179.927,4.111333333,4,1.0
0.491,0.695,-2.913,1,0.0358,0.548,0.146,0.38,85.787,293373.0,3,34.0
0.965,0.485,-8.784,1,0.191,0.0206,0.0655,0.312,124.025,222523.0,4,86.0
0.42,0.466,-8.67,1,0.0323,0.322,0.0839,0.107,78.015,344013.0,1,59.0
0.303,0.654,-8.718,1,0.0487,0.194,0.235,0.232,133.927,641320.0,3,42.0
0.633,0.59,-5.626,1,0.304,0.0363,0.16,0.32,85.015,208653.0,4,47.0
0.607,0.835,-5.427,1,0.0415,0.0588,0.195,0.719,144.087,193120.0,4,64.0
0.77,0.748,-8.906,1,0.21,0.00217,0.0905,0.729,118.931,299947.0,4,42.0
0.562,0.862,-3.895,0,0.0513,0.0104,0.0624,0.835,75.096,186129.0,4,37.0
0.348,0.486,-5.203,1,0.0307,0.0436,0.121,0.514,70.62,272893.0,4,35.0
0.0943,0.747,-6.443,1,0.109,0.00208,0.0795,0.036,161.078,576556.0,4,35.0
0.649,0.914,-6.199,1,0.0455,0.00573,0.0997,0.739,139.125,209760.0,4,51.0
0.214,0.968,-4.902,1,0.173,4.73e-05,0.136,0.237,156.293,288947.0,4,53.0
0.318,0.957,-4.825,0,0.0961,0.00096,0.155,0.482,164.646,217364.0,4,52.0
0.852,0.156,-9.703,1,0.221,0.757,0.11,0.26,118.035,200339.0,4,42.0
0.773,0.483,-9.303,1,0.0818,0.0166,0.0907,0.755,166.116,114773.0,4,34.0
0.645,0.61,-5.4,1,0.0289,0.251,0.386,0.716,99.985,178573.0,4,20.0
0.576,0.403,-8.849,0,0.08,0.68,0.527,0.279,139.15,154578.0,4,48.0
0.493,0.652,-10.323,1,0.52,0.934,0.237,0.817,80.594,6.356,4,22.0
0.567,0.914,-5.969,0,0.0363,0.0106,0.125,0.667,124.005,229067.0,4,35.0
0.39,0.972,-5.023,1,0.0744,0.000287,0.348,0.592,177.0,300116.0,4,55.0
0.121,0.685,-9.661,1,0.0361,0.00103,0.112,0.249,87.24,284360.0,4,37.0
0.57,0.945,-5.665,0,0.0567,0.00017,0.0543,0.53,114.987,280956.0,4,52.0
0.123,0.916,-5.06,1,0.0717,1.06e-06,0.0817,0.0777,97.203,307363.0,3,20.0
0.55,0.872,-4.742,0,0.0588,0.0864,0.0617,0.618,142.041,189920.0,4,64.0
0.395,0.764,-6.258,0,0.0419,0.000316,0.111,0.325,141.423,169947.0,4,61.0
0.743,0.56,-9.989,0,0.261,0.175,0.286,0.634,142.038,194366.0,4,68.0
0.522,0.502,-12.773,0,0.0362,0.861,0.128,0.259,155.927,163253.0,4,5.0
0.447,0.796,-12.171,0,0.0333,0.00689,0.0626,0.913,105.984,354640.0,4,40.0
0.598,0.683,-6.588,0,0.054,0.0152,0.319,0.122,135.982,177160.0,5,70.0
0.714,0.245,-14.197,1,0.0305,0.841,0.108,0.287,106.992,3.736066667,4,37.0
0.391,0.651,-11.523,1,0.0266,0.000512,0.0954,0.402,92.124,218000.0,4,44.0
0.515,0.687,-9.631,1,0.0585,0.00116,0.106,0.332,105.967,339507.0,4,34.0
0.341,0.714,-7.998,0,0.0404,0.354,0.31,0.412,147.604,178144.0,4,49.0
0.437,0.687,-13.638,0,0.035,0.00388,0.285,0.608,128.98,289173.0,4,32.0
0.783,0.612,-8.221,1,0.0697,0.013,0.677,0.756,133.813,6.326466667,4,37.0
0.502,0.153,-19.51,0,0.0334,0.973,0.122,0.116,110.032,4.94195,4,50.0
0.496,0.947,-2.332,1,0.0555,0.000148,0.366,0.328,105.006,257114.0,4,33.0
0.543,0.482,-5.927,1,0.0526,0.286,0.101,0.522,133.369,201600.0,5,62.0
0.566,0.49,-11.703,1,0.0402,0.646,0.212,0.601,85.615,2.14755,4,47.0
0.216,0.882,-5.176,0,0.0439,0.00147,0.308,0.656,189.286,193427.0,4,65.0
0.689,0.947,-3.926,1,0.0897,0.00209,0.228,0.393,119.993,219390.0,4,55.0
0.444,0.755,-9.801,0,0.0528,0.512,0.0554,0.619,115.051,6.9246,4,47.0
0.322,0.519,-7.764,1,0.0385,0.0803,0.366,0.187,184.071,138546.0,4,25.0
0.56,0.908,-4.988,1,0.0557,0.000488,0.361,0.641,115.03,185739.0,4,29.0
0.816,0.606,-7.013,1,0.109,0.245,0.0467,0.648,92.017,169239.0,4,37.0
0.471,0.843,-5.702,1,0.041,0.636,0.773,0.632,156.695,264267.0,4,52.0
0.551,0.953,-5.023,1,0.0881,0.000679,0.338,0.198,129.026,244904.0,3,26.0
0.545,0.651,-5.966,0,0.044,0.000792,0.484,0.502,99.926,176349.0,4,46.0
0.583,0.889,-4.112,1,0.035,0.00235,0.642,0.301,110.023,274165.0,4,54.0
0.633,0.766,-6.696,1,0.0445,0.00791,0.253,0.394,133.017,220528.0,4,56.0
0.77,0.64,-6.008,1,0.0416,0.0706,0.325,0.738,90.7,205396.0,4,56.0
0.517,0.909,-2.815,1,0.0378,0.451,0.0923,0.683,96.528,226760.0,4,57.0
0.657,0.808,-8.564,1,0.0445,0.605,0.291,0.926,89.918,2.95445,4,34.0
0.662,0.537,-9.428,0,0.0632,0.0826,0.0843,0.777,132.572,4.526666667,4,40.0
0.469,0.494,-7.609,1,0.226,0.591,0.0934,0.164,100.635,203040.0,3,31.0
0.0808,0.85,-10.799,1,0.0514,1.53e-06,0.368,0.039,170.488,194520.0,4,32.0
0.6,0.242,-12.63,1,0.031,0.697,0.128,0.3,106.616,3.86045,4,56.0
0.374,0.748,-7.306,0,0.0248,0.00383,0.0646,0.317,99.112,356973.0,4,45.0
0.754,0.655,-6.872,0,0.0494,0.0888,0.335,0.695,124.986,239500.0,4,47.0
0.493,0.322,-11.456,0,0.0545,0.8,0.114,0.287,137.384,208490.0,4,46.0
0.587,0.653,-9.73,0,0.0302,0.703,0.064,0.576,135.866,371133.0,4,47.0
0.367,0.88,-3.193,1,0.0569,0.00471,0.098,0.407,163.826,158545.0,4,43.0
0.574,0.564,-6.453,1,0.0307,0.0133,0.1,0.749,147.974,226468.0,4,45.0
0.651,0.451,-11.044,0,0.0688,0.447,0.144,0.476,98.289,222067.0,4,11.0
0.509,0.844,-4.235,0,0.0354,0.045,0.153,0.0958,106.031,226415.0,4,48.0
0.672,0.588,-9.573,1,0.133,0.619,0.0992,0.204,169.033,174358.0,4,80.0
0.501,0.652,-10.403,1,0.0319,0.0262,0.173,0.476,142.013,523467.0,4,29.0
0.744,0.872,-6.994,0,0.0416,0.00279,0.0623,0.601,129.996,334020.0,4,36.0
0.915,0.641,-8.739,0,0.188,0.00941,0.111,0.77,139.97,178286.0,4,50.0
0.486,0.972,-4.677,0,0.0818,0.000685,0.707,0.497,141.892,296299.0,4,43.0
0.591,0.947,-3.259,1,0.0838,0.065,0.23,0.542,177.064,164485.0,4,57.0
0.772,0.809,-4.212,1,0.0355,0.0135,0.0278,0.891,120.975,203474.0,4,49.0
0.573,0.892,-6.63,0,0.0485,0.045,0.157,0.35,125.014,254368.0,4,46.0
0.854,0.498,-9.105,1,0.266,0.0442,0.0758,0.275,106.011,145964.0,4,47.0
0.573,0.929,-6.103,0,0.0458,0.000282,0.269,0.526,128.125,251867.0,4,27.0
0.189,0.95,-9.648,1,0.0954,0.00371,0.0543,0.124,155.558,375400.0,4,42.0
0.903,0.785,-4.709,1,0.322,0.0245,0.0652,0.823,129.835,125580.0,4,69.0
0.527,0.699,-6.618,1,0.0315,0.422,0.982,0.369,130.177,3.752216667,4,33.0
0.176,0.948,-5.744,0,0.0867,1.31e-05,0.293,0.433,161.123,209616.0,4,36.0
0.519,0.441,-14.178,1,0.0353,0.0204,0.076,0.25,81.334,234973.0,4,77.0
0.353,0.301,-12.755,1,0.0366,0.849,0.102,0.321,139.911,3.4416,4,45.0
0.622,0.692,-6.97,1,0.0276,0.363,0.193,0.774,112.053,195467.0,4,71.0
0.588,0.552,-8.97,0,0.0403,0.889,0.142,0.526,175.958,5.6037,4,40.0
0.718,0.691,-6.44,1,0.0387,0.0159,0.0627,0.552,100.008,213107.0,4,71.0
0.592,0.642,-6.576,0,0.0544,0.314,0.0932,0.653,199.903,155250.0,4,50.0
0.342,0.712,-8.477,0,0.0384,4.94e-06,0.381,0.198,90.003,254032.0,3,38.0
0.389,0.476,-9.342,1,0.0316,0.619,0.255,0.566,148.117,217107.0,4,75.0
0.521,0.895,-5.242,1,0.0442,5.54e-05,0.0985,0.237,120.117,322340.0,4,73.0
0.636,0.383,-9.381,1,0.0434,0.585,0.122,0.213,72.871,3.23445,4,56.0
0.278,0.212,-16.375,1,0.0473,0.883,0.115,0.0998,118.36,191387.0,5,47.0
0.619,0.574,-9.199,0,0.0268,0.699,0.169,0.352,120.004,216634.0,4,29.0
0.525,0.694,-5.275,1,0.0688,0.000212,0.0836,0.829,184.112,145013.0,4,41.0
0.425,0.291,-10.554,1,0.0315,0.814,0.143,0.393,114.571,157160.0,4,43.0
0.573,0.734,-5.576,1,0.0416,0.000796,0.102,0.13,101.023,243382.0,4,48.0
0.463,0.473,-9.581,1,0.0493,0.0302,0.213,0.499,165.305,170625.0,4,56.0
0.49,0.977,-4.788,1,0.119,3.53e-05,0.0916,0.286,129.981,203993.0,4,39.0
0.595,0.675,-6.631,0,0.0342,0.0288,0.801,0.42,100.011,294990.0,4,19.0
0.533,0.82,-6.341,0,0.0295,0.0887,0.141,0.896,154.983,168101.0,4,27.0
0.669,0.369,-5.805,1,0.0307,0.641,0.113,0.207,114.87,277627.0,4,48.0
0.362,0.76,-10.179,0,0.0787,2.93e-05,0.328,0.321,112.738,265409.0,3,44.0
0.587,0.921,-4.053,0,0.0909,0.0291,0.131,0.609,150.06,160184.0,4,41.0
0.288,0.62,-10.103,1,0.0428,0.24,0.0882,0.617,94.445,150627.0,4,58.0
0.531,0.546,-10.936,0,0.372,0.26,0.379,0.7,92.06,162437.0,4,62.0
0.579,0.636,-8.574,0,0.0276,0.0821,0.446,0.898,132.652,280853.0,4,39.0
0.54,0.661,-5.534,0,0.0381,0.0765,0.125,0.506,90.012,231107.0,4,68.0
0.484,0.553,-7.577,1,0.0315,0.605,0.102,0.36,148.13,159347.0,4,54.0
0.207,0.867,-2.062,1,0.0731,0.0818,0.26,0.471,175.941,373000.0,3,39.0
0.575,0.694,-5.674,1,0.0709,0.0158,0.108,0.442,77.537,196533.0,4,58.0
0.466,0.648,-11.101,0,0.028,0.0023,0.112,0.305,90.435,229960.0,4,69.0
0.348,0.61,-6.015,0,0.0583,0.71,0.971,0.241,145.115,265300.0,4,14.0
0.166,0.861,-6.761,1,0.0651,0.0267,0.605,0.523,187.544,190347.0,4,29.0
0.481,0.856,-5.733,1,0.0331,0.0223,0.275,0.564,97.515,207373.0,4,45.0
0.443,0.956,-6.198,1,0.0511,5.24e-05,0.135,0.909,146.754,206867.0,4,69.0
0.473,0.988,-3.078,1,0.0721,0.00438,0.281,0.283,99.89,222101.0,4,50.0
0.734,0.447,-7.08,1,0.308,0.000219,0.108,0.061,172.075,145372.0,4,50.0
0.193,0.994,-3.387,1,0.136,1.41e-05,0.234,0.0701,90.022,213733.0,4,42.0
0.483,0.993,-3.244,1,0.122,0.000151,0.173,0.0653,104.018,189360.0,4,43.0
0.273,0.991,-3.548,0,0.165,0.000136,0.147,0.106,108.884,208000.0,4,33.0
0.362,0.961,-5.664,1,0.0857,0.024,0.159,0.491,164.019,153840.0,4,70.0
0.473,0.783,-10.671,0,0.0869,0.0125,0.268,0.124,91.976,340640.0,4,66.0
0.445,0.296,-7.091,1,0.0419,0.815,0.0562,0.289,169.331,272547.0,4,44.0
0.332,0.38,-9.585,1,0.0296,0.531,0.12,0.369,91.137,188961.0,4,26.0
0.583,0.79,-8.165,1,0.0423,0.00902,0.0797,0.48,133.021,429533.0,4,34.0
0.669,0.795,-10.865,1,0.0285,0.00772,0.401,0.882,124.594,201187.0,4,69.0
0.671,0.74,-12.43,0,0.0389,0.122,0.196,0.102,125.0,258000.0,4,60.0
0.298,0.799,-6.962,0,0.0464,0.000168,0.496,0.561,143.072,252453.0,4,61.0
0.865,0.69,-7.369,1,0.0621,0.564,0.0891,0.843,109.995,168545.0,4,27.0
0.587,0.556,-14.085,1,0.0346,0.0228,0.0808,0.677,148.155,187667.0,4,39.0
0.312,0.818,-5.473,1,0.0521,0.0608,0.129,0.622,172.961,198680.0,4,32.0
0.359,0.968,-5.168,0,0.121,0.000209,0.148,0.154,152.511,335667.0,4,49.0
0.211,0.973,-3.292,1,0.154,0.0015,0.0597,0.309,154.295,184640.0,4,47.0
0.658,0.917,-2.801,0,0.0303,0.24,0.0943,0.774,129.987,249847.0,4,13.0
0.383,0.617,-8.431,0,0.0464,0.672,0.112,0.641,78.207,298809.0,4,50.0
0.473,0.688,-10.232,1,0.0433,0.721,0.102,0.325,111.8,6.64285,3,18.0
0.504,0.556,-12.983,1,0.0327,0.695,0.0992,0.359,162.046,4.617283333,4,12.0
0.411,0.955,-5.545,0,0.102,0.000201,0.118,0.329,164.09,224167.0,4,54.0
0.539,0.943,-5.05,1,0.0753,0.0693,0.176,0.7,88.427,244347.0,4,41.0
0.579,0.669,-8.448,0,0.0451,0.394,0.187,0.485,97.051,287813.0,4,37.0
0.652,0.846,-6.896,0,0.065,0.647,0.157,0.879,112.11,168547.0,4,37.0
0.189,0.999,-9.303,0,0.0656,4.13e-05,0.304,0.0183,95.482,201160.0,4,30.0
0.769,0.673,-9.761,1,0.0703,0.115,0.458,0.878,131.254,225640.0,4,37.0
0.61,0.783,-5.724,1,0.0516,0.0226,0.111,0.401,114.912,264213.0,4,20.0
0.395,0.756,-4.12,1,0.0544,1.74e-05,0.319,0.475,112.092,304373.0,4,66.0
0.683,0.347,-10.37,1,0.053,0.871,0.186,0.81,157.636,160293.0,4,10.0
0.523,0.316,-10.581,0,0.0312,0.619,0.163,0.235,119.755,166562.0,4,46.0
0.669,0.719,-7.536,1,0.0284,0.301,0.14,0.762,124.519,233160.0,4,20.0
0.558,0.515,-9.424,1,0.0404,0.486,0.112,0.55,128.347,3.658916667,4,25.0
0.601,0.843,-4.674,1,0.0446,0.133,0.613,0.403,114.829,197104.0,4,50.0
0.31,0.403,-13.664,1,0.0326,0.0726,0.139,0.466,134.48,318027.0,4,73.0
0.533,0.96,-3.918,1,0.122,0.00153,0.243,0.134,135.797,246507.0,4,48.0
0.423,0.834,-5.498,0,0.037,0.0129,0.164,0.606,113.876,501213.0,4,48.0
0.885,0.602,-5.357,0,0.0496,0.12,0.0567,0.662,103.997,207109.0,4,37.0
0.357,0.296,-10.199,0,0.0349,0.915,0.0912,0.12,142.65,3.183083333,3,43.0
0.44,0.905,-6.308,1,0.0477,0.000348,0.104,0.568,83.978,246006.0,4,36.0
0.682,0.454,-9.297,0,0.0584,0.0163,0.0683,0.0734,115.971,202171.0,4,52.0
0.359,0.802,-2.945,1,0.0528,0.00687,0.398,0.433,152.481,212200.0,4,41.0
0.686,0.589,-8.009,1,0.134,0.748,0.0965,0.372,159.991,210720.0,4,60.0
0.748,0.47,-9.929,1,0.15,0.207,0.138,0.167,134.962,215500.0,4,60.0
0.724,0.692,-5.79,1,0.0404,0.0336,0.0862,0.668,95.012,217667.0,4,21.0
0.588,0.576,-6.945,0,0.0367,0.218,0.172,0.66,129.155,436840.0,4,60.0
0.35,0.0801,-25.073,1,0.0489,0.989,0.111,0.0454,93.646,3.47555,4,34.0
0.804,0.693,-7.47,1,0.0915,0.00876,0.314,0.654,95.721,170907.0,4,9.0
0.728,0.381,-15.595,1,0.0334,0.00468,0.0454,0.3,99.997,216600.0,4,19.0
0.324,0.938,-7.332,0,0.102,0.032,0.0961,0.543,168.131,178440.0,4,73.0
0.501,0.251,-11.476,0,0.0286,0.694,0.119,0.357,105.969,212696.0,4,23.0
0.633,0.652,-6.246,1,0.0353,0.0496,0.0961,0.881,90.067,179029.0,4,44.0
0.831,0.38,-10.588,0,0.378,0.000541,0.166,0.323,143.053,167919.0,4,13.0
0.539,0.429,-13.747,0,0.0663,0.413,0.0973,0.036,99.808,238853.0,4,20.0
0.546,0.847,-9.797,1,0.0473,0.000301,0.0935,0.314,108.495,320416.0,4,32.0
0.438,0.805,-6.237,1,0.0624,0.00255,0.0842,0.564,113.253,240800.0,4,78.0
0.477,0.0612,-25.266,0,0.0346,0.984,0.107,0.183,112.879,81641.0,4,43.0
0.429,0.993,-2.772,1,0.157,4.65e-05,0.163,0.256,172.08,232425.0,4,57.0
0.745,0.3,-13.33,1,0.0652,0.372,0.152,0.6,137.924,138262.0,4,37.0
0.586,0.915,-5.39,0,0.07,0.00759,0.326,0.211,134.976,327107.0,4,42.0
0.359,0.774,-5.789,1,0.0745,0.0649,0.11,0.141,184.739,243919.0,4,47.0
0.606,0.301,-11.402,1,0.0423,0.545,0.0419,0.457,100.979,183027.0,4,53.0
0.688,0.742,-6.363,1,0.0496,0.00912,0.186,0.74,110.026,166909.0,4,70.0
0.661,0.486,-4.438,1,0.0431,0.454,0.0994,0.309,78.31,208692.0,4,75.0
0.614,0.91,-3.175,0,0.0444,0.00956,0.343,0.407,128.973,232907.0,3,63.0
0.545,0.421,-7.201,1,0.0276,0.0469,0.214,0.314,149.955,210133.0,4,34.0
0.509,0.827,-7.715,1,0.079,0.0409,0.12,0.743,135.601,512733.0,4,71.0
0.567,0.954,-2.502,1,0.0796,0.000224,0.317,0.48,90.015,192920.0,4,47.0
0.658,0.655,-8.802,0,0.255,0.114,0.108,0.765,110.107,181091.0,4,37.0
0.696,0.485,-3.675,0,0.0286,0.312,0.094,0.17,121.926,244387.0,4,37.0
0.375,0.958,-4.931,1,0.115,0.000722,0.265,0.299,72.238,218051.0,4,35.0
0.591,0.542,-6.421,1,0.0288,0.853,0.067,0.557,103.014,236280.0,3,18.0
0.383,0.627,-11.082,0,0.0565,0.957,0.241,0.599,118.081,2.186666667,4,3.0
0.573,0.708,-4.144,0,0.0433,0.0117,0.302,0.893,81.963,164253.0,4,65.0
0.804,0.463,-6.808,1,0.0443,0.0271,0.0705,0.354,143.989,172727.0,4,55.0
0.637,0.933,-3.519,1,0.0343,0.0614,0.105,0.797,95.511,3.019983333,4,67.0
0.84,0.671,-6.676,1,0.255,0.267,0.179,0.619,143.104,204755.0,3,48.0
0.642,0.384,-8.05,0,0.0381,0.635,0.114,0.387,131.796,191608.0,4,48.0
0.442,0.124,-22.227,1,0.0388,0.92,0.21,0.2,65.003,6.81,4,49.0
0.59,0.73,-6.726,1,0.0293,0.0397,0.182,0.709,146.939,238099.0,4,42.0
0.325,0.912,-3.39,0,0.0514,0.0016,0.132,0.652,132.609,205933.0,4,31.0
0.611,0.293,-12.809,1,0.0283,0.308,0.185,0.65,96.94,3.66845,4,33.0
0.784,0.594,-11.61,1,0.0467,0.0946,0.085,0.749,124.073,314493.0,4,30.0
0.237,0.658,-7.813,1,0.0335,0.136,0.142,0.267,158.351,280827.0,4,43.0
0.607,0.428,-7.827,1,0.189,0.159,0.101,0.504,77.146,317027.0,4,49.0
0.656,0.731,-6.159,0,0.0923,0.302,0.349,0.522,104.922,212810.0,4,25.0
0.68,0.246,-14.112,1,0.058,0.783,0.106,0.388,110.23,171693.0,4,72.0
0.761,0.711,-7.989,1,0.0604,0.0174,0.0652,0.947,105.448,310387.0,4,70.0
0.795,0.653,-7.862,1,0.0684,0.0869,0.11,0.749,109.018,167339.0,4,27.0
0.797,0.726,-5.267,1,0.0804,0.476,0.0769,0.969,104.432,172329.0,4,40.0
0.619,0.851,-1.902,0,0.0264,0.0152,0.127,0.66,92.011,3.547783333,4,38.0
0.592,0.714,-9.393,1,0.0489,0.0948,0.152,0.611,170.891,250600.0,3,6.0
0.23,0.979,-4.081,0,0.088,1.99e-05,0.0552,0.229,132.035,196653.0,4,25.0
0.27,0.441,-10.699,1,0.0562,0.906,0.131,0.181,172.764,3.987533333,3,18.0
0.709,0.587,-6.156,1,0.133,0.414,0.0998,0.613,81.975,163970.0,4,14.0
0.577,0.677,-10.327,1,0.0245,0.367,0.493,0.683,92.007,319427.0,4,55.0
0.353,0.362,-13.502,1,0.031,0.0894,0.114,0.267,141.285,502040.0,4,52.0
0.51,0.759,-4.854,1,0.101,0.034,0.077,0.237,91.123,207142.0,4,64.0
0.335,0.892,-3.688,0,0.0751,0.0146,0.336,0.408,179.835,218693.0,4,38.0
0.694,0.881,-4.053,0,0.0701,0.0153,0.0851,0.924,121.554,231787.0,4,63.0
0.314,0.955,-4.864,0,0.0755,5.74e-06,0.36,0.513,187.363,284000.0,4,21.0
0.674,0.838,-4.808,1,0.49,0.055,0.227,0.747,155.014,186218.0,4,66.0
0.825,0.655,-8.177,1,0.277,0.261,0.223,0.474,98.067,177462.0,4,46.0
0.195,0.941,-3.412,0,0.128,0.0486,0.706,0.321,177.504,430133.0,4,44.0
0.475,0.123,-19.717,1,0.0372,0.939,0.114,0.254,85.435,3.114516667,4,56.0
0.594,0.757,-5.604,1,0.0427,0.114,0.292,0.866,106.172,321400.0,4,15.0
0.42,0.33,-13.925,1,0.0275,0.245,0.0677,0.175,157.143,295600.0,3,73.0
0.827,0.0406,-23.167,0,0.109,0.975,0.113,0.352,90.078,4.102133333,4,46.0
0.566,0.869,-6.084,1,0.1,0.000916,0.114,0.647,178.113,259667.0,4,60.0
0.485,0.409,-13.92,1,0.0278,0.245,0.0887,0.301,166.177,290733.0,4,38.0
0.229,0.0552,-21.734,1,0.0337,0.947,0.12,0.113,82.672,2.597216667,3,41.0
0.37,0.87,-2.09,1,0.271,0.0415,0.604,0.331,79.092,250240.0,4,67.0
0.651,0.462,-7.006,1,0.0334,0.703,0.351,0.556,104.303,238159.0,4,50.0
0.792,0.946,-4.582,1,0.183,0.292,0.188,0.44,131.056,179542.0,4,29.0
0.663,0.479,-13.153,0,0.0294,0.0643,0.0409,0.969,130.017,233827.0,4,28.0
0.316,0.484,-9.11,0,0.0308,0.000334,0.0912,0.299,117.363,269907.0,3,74.0
0.458,0.895,-3.972,1,0.0681,0.000219,0.106,0.357,130.327,243200.0,4,62.0
0.509,0.689,-4.929,0,0.102,0.0209,0.301,0.297,170.087,193798.0,4,76.0
0.263,0.97,-4.182,0,0.163,0.00338,0.0922,0.17,151.729,397827.0,4,57.0
0.772,0.435,-12.612,1,0.088,0.0333,0.514,0.92,112.264,247293.0,4,25.0
0.567,0.96,-5.725,0,0.051,0.00071,0.319,0.437,118.026,186102.0,4,23.0
0.466,0.763,-7.748,0,0.0391,0.0542,0.119,0.473,123.539,204800.0,4,67.0
0.85,0.77,-5.231,1,0.0646,0.153,0.115,0.802,107.942,213069.0,4,33.0
0.526,0.278,-14.456,1,0.0392,0.873,0.111,0.649,150.16,4.445333333,4,45.0
0.772,0.65,-7.702,1,0.22,0.186,0.141,0.673,106.961,204911.0,4,15.0
0.605,0.596,-6.016,1,0.0281,0.209,0.0716,0.393,142.952,333333.0,3,37.0
0.645,0.334,-6.709,0,0.0288,0.731,0.113,0.508,91.337,145347.0,4,39.0
0.662,0.355,-8.332,0,0.0391,0.93,0.111,0.628,136.091,148456.0,4,50.0
0.659,0.88,-4.016,1,0.054,0.00403,0.064,0.416,126.714,223875.0,3,15.0
0.272,0.0707,-19.335,0,0.0544,0.961,0.122,0.0381,68.106,1.8802,4,39.0
0.71,0.843,-5.154,1,0.0886,0.0293,0.233,0.847,86.007,224380.0,4,40.0
0.527,0.735,-6.576,0,0.0352,0.00462,0.32,0.448,115.446,264522.0,3,31.0
0.525,0.79,-7.903,1,0.0979,0.107,0.11,0.405,162.081,173213.0,4,20.0
0.542,0.626,-7.105,1,0.0242,0.0789,0.277,0.813,89.734,305213.0,4,58.0
0.448,0.468,-7.031,0,0.0284,0.649,0.0395,0.471,146.19,243293.0,4,31.0
0.65,0.672,-7.964,0,0.0393,0.0387,0.139,0.593,125.03,198763.0,4,51.0
0.77,0.567,-13.372,0,0.0568,0.0911,0.135,0.893,88.01,265573.0,4,44.0
0.452,0.329,-12.433,1,0.0508,0.861,0.689,0.383,77.668,5.0159,4,37.0
0.479,0.844,-4.338,0,0.0819,0.0134,0.195,0.49,159.852,218533.0,4,63.0
0.428,0.974,-5.007,1,0.0856,2.08e-05,0.388,0.243,101.559,138646.0,4,22.0
0.586,0.915,-5.39,0,0.07,0.00759,0.326,0.211,134.976,327107.0,4,42.0
0.627,0.443,-6.589,0,0.0537,0.876,0.109,0.426,88.045,206591.0,4,17.0
0.526,0.638,-8.19,1,0.0453,0.0219,0.137,0.664,91.381,218593.0,4,20.0
0.523,0.715,-6.215,1,0.0358,0.000162,0.0805,0.663,190.095,213933.0,4,59.0
0.829,0.512,-5.865,0,0.187,0.492,0.12,0.638,80.511,2.06645,4,82.0
0.39,0.694,-11.783,1,0.0399,0.00299,0.0757,0.795,115.197,235707.0,4,56.0
0.47,0.969,-4.739,1,0.0968,0.000702,0.332,0.593,144.012,192311.0,4,52.0
0.363,0.763,-2.237,0,0.042,0.53,0.118,0.218,144.659,226759.0,4,59.0
0.21,0.898,-4.238,1,0.109,0.0354,0.222,0.421,217.416,193027.0,4,42.0
0.732,0.725,-8.164,1,0.0832,0.376,0.0885,0.45,99.984,2.34705,3,37.0
0.632,0.87,-3.79,0,0.234,0.0982,0.0868,0.506,127.045,204094.0,4,36.0
0.638,0.237,-11.395,1,0.0411,0.931,0.0997,0.475,132.959,159219.0,4,5.0
0.571,0.725,-5.628,0,0.0361,0.0134,0.0897,0.722,122.999,218413.0,4,31.0
0.611,0.475,-10.195,1,0.0493,0.644,0.59,0.905,87.893,3.391116667,4,3.0
0.459,0.953,-5.578,1,0.0724,0.000121,0.135,0.512,142.003,189248.0,4,25.0
0.417,0.932,-4.096,0,0.0579,0.000221,0.412,0.184,79.998,226600.0,4,37.0
0.461,0.892,-4.807,0,0.0901,0.00187,0.0942,0.35,137.35,245196.0,4,61.0
0.405,0.735,-7.571,0,0.0415,0.00089,0.0691,0.524,94.032,200978.0,3,28.0
0.456,0.47,-9.564,1,0.0294,0.513,0.444,0.639,120.336,149467.0,4,64.0
0.33,0.367,-9.008,1,0.0327,0.547,0.248,0.212,183.61,200120.0,3,43.0
0.208,0.695,-7.45,0,0.044,0.0661,0.071,0.584,81.038,222707.0,4,36.0
0.706,0.709,-6.489,0,0.0374,0.849,0.116,0.701,144.129,4.881366667,4,41.0
0.428,0.447,-10.755,0,0.0377,0.706,0.195,0.532,79.222,3.477483333,4,51.0
0.554,0.702,-8.093,0,0.407,0.236,0.323,0.82,98.312,174302.0,5,64.0
0.278,0.937,-6.952,1,0.168,0.000535,0.227,0.29,154.244,296627.0,3,58.0
0.846,0.451,-4.168,1,0.124,0.263,0.12,0.63,85.942,146305.0,4,47.0
0.423,0.748,-9.832,1,0.0387,0.0303,0.169,0.429,93.973,325200.0,4,34.0
0.444,0.926,-4.948,1,0.123,0.0444,0.547,0.279,150.134,200933.0,4,54.0
0.416,0.724,-4.87,1,0.0512,0.000336,0.247,0.819,127.357,137400.0,4,45.0
0.705,0.812,-8.08,0,0.0361,0.00158,0.103,0.611,109.976,269540.0,4,50.0
0.394,0.833,-5.18,1,0.042,0.00863,0.109,0.362,145.082,250961.0,4,65.0
0.533,0.637,-5.571,1,0.0323,0.16,0.369,0.292,140.167,260173.0,4,72.0
0.58,0.573,-8.137,1,0.061,0.00305,0.182,0.477,121.225,177093.0,4,53.0
0.71,0.605,-5.262,1,0.0368,0.283,0.193,0.608,115.297,194331.0,3,46.0
0.546,0.85,-6.88,0,0.0373,0.0853,0.0964,0.199,104.996,323000.0,4,45.0
0.595,0.696,-4.551,1,0.0311,0.0492,0.12,0.725,131.561,216880.0,4,48.0
0.568,0.94,-5.401,1,0.0411,0.000431,0.0779,0.738,97.096,231400.0,4,64.0
0.28,0.907,-9.29,1,0.0586,0.000104,0.337,0.45,104.896,572133.0,4,52.0
0.404,0.132,-20.659,0,0.0348,0.905,0.0828,0.111,106.291,3.95405,4,50.0
0.524,0.937,-5.201,1,0.0607,0.000189,0.121,0.394,116.977,316385.0,4,41.0
0.558,0.678,-7.524,1,0.0249,0.0572,0.118,0.458,94.008,269160.0,4,18.0
0.376,0.509,-4.995,0,0.0357,0.489,0.115,0.259,119.47,210887.0,4,45.0
0.728,0.568,-10.241,0,0.138,0.489,0.506,0.0389,114.976,185187.0,5,35.0
0.583,0.742,-9.42,1,0.0332,0.163,0.0715,0.704,101.854,219400.0,4,46.0
0.761,0.273,-9.251,1,0.041,0.776,0.0866,0.412,130.914,223173.0,4,27.0
0.338,0.165,-15.702,1,0.0315,0.977,0.122,0.174,76.266,4.727516667,4,18.0
0.739,0.715,-7.767,1,0.038,0.109,0.112,0.726,140.009,147577.0,4,46.0
0.332,0.0072,-29.808,0,0.0388,0.99,0.0689,0.0614,96.009,491372.0,4,28.0
0.28,0.4,-10.554,1,0.0387,0.88,0.309,0.371,97.226,20.42421667,4,5.0
0.246,0.482,-9.949,1,0.0359,0.713,0.102,0.0776,141.863,278093.0,4,54.0
0.357,0.408,-13.557,1,0.0407,0.000582,0.328,0.562,175.188,305053.0,3,37.0
0.778,0.899,-6.552,1,0.0451,0.0028,0.0263,0.881,119.995,204133.0,4,66.0
0.443,0.43,-11.479,1,0.0325,0.108,0.221,0.32,85.532,260360.0,4,36.0
0.429,0.661,-7.227,1,0.0281,0.00239,0.234,0.285,173.372,266773.0,4,86.0
0.733,0.629,-6.249,1,0.0404,0.218,0.0605,0.898,171.953,201213.0,4,22.0
0.797,0.509,-9.193,0,0.0418,0.653,0.114,0.612,97.997,161633.0,4,47.0
0.684,0.67,-5.919,0,0.405,0.226,0.12,0.298,90.122,187000.0,4,62.0
0.717,0.863,-5.664,0,0.427,0.153,0.288,0.627,122.066,230164.0,4,38.0
0.532,0.669,-9.695,0,0.0315,0.137,0.326,0.537,133.005,2.995233333,4,19.0
0.423,0.738,-7.329,1,0.0319,0.359,0.0801,0.276,111.414,428800.0,4,55.0
0.598,0.262,-11.871,0,0.043,0.796,0.11,0.634,136.342,323293.0,4,19.0
0.687,0.749,-6.174,1,0.0387,0.396,0.115,0.52,130.077,198000.0,4,29.0
0.5,0.817,-3.501,1,0.0459,0.00054,0.152,0.599,90.01,233129.0,4,63.0
0.758,0.875,-4.518,0,0.0363,0.0851,0.227,0.91,112.966,3.657783333,4,47.0
0.516,0.957,-3.821,1,0.139,0.00326,0.15,0.315,130.033,281538.0,4,35.0
0.389,0.509,-7.053,1,0.028,0.671,0.29,0.444,159.834,293520.0,3,42.0
0.47,0.755,-8.472,1,0.151,0.263,0.959,0.431,83.66,623733.0,4,26.0
0.679,0.577,-11.202,1,0.0365,0.483,0.101,0.757,124.085,5.852666667,4,29.0
0.49,0.716,-6.681,1,0.0441,0.022,0.0526,0.288,74.988,4.775333333,4,60.0
0.55,0.542,-7.017,1,0.0581,0.501,0.345,0.641,173.896,253040.0,4,49.0
0.732,0.357,-8.975,1,0.0523,0.805,0.368,0.695,114.784,148120.0,4,25.0
0.484,0.321,-7.779,0,0.0316,0.667,0.187,0.358,127.658,184687.0,4,42.0
0.41,0.78,-4.941,0,0.0327,0.0174,0.233,0.727,100.452,215587.0,4,50.0
0.949,0.617,-4.961,1,0.185,0.00213,0.178,0.32,99.029,199299.0,4,57.0
0.352,0.0235,-19.128,0,0.0348,0.945,0.115,0.119,89.874,3.78265,4,52.0
0.469,0.902,-6.147,1,0.0651,0.00617,0.0813,0.413,123.972,199107.0,4,32.0
0.644,0.884,-3.548,1,0.0443,0.0526,0.0639,0.683,115.976,256147.0,4,32.0
0.536,0.873,-3.07,1,0.0554,7.69e-05,0.107,0.706,134.889,157894.0,4,50.0
0.395,0.727,-7.495,1,0.0319,0.000396,0.173,0.112,137.128,252267.0,4,50.0
0.776,0.413,-11.206,0,0.0559,0.221,0.111,0.357,88.99,208056.0,4,24.0
0.671,0.518,-8.281,0,0.0262,0.106,0.111,0.308,122.079,5.528883333,4,30.0
0.69,0.43,-8.958,0,0.273,0.0613,0.2,0.238,111.93,193175.0,4,46.0
0.622,0.791,-11.251,0,0.0935,0.0611,0.0898,0.327,111.918,251507.0,4,34.0
0.58,0.885,-5.154,0,0.0715,0.1,0.146,0.788,145.405,137933.0,4,66.0
0.411,0.969,-4.726,1,0.136,0.0256,0.298,0.245,100.025,239874.0,4,38.0
0.545,0.931,-4.852,1,0.0452,0.0034,0.098,0.395,134.023,214907.0,4,40.0
0.536,0.927,-4.771,1,0.0812,8.12e-05,0.255,0.449,124.036,173305.0,4,46.0
0.256,0.516,-9.296,1,0.0335,0.0992,0.373,0.237,101.305,4.556983333,4,33.0
0.646,0.0825,-16.919,0,0.0574,0.99,0.111,0.152,99.888,2.911783333,3,45.0
0.278,0.931,-3.719,1,0.121,0.00525,0.144,0.167,178.346,228040.0,4,61.0
0.677,0.791,-5.34,1,0.0307,0.00394,0.101,0.857,102.974,155000.0,4,12.0
0.432,0.0658,-28.091,1,0.0512,0.946,0.693,0.121,124.621,4.965966667,4,43.0
0.599,0.914,-4.926,0,0.0662,0.00246,0.21,0.587,100.044,179685.0,4,52.0
0.431,0.777,-7.853,1,0.0494,0.000207,0.105,0.361,76.027,215296.0,4,32.0
0.636,0.568,-8.232,1,0.0401,0.655,0.346,0.884,118.444,247595.0,4,37.0
0.611,0.568,-6.142,1,0.032,0.0906,0.117,0.567,95.546,208653.0,4,59.0
0.085,0.137,-15.559,1,0.0435,0.98,0.109,0.0592,167.408,1.880716667,4,46.0
0.615,0.761,-5.358,1,0.041,0.00517,0.191,0.476,109.995,247409.0,4,57.0
0.434,0.974,-6.188,1,0.152,0.000127,0.956,0.12,125.016,226865.0,4,39.0
0.965,0.857,-8.458,0,0.17,0.00131,0.0726,0.951,127.656,3.062666667,4,71.0
0.658,0.365,-7.698,1,0.0326,0.782,0.109,0.41,125.124,227960.0,4,37.0
0.707,0.923,-3.957,1,0.0521,0.128,0.273,0.842,108.049,3.383333333,4,69.0
0.423,0.681,-9.756,1,0.0398,0.0592,0.0889,0.56,110.461,160307.0,4,64.0
0.632,0.764,-10.139,1,0.0515,0.314,0.133,0.935,117.608,226160.0,4,32.0
0.339,0.829,-7.239,1,0.058,0.00737,0.0596,0.5,162.794,244507.0,4,55.0
0.702,0.691,-9.243,1,0.0656,0.00109,0.232,0.669,117.984,294584.0,4,32.0
0.707,0.407,-7.045,1,0.0373,0.35,0.0564,0.532,127.252,210867.0,4,62.0
0.472,0.922,-3.822,1,0.0837,0.000364,0.286,0.456,104.872,141009.0,4,49.0
0.489,0.649,-5.11,1,0.0336,0.000603,0.101,0.77,158.009,219827.0,4,75.0
0.552,0.699,-8.615,1,0.0397,0.747,0.492,0.711,110.861,210347.0,4,4.0
0.379,0.687,-10.778,1,0.0645,0.16,0.323,0.525,141.878,548827.0,4,37.0
0.631,0.948,-6.004,0,0.0587,0.00652,0.0737,0.587,130.008,202154.0,4,23.0
0.42,0.279,-12.439,0,0.0359,0.765,0.22,0.285,122.285,192000.0,4,31.0
0.475,0.519,-12.645,0,0.03,0.0214,0.116,0.857,126.528,505267.0,4,30.0
0.431,0.371,-8.709,1,0.0272,0.547,0.0921,0.196,66.853,261880.0,4,57.0
0.479,0.917,-6.632,1,0.104,0.103,0.056,0.852,184.04,214480.0,4,50.0
0.755,0.876,-8.867,1,0.0362,0.357,0.22,0.954,102.762,174827.0,4,74.0
0.398,0.544,-8.49,0,0.0337,0.83,0.18,0.216,94.921,211286.0,3,44.0
0.64,0.18,-20.394,0,0.0322,0.79,0.0647,0.251,129.998,317538.0,4,15.0
0.317,0.764,-7.076,1,0.0282,0.000294,0.0996,0.341,101.173,238867.0,4,58.0
0.557,0.8,-8.477,1,0.0601,0.00132,0.0906,0.582,135.47,245373.0,4,74.0
0.729,0.442,-8.106,0,0.285,0.151,0.189,0.757,81.029,259307.0,4,66.0
0.31,0.7,-5.678,1,0.047,0.011,0.0828,0.763,188.386,255493.0,4,84.0
0.766,0.385,-14.029,1,0.392,0.249,0.119,0.375,100.022,179344.0,4,57.0
0.581,0.647,-12.674,0,0.0524,0.00347,0.321,0.802,145.139,176467.0,4,13.0
0.414,0.295,-9.271,0,0.033,0.846,0.079,0.218,125.833,247053.0,4,50.0
0.486,0.374,-9.205,0,0.0294,0.667,0.116,0.255,88.17,229467.0,4,55.0
0.544,0.36,-11.862,1,0.0287,0.798,0.112,0.763,153.206,3.71445,4,48.0
0.74,0.172,-8.669,1,0.0497,0.658,0.133,0.664,122.951,189500.0,4,59.0
0.637,0.292,-8.206,0,0.0375,0.745,0.305,0.4,127.015,4.63003333,3,53.0
0.308,0.585,-5.18,0,0.0428,0.45,0.319,0.345,171.843,6.196516667,3,63.0
0.735,0.836,-7.467,1,0.0451,0.353,0.342,0.781,121.251,174248.0,4,56.0
0.688,0.743,-7.857,0,0.0489,0.506,0.0853,0.773,100.014,2.46,4,6.0
0.411,0.872,-4.317,1,0.0385,0.0913,0.956,0.299,104.934,5.975783333,4,26.0
0.478,0.589,-4.124,1,0.03,0.121,0.423,0.372,180.041,176026.0,4,42.0
0.43,0.463,-10.96,1,0.0442,0.303,0.152,0.66,93.405,271333.0,4,72.0
0.553,0.576,-13.458,1,0.0304,0.191,0.0365,0.457,109.827,298333.0,4,72.0
0.579,0.697,-4.255,1,0.0287,0.00575,0.0775,0.64,181.995,3.692216667,4,14.0
0.616,0.576,-5.495,0,0.0532,0.0723,0.375,0.269,89.962,182121.0,4,84.0
0.372,0.767,-8.692,1,0.12,0.00207,0.982,0.417,119.249,410960.0,4,27.0
0.382,0.954,-4.831,1,0.0417,0.00038,0.244,0.513,181.933,300783.0,4,64.0
0.458,0.869,-8.381,1,0.032,0.0969,0.357,0.813,91.39,279360.0,4,64.0
0.377,0.867,-6.218,0,0.059,0.0136,0.598,0.193,109.971,247750.0,4,34.0
0.505,0.476,-12.897,1,0.0711,0.25,0.113,0.542,99.31,536227.0,4,69.0
0.768,0.829,-5.109,1,0.0313,0.0964,0.097,0.962,118.773,234333.0,4,74.0
0.708,0.683,-7.768,0,0.0344,0.00122,0.121,0.463,123.602,220533.0,4,60.0
0.46,0.609,-8.67,0,0.121,0.755,0.159,0.839,179.485,180533.0,4,37.0
0.773,0.607,-9.505,0,0.185,0.00367,0.0953,0.575,109.002,240320.0,4,45.0
0.627,0.378,-9.1,0,0.0382,0.253,0.143,0.221,77.982,260877.0,4,62.0
0.289,0.914,-8.753,1,0.102,1.58e-06,0.165,0.308,118.922,362573.0,4,19.0
0.541,0.247,-17.167,1,0.0296,0.853,0.107,0.86,167.261,3.69245,4,44.0
0.66,0.606,-12.23,1,0.0348,0.455,0.373,0.885,91.118,5.89445,4,44.0
0.734,0.929,-2.931,0,0.0462,0.0546,0.241,0.851,110.0,244267.0,4,18.0
0.575,0.67,-10.39,1,0.0318,0.343,0.129,0.74,139.191,3.5263,4,77.0
0.837,0.38,-13.341,0,0.064,0.541,0.198,0.892,104.995,267947.0,4,68.0
0.543,0.631,-10.665,0,0.0433,0.00583,0.321,0.603,97.519,181093.0,4,42.0
0.467,0.769,-5.059,1,0.0393,3.93e-05,0.32,0.607,155.957,275391.0,4,39.0
0.758,0.903,-3.909,1,0.0314,0.00949,0.628,0.749,125.002,206585.0,4,58.0
0.61,0.221,-13.947,0,0.0518,0.977,0.114,0.617,98.818,191133.0,4,30.0
0.631,0.706,-5.153,0,0.0316,0.149,0.203,0.341,98.493,294587.0,4,33.0
0.701,0.539,-8.968,1,0.0277,0.000655,0.0589,0.752,107.531,312627.0,4,72.0
0.705,0.401,-9.506,0,0.0475,0.812,0.319,0.649,104.956,167227.0,4,47.0
0.668,0.6,-7.469,0,0.255,0.57,0.101,0.206,81.002,133184.0,4,53.0
0.47,0.76,-9.22,1,0.0349,0.201,0.0941,0.241,87.427,244375.0,3,22.0
0.536,0.845,-5.765,1,0.0615,0.0033,0.0465,0.6,159.953,208296.0,4,65.0
0.582,0.0811,-16.507,0,0.0635,0.974,0.112,0.112,98.946,4.305916667,4,39.0
0.803,0.634,-11.046,1,0.0549,0.0169,0.0613,0.935,115.01,294261.0,4,31.0
0.395,0.86,-6.75,1,0.0941,0.00188,0.369,0.41,160.916,284911.0,4,15.0
0.54,0.801,-3.733,1,0.0475,0.0845,0.221,0.577,83.979,224855.0,4,57.0
0.48,0.729,-7.992,1,0.133,0.401,0.144,0.735,98.03,229520.0,4,52.0
0.554,0.794,-5.417,1,0.035,0.0697,0.63,0.79,176.01,3.563783333,4,69.0
0.493,0.34,-10.888,0,0.0309,0.964,0.195,0.527,104.413,3.24155,4,15.0
0.765,0.779,-7.099,1,0.0317,0.211,0.122,0.669,125.012,185390.0,4,42.0
0.442,0.92,-4.688,1,0.107,0.00196,0.11,0.255,112.585,321413.0,4,45.0
0.739,0.355,-10.571,1,0.0285,0.177,0.299,0.751,95.985,277675.0,4,44.0
0.489,0.942,-5.032,1,0.0711,0.000384,0.259,0.405,128.022,309187.0,4,22.0
0.571,0.313,-9.833,1,0.0657,0.739,0.113,0.163,64.531,197574.0,4,44.0
0.329,0.987,-5.535,1,0.387,0.289,0.107,0.358,122.725,144000.0,3,43.0
0.823,0.316,-11.151,1,0.128,0.385,0.0917,0.531,105.987,216053.0,4,61.0
0.595,0.727,-7.179,1,0.0759,0.186,0.0945,0.328,150.107,298357.0,4,21.0
0.734,0.138,-17.687,1,0.0494,0.904,0.11,0.168,113.911,2.466666667,3,46.0
0.621,0.608,-8.82,0,0.0245,0.593,0.116,0.311,90.046,220000.0,4,30.0
0.595,0.878,-5.63,0,0.423,0.172,0.303,0.746,82.007,146573.0,4,55.0
0.311,0.658,-13.529,1,0.0406,0.0706,0.093,0.353,151.813,314720.0,4,63.0
0.413,0.725,-5.787,0,0.0324,0.369,0.0905,0.44,124.618,429760.0,4,73.0
0.412,0.655,-8.931,1,0.0538,0.000429,0.29,0.102,88.573,375627.0,4,50.0
0.628,0.156,-15.72,1,0.096,0.995,0.109,0.366,135.022,178525.0,1,18.0
0.536,0.552,-8.267,1,0.0365,0.296,0.104,0.182,112.016,197232.0,4,45.0
0.414,0.852,-8.666,1,0.0817,0.000307,0.0953,0.118,129.963,263077.0,3,39.0
0.611,0.35,-14.48,1,0.0356,0.499,0.0844,0.36,76.064,3.34298333,4,2.0
0.477,0.529,-14.943,0,0.056,0.63,0.095,0.205,97.539,255000.0,3,45.0
0.375,0.453,-9.551,0,0.0404,0.954,0.423,0.536,120.464,4.210883333,4,16.0
0.619,0.459,-5.782,0,0.0334,0.56,0.137,0.498,126.803,184280.0,4,75.0
0.756,0.876,-5.477,0,0.199,0.0955,0.0951,0.647,87.919,210000.0,4,33.0
0.797,0.5,-5.012,0,0.058,0.266,0.12,0.783,144.946,173800.0,4,38.0
0.483,0.487,-6.376,0,0.158,0.69,0.108,0.298,108.944,229613.0,5,44.0
0.531,0.908,-2.487,1,0.121,0.0224,0.617,0.498,142.084,207335.0,4,43.0
0.953,0.614,-7.328,1,0.0752,0.00717,0.0762,0.188,105.019,168427.0,4,53.0
0.782,0.618,-9.434,1,0.068,0.475,0.117,0.502,130.009,201231.0,4,44.0
0.849,0.744,-9.744,0,0.0891,0.236,0.0776,0.312,122.019,271475.0,4,51.0
0.527,0.838,-6.013,1,0.0323,0.0206,0.07,0.721,117.454,255573.0,4,64.0
0.431,0.927,-9.072,0,0.0432,5.99e-06,0.42,0.632,109.55,419307.0,4,50.0
0.358,0.94,-3.946,1,0.202,0.000581,0.367,0.126,178.09,283227.0,4,34.0
0.334,0.971,-4.853,0,0.267,4.09e-05,0.131,0.166,200.163,303600.0,4,35.0
0.725,0.703,-4.641,1,0.0466,0.0632,0.14,0.638,106.032,175827.0,4,63.0
0.933,0.539,-7.652,0,0.106,0.318,0.154,0.399,111.961,210307.0,4,39.0
0.762,0.651,-13.34,1,0.0655,0.00198,0.111,0.941,130.395,449160.0,4,70.0
0.556,0.297,-12.472,0,0.0421,0.677,0.0794,0.234,172.2,191200.0,4,43.0
0.325,0.733,-4.288,1,0.0418,0.361,0.359,0.517,176.618,291012.0,3,18.0
0.582,0.652,-11.257,1,0.0331,0.103,0.238,0.711,124.983,290133.0,4,19.0
0.357,0.69,-2.626,1,0.044,0.000115,0.101,0.308,116.91,197187.0,4,53.0
0.871,0.701,-5.594,0,0.0458,0.257,0.0589,0.716,126.975,198440.0,4,78.0
0.673,0.902,-2.392,1,0.0346,0.0591,0.0558,0.538,100.012,194240.0,4,79.0
0.449,0.577,-6.958,1,0.0283,0.0181,0.11,0.278,110.051,233705.0,4,37.0
0.38,0.753,-8.175,0,0.0723,0.000801,0.0958,0.38,148.836,269000.0,4,39.0
0.635,0.27,-8.646,0,0.0453,0.988,0.175,0.264,98.308,3.410216667,4,18.0
0.721,0.708,-5.74,0,0.031,0.15,0.267,0.77,121.981,226040.0,4,33.0
0.489,0.284,-8.699,0,0.0508,0.841,0.137,0.335,186.337,194542.0,4,59.0
0.734,0.635,-5.431,0,0.203,0.19,0.103,0.878,90.001,172030.0,4,61.0
0.653,0.964,-4.261,0,0.0582,0.00316,0.144,0.87,126.928,209267.0,4,75.0
0.724,0.55,-10.16,1,0.0319,0.000655,0.0697,0.254,132.981,180451.0,4,31.0
0.948,0.627,-6.11,1,0.106,0.00936,0.0743,0.417,129.995,195784.0,4,68.0
0.587,0.0575,-22.505,0,0.0406,0.943,0.0928,0.146,64.996,4.220216667,4,56.0
0.291,0.963,-3.881,0,0.0726,0.000146,0.173,0.306,86.187,213448.0,4,41.0
0.531,0.849,-10.754,1,0.111,0.0389,0.186,0.305,119.516,136427.0,4,56.0
0.481,0.981,-1.183,1,0.0713,0.119,0.813,0.7,115.033,175440.0,4,34.0
0.578,0.894,-4.671,1,0.0593,0.00158,0.383,0.522,139.99,153040.0,4,65.0
0.807,0.887,-3.726,1,0.0503,0.0573,0.124,0.961,134.052,187920.0,4,73.0
0.531,0.976,-7.339,1,0.0448,0.000175,0.392,0.527,115.029,244800.0,4,37.0
0.499,0.936,-3.031,0,0.069,0.000636,0.0658,0.662,137.627,249147.0,4,46.0
0.499,0.613,-7.404,0,0.0453,0.00121,0.176,0.15,179.9,192035.0,4,35.0
0.329,0.778,-1.036,1,0.0468,0.698,0.136,0.667,103.814,3.691333333,4,41.0
0.463,0.89,-6.099,0,0.0391,0.000138,0.394,0.501,125.156,162766.0,4,26.0
0.471,0.944,-4.673,0,0.0686,0.000744,0.193,0.763,94.414,228520.0,4,36.0
0.409,0.916,-3.181,1,0.0511,0.000248,0.125,0.12,147.171,258020.0,4,51.0
0.601,0.645,-8.512,1,0.0318,0.227,0.0837,0.102,124.996,192364.0,4,41.0
0.365,0.941,-6.59,1,0.171,0.00022,0.571,0.231,116.868,210465.0,4,49.0
0.494,0.916,-4.734,0,0.233,0.00112,0.0996,0.433,89.468,225026.0,4,56.0
0.567,0.864,-6.252,1,0.0556,0.0946,0.451,0.484,115.937,344507.0,4,12.0
0.659,0.221,-20.219,1,0.0494,0.835,0.139,0.56,117.945,4.092883333,3,48.0
0.482,0.948,-3.389,1,0.179,0.0431,0.252,0.644,172.674,224293.0,4,45.0
0.433,0.379,-8.676,0,0.0279,0.79,0.323,0.289,141.84,174267.0,4,23.0
0.763,0.673,-7.383,0,0.0578,0.241,0.471,0.63,133.075,145162.0,4,30.0
0.81,0.334,-10.62,0,0.0773,0.97,0.0996,0.635,100.275,186854.0,4,5.0
0.533,0.545,-7.681,1,0.0243,0.207,0.113,0.419,98.014,270918.0,4,60.0
0.506,0.275,-8.464,0,0.0292,0.494,0.101,0.0639,153.769,298880.0,3,63.0
0.427,0.964,-4.715,0,0.103,0.000563,0.278,0.274,144.992,193824.0,4,39.0
0.749,0.674,-5.128,0,0.0366,0.0209,0.169,0.711,123.055,153865.0,4,81.0
0.663,0.903,-4.599,1,0.117,0.046,0.121,0.486,115.936,216013.0,4,47.0
0.446,0.935,-4.677,1,0.0357,7.02e-05,0.121,0.614,136.06,183583.0,4,31.0
0.76,0.605,-8.119,1,0.0984,0.0886,0.157,0.371,114.996,186261.0,4,69.0
0.598,0.836,-12.336,1,0.0327,0.646,0.0791,0.938,135.001,6.048883333,3,44.0
0.466,0.463,-11.904,1,0.0334,0.817,0.16,0.537,82.038,5.379333333,4,27.0
0.642,0.843,-5.685,1,0.0502,0.00331,0.0969,0.765,121.998,221082.0,4,43.0
0.639,0.715,-8.954,0,0.0392,0.0243,0.619,0.813,128.072,238853.0,4,68.0
0.468,0.756,-7.699,0,0.0413,0.223,0.41,0.927,113.375,1.65945,5,20.0
0.378,0.724,-6.706,0,0.0499,3.23e-06,0.172,0.603,102.996,200405.0,4,23.0
0.539,0.297,-14.454,0,0.0289,0.938,0.161,0.358,75.128,3.889583333,4,50.0
0.513,0.684,-10.309,1,0.04,0.969,0.36,0.892,132.581,4.66865,4,15.0
0.919,0.485,-5.062,1,0.241,0.0871,0.0742,0.33,89.976,134667.0,4,53.0
0.456,0.754,-3.875,0,0.0298,0.195,0.292,0.521,109.825,255880.0,4,47.0
0.582,0.636,-5.851,1,0.118,0.566,0.106,0.272,114.603,154032.0,3,60.0
0.704,0.726,-9.888,0,0.0561,0.0213,0.31,0.394,130.052,166000.0,4,50.0
0.287,0.692,-6.157,1,0.0495,0.0374,0.107,0.713,68.708,235815.0,4,39.0
0.305,0.962,-5.381,0,0.225,0.000302,0.308,0.114,77.434,156196.0,4,41.0
0.718,0.578,-7.502,1,0.0431,0.19,0.43,0.275,131.004,217921.0,4,38.0
0.454,0.91,-7.766,1,0.0448,0.0866,0.116,0.629,125.116,5.90866667,4,81.0
0.433,0.728,-8.528,1,0.0282,7e-05,0.195,0.115,109.724,334634.0,4,44.0
0.547,0.691,-13.553,0,0.0369,0.015,0.144,0.667,137.148,261933.0,4,74.0
0.667,0.659,-10.264,0,0.04,0.728,0.141,0.826,139.947,174857.0,4,42.0
0.683,0.594,-8.289,1,0.0347,0.385,0.121,0.734,115.099,4.17333333,4,70.0
0.7,0.864,-3.629,1,0.0283,0.0212,0.0956,0.887,102.997,297587.0,4,75.0
0.189,0.878,-6.256,0,0.153,1.67e-05,0.13,0.379,170.045,215947.0,4,52.0
0.704,0.809,-3.045,1,0.0321,0.0233,0.0596,0.962,131.952,169413.0,4,62.0
0.327,0.145,-20.443,1,0.0397,0.945,0.091,0.136,178.966,2.785366667,1,55.0
0.471,0.802,-5.037,0,0.0642,0.00309,0.361,0.406,82.332,183720.0,4,41.0
0.55,0.591,-12.19,1,0.0466,0.000817,0.213,0.285,134.972,358547.0,4,31.0
0.531,0.818,-5.358,1,0.0452,0.0694,0.263,0.471,90.767,4.13621667,4,75.0
0.467,0.814,-4.917,0,0.0338,0.0362,0.147,0.321,126.014,298080.0,4,34.0
0.44,0.269,-10.769,1,0.0262,0.914,0.132,0.138,103.877,234383.0,3,64.0
0.467,0.849,-4.646,1,0.171,0.00312,0.119,0.764,120.229,160667.0,4,38.0
0.531,0.481,-11.709,0,0.06,0.699,0.0842,0.491,138.45,8.61488333,4,76.0
0.259,0.976,-4.654,0,0.1,1.17e-05,0.2,0.283,149.351,224956.0,4,32.0
0.631,0.792,-4.364,0,0.0427,0.23,0.0756,0.462,82.901,247493.0,4,61.0
0.509,0.584,-4.907,1,0.057,0.0368,0.384,0.685,170.411,278747.0,4,72.0
0.685,0.898,-2.719,0,0.041,0.00434,0.0708,0.694,126.964,224667.0,4,39.0
0.482,0.255,-12.156,1,0.0339,0.788,0.17,0.382,87.309,275687.0,4,38.0
0.71,0.768,-4.772,1,0.0457,0.00813,0.0791,0.419,118.085,138639.0,4,72.0
0.681,0.778,-7.566,1,0.0589,0.368,0.331,0.866,138.718,334493.0,4,30.0
0.583,0.549,-9.115,1,0.0353,0.00617,0.143,0.341,104.869,171480.0,3,16.0
0.837,0.518,-8.914,1,0.333,0.318,0.101,0.247,115.06,221217.0,4,50.0
0.598,0.324,-12.553,1,0.0309,0.593,0.106,0.376,80.231,300800.0,4,47.0
0.378,0.851,-3.868,0,0.0574,0.00336,0.0822,0.232,109.238,214382.0,4,51.0
0.746,0.433,-5.913,1,0.362,0.915,0.827,0.949,94.908,3.486483333,4,3.0
0.257,0.401,-6.996,1,0.0358,0.54,0.248,0.171,148.748,4.55625,5,5.0
0.639,0.792,-4.262,1,0.0348,0.012,0.365,0.682,97.094,152272.0,4,59.0
0.636,0.649,-7.317,0,0.0272,0.0696,0.0828,0.661,98.009,226613.0,4,38.0
0.752,0.48,-9.921,1,0.0447,0.625,0.0943,0.655,102.018,236168.0,4,52.0
0.454,0.993,-1.761,0,0.118,0.000182,0.471,0.193,130.02,200769.0,4,39.0
0.508,0.946,-4.129,0,0.0929,0.014,0.213,0.569,162.019,191434.0,4,50.0
0.907,0.393,-7.636,0,0.0539,0.451,0.135,0.202,104.949,205458.0,4,89.0
0.516,0.923,-5.288,1,0.0345,3.47e-05,0.0944,0.541,104.982,200117.0,4,30.0
0.515,0.43,-9.935,1,0.0372,0.0097,0.129,0.104,91.844,238640.0,4,82.0
0.712,0.911,-3.866,0,0.0445,0.689,0.107,0.85,117.533,3.26755,4,62.0
0.623,0.962,-2.616,0,0.0895,0.103,0.264,0.676,149.963,211573.0,4,69.0
0.518,0.219,-18.147,1,0.034,0.784,0.985,0.5,77.959,339320.0,4,25.0
0.474,0.712,-8.205,1,0.114,0.581,0.781,0.47,84.461,193281.0,4,32.0
0.298,0.879,-5.084,0,0.0721,0.000284,0.174,0.382,122.315,309524.0,4,48.0
0.381,0.436,-6.731,1,0.0329,0.0118,0.133,0.453,183.923,149077.0,3,39.0
0.461,0.597,-4.821,0,0.0312,0.124,0.107,0.296,149.77,225133.0,4,33.0
0.625,0.571,-9.279,1,0.0379,0.181,0.055,0.0542,119.967,271410.0,4,33.0
0.483,0.142,-13.264,1,0.0456,0.87,0.111,0.0379,98.043,156774.0,4,53.0
0.714,0.671,-5.445,0,0.0281,0.0158,0.0927,0.415,138.011,190723.0,4,49.0
0.286,0.749,-7.752,1,0.05,0.00543,0.312,0.425,173.968,203605.0,4,37.0
0.694,0.57,-10.206,1,0.0266,0.00825,0.277,0.899,128.004,226725.0,4,47.0
0.615,0.477,-8.816,1,0.092,0.0558,0.231,0.731,156.008,259467.0,4,50.0
0.566,0.29,-4.622,1,0.0318,0.241,0.0994,0.106,127.0,263320.0,4,47.0
0.477,0.648,-7.687,1,0.0498,0.0254,0.115,0.571,89.753,185440.0,4,45.0
0.364,0.962,-5.239,1,0.0499,7.42e-06,0.611,0.256,103.589,295560.0,4,42.0
0.483,0.941,-5.599,0,0.0718,0.000338,0.452,0.418,102.568,189895.0,4,51.0
0.386,0.92,-2.906,0,0.306,0.00304,0.341,0.518,156.991,215053.0,4,56.0
0.492,0.932,-7.028,0,0.114,0.0625,0.34,0.574,148.93,200707.0,4,43.0
0.555,0.983,-1.597,0,0.0738,0.0558,0.123,0.411,144.053,256766.0,4,14.0
0.557,0.813,-8.919,1,0.053,0.0022,0.533,0.261,124.037,237040.0,4,40.0
0.726,0.901,-5.157,1,0.374,0.254,0.0482,0.627,180.098,105333.0,4,26.0
0.554,0.922,-3.304,0,0.269,0.394,0.155,0.678,137.105,184840.0,4,42.0
0.448,0.544,-8.015,0,0.0378,0.508,0.188,0.27,109.889,268427.0,4,17.0
0.369,0.272,-10.497,1,0.0364,0.866,0.147,0.218,172.929,2.54445,4,92.0
0.471,0.793,-4.141,1,0.0314,0.0395,0.312,0.366,164.099,215221.0,4,31.0
0.543,0.944,-7.495,1,0.0543,0.402,0.0373,0.735,101.174,279440.0,4,72.0
0.472,0.534,-10.742,0,0.0342,0.76,0.0893,0.383,184.014,4.972833333,1,21.0
0.572,0.628,-9.711,0,0.0397,0.419,0.235,0.0359,119.989,296013.0,4,36.0
0.754,0.366,-10.07,1,0.0312,0.273,0.106,0.469,91.147,287440.0,4,71.0
0.601,0.773,-5.923,1,0.213,0.122,0.0555,0.675,94.418,169413.0,3,44.0
0.36,0.981,-4.787,0,0.0908,2.38e-05,0.0894,0.157,88.036,281386.0,4,34.0
0.528,0.304,-15.093,1,0.123,0.925,0.435,0.657,140.197,89143.0,4,41.0
0.484,0.872,-5.586,1,0.0559,0.000384,0.148,0.347,150.027,222208.0,4,40.0
0.354,0.523,-5.938,1,0.0269,0.514,0.139,0.179,176.688,203616.0,3,45.0
0.672,0.949,-4.126,1,0.0635,0.000775,0.101,0.537,154.032,179640.0,4,44.0
0.639,0.684,-5.619,1,0.0353,0.00966,0.194,0.465,88.05,137297.0,4,68.0
0.568,0.928,-8.907,0,0.0705,0.00135,0.387,0.499,115.032,184554.0,4,38.0
0.403,0.272,-13.492,1,0.0325,0.403,0.0806,0.105,130.872,345787.0,4,60.0
0.293,0.917,-6.104,1,0.074,1.28e-05,0.435,0.504,180.146,199077.0,4,45.0
0.555,0.662,-4.952,0,0.0827,0.125,0.111,0.356,148.128,208733.0,4,79.0
0.302,0.686,-5.655,1,0.0496,0.0234,0.28,0.489,150.432,316000.0,4,36.0
0.434,0.926,-7.418,1,0.0556,0.000451,0.0895,0.545,156.977,223163.0,4,38.0
0.573,0.466,-7.369,0,0.0253,0.00354,0.111,0.402,78.661,270202.0,4,35.0
0.489,0.769,-3.524,1,0.038,0.00135,0.0727,0.637,128.985,215827.0,4,65.0
0.469,0.943,-4.196,1,0.102,6.07e-05,0.0717,0.358,134.031,296973.0,4,65.0
0.373,0.814,-8.504,1,0.126,0.00862,0.317,0.264,176.111,164610.0,4,56.0
0.26,0.0195,-26.381,0,0.0442,0.963,0.155,0.144,113.057,2.30955,1,34.0
0.492,0.574,-11.036,1,0.0514,0.436,0.482,0.777,136.094,170160.0,4,37.0
0.379,0.966,-2.59,0,0.169,7.67e-05,0.357,0.478,166.153,199863.0,4,34.0
0.487,0.57,-9.199,1,0.0294,0.204,0.152,0.864,150.184,277261.0,4,43.0
0.77,0.563,-8.999,1,0.0934,0.31,0.124,0.944,95.286,208559.0,4,39.0
0.541,0.491,-8.747,0,0.0263,0.477,0.102,0.274,76.99,202922.0,4,55.0
0.423,0.442,-9.499,1,0.0268,0.22,0.139,0.296,144.556,229733.0,4,59.0
0.224,0.889,-6.345,1,0.0672,0.0116,0.411,0.34,134.936,210573.0,4,23.0
0.482,0.849,-9.198,1,0.0452,0.641,0.0414,0.937,124.631,2.58711667,4,73.0
0.605,0.574,-10.536,1,0.0377,0.559,0.0684,0.543,129.449,350267.0,4,74.0
0.392,0.849,-4.609,1,0.049,0.00404,0.0869,0.416,166.245,184226.0,4,44.0
0.374,0.711,-3.587,1,0.0354,0.547,0.147,0.468,160.001,4.049116667,4,62.0
0.411,0.697,-6.863,1,0.0321,0.00758,0.0942,0.258,147.033,304520.0,4,43.0
0.363,0.994,-2.627,1,0.191,1.68e-05,0.082,0.3,185.062,217533.0,4,25.0
0.355,0.77,-3.525,1,0.0502,0.713,0.128,0.359,113.275,3.765166667,5,30.0
0.307,0.869,-4.433,1,0.0452,0.0801,0.205,0.514,139.167,282557.0,4,32.0
0.475,0.283,-17.128,0,0.044,0.868,0.205,0.686,82.831,2.394116667,4,19.0
0.502,0.976,-5.462,1,0.128,1.17e-05,0.0534,0.128,98.525,298005.0,3,38.0
0.646,0.905,-9.456,0,0.0414,5.12e-05,0.279,0.579,129.084,242027.0,4,47.0
0.471,0.49,-9.044,1,0.0469,0.625,0.157,0.386,116.436,222816.0,4,53.0
0.873,0.338,-13.68,0,0.0369,0.374,0.0805,0.804,106.017,464085.0,4,34.0
0.589,0.724,-5.865,0,0.0407,0.0159,0.463,0.496,80.99,208761.0,4,22.0
0.719,0.625,-11.06,1,0.0441,0.116,0.0314,0.791,121.672,214728.0,4,35.0
0.747,0.468,-9.401,1,0.218,0.0178,0.199,0.45,157.98,1.77215,4,56.0
0.652,0.803,-4.116,0,0.238,0.0165,0.307,0.661,95.025,186350.0,4,75.0
0.434,0.694,-6.302,1,0.0359,0.05,0.416,0.0422,90.079,225171.0,4,17.0
0.603,0.265,-11.627,1,0.0372,0.806,0.12,0.71,131.188,268347.0,4,49.0
0.311,0.995,-4.289,1,0.152,0.000197,0.137,0.139,91.335,192160.0,4,27.0
0.66,0.789,-5.143,1,0.364,0.0527,0.341,0.513,182.218,199333.0,4,64.0
0.523,0.828,-4.696,1,0.0762,0.0136,0.165,0.476,96.952,214827.0,4,68.0
0.49,0.652,-5.813,1,0.0274,0.00196,0.0991,0.339,90.085,192467.0,4,66.0
0.644,0.716,-10.005,0,0.0823,0.0597,0.101,0.569,142.059,221213.0,4,33.0
0.673,0.782,-5.456,1,0.0817,0.00166,0.341,0.883,135.082,163333.0,4,45.0
0.392,0.976,-2.189,1,0.107,0.000107,0.271,0.521,199.888,261680.0,4,61.0
0.638,0.699,-6.736,1,0.0304,0.0214,0.0739,0.959,149.992,196600.0,4,65.0
0.798,0.728,-9.779,1,0.0682,0.374,0.0395,0.872,124.247,259267.0,4,25.0
0.535,0.716,-5.025,1,0.0431,0.326,0.659,0.901,94.379,2.91955,4,74.0
0.291,0.493,-9.461,1,0.028,0.0519,0.101,0.183,182.032,196187.0,3,63.0
0.834,0.402,-10.277,0,0.072,0.76,0.279,0.684,122.008,114428.0,4,56.0
0.704,0.542,-10.523,1,0.0818,0.174,0.112,0.521,148.046,186434.0,4,48.0
0.526,0.9,-4.76,0,0.0531,0.00914,0.277,0.458,125.349,231693.0,4,58.0
0.177,0.958,-3.629,1,0.193,9.28e-05,0.177,0.209,76.538,210200.0,4,57.0
0.798,0.873,-6.732,0,0.0908,0.064,0.764,0.846,98.017,227402.0,4,52.0
0.49,0.652,-5.813,1,0.0274,0.00196,0.0991,0.339,90.085,192467.0,4,66.0
0.82,0.636,-6.984,0,0.0414,0.138,0.0941,0.603,95.03,279460.0,4,16.0
0.39,0.92,-6.076,1,0.0756,0.000185,0.122,0.281,129.123,236027.0,4,14.0
0.72,0.459,-10.786,0,0.252,0.125,0.15,0.314,95.521,151023.0,4,58.0
0.641,0.721,-6.788,0,0.0451,0.413,0.246,0.753,67.055,183333.0,4,61.0
0.573,0.86,-8.367,1,0.377,0.282,0.075,0.743,82.972,185009.0,4,26.0
0.516,0.931,-6.291,1,0.0388,0.285,0.333,0.578,117.097,261987.0,4,44.0
0.316,0.709,-4.214,0,0.0553,0.0131,0.0932,0.129,77.466,237133.0,4,40.0
0.465,0.35,-12.977,1,0.0403,0.41,0.135,0.62,93.336,688133.0,4,53.0
0.58,0.475,-6.374,1,0.059,0.533,0.124,0.624,189.785,186690.0,3,33.0
0.572,0.688,-4.96,1,0.0608,0.0474,0.072,0.856,138.841,125320.0,4,52.0
0.582,0.485,-12.781,0,0.0326,0.349,0.668,0.751,128.872,314400.0,4,33.0
0.7,0.798,-6.789,1,0.0832,0.0563,0.171,0.359,115.983,211091.0,4,35.0
0.262,0.88,-5.006,0,0.0678,2.55e-05,0.868,0.584,107.935,223263.0,3,48.0
0.578,0.952,-3.622,1,0.0567,0.00566,0.189,0.686,140.097,185832.0,4,66.0
0.602,0.739,-7.427,0,0.0315,0.47,0.215,0.623,103.989,216747.0,4,21.0
0.858,0.701,-7.303,0,0.0706,0.0779,0.305,0.612,107.991,222222.0,4,28.0
0.565,0.685,-10.786,1,0.0405,0.214,0.106,0.555,77.984,234410.0,4,40.0
0.532,0.686,-9.041,1,0.0278,0.00142,0.144,0.743,132.031,222507.0,4,52.0
0.721,0.521,-8.123,1,0.0613,0.0708,0.127,0.942,123.118,261413.0,4,73.0
0.58,0.798,-6.999,1,0.0259,0.141,0.215,0.506,93.011,210360.0,4,49.0
0.259,0.0699,-22.174,0,0.0356,0.988,0.098,0.239,149.225,5.7,4,37.0
0.616,0.375,-7.464,0,0.0254,0.52,0.0636,0.47,96.351,4.6,4,43.0
0.59,0.372,-12.37,1,0.0318,0.00105,0.316,0.306,99.887,210907.0,4,67.0
0.604,0.879,-6.862,0,0.092,0.0489,0.0942,0.217,97.007,189425.0,4,48.0
0.48,0.602,-6.335,0,0.368,0.487,0.0848,0.269,179.798,213333.0,4,84.0
0.15,0.873,-4.826,1,0.0576,0.00298,0.203,0.099,176.804,438560.0,4,20.0
0.371,0.224,-13.249,1,0.0515,0.942,0.109,0.237,151.571,225504.0,4,35.0
0.515,0.407,-8.032,1,0.0278,0.0922,0.0611,0.416,146.02,272587.0,3,56.0
0.626,0.626,-7.548,0,0.0252,0.101,0.0905,0.57,91.96,206840.0,4,37.0
0.668,0.916,-8.105,1,0.393,0.876,0.169,0.671,124.605,152947.0,4,27.0
0.594,0.638,-9.326,1,0.032,0.222,0.122,0.177,125.581,220307.0,4,52.0
0.469,0.993,-2.706,0,0.157,1.06e-05,0.443,0.238,144.046,234167.0,4,32.0
0.611,0.908,-3.24,0,0.0474,0.3,0.304,0.707,165.039,205147.0,4,23.0
0.27,0.83,-4.592,1,0.0741,0.00956,0.142,0.205,117.314,196560.0,4,62.0
0.396,0.986,-4.467,0,0.0574,0.000981,0.23,0.546,110.72,207693.0,4,50.0
0.435,0.346,-12.194,1,0.0321,0.412,0.123,0.324,67.736,2.210883333,4,25.0
0.389,0.476,-9.342,1,0.0316,0.619,0.255,0.566,148.117,217107.0,4,75.0
0.568,0.575,-6.936,1,0.0454,0.151,0.0943,0.649,80.005,219647.0,4,9.0
0.324,0.798,-8.417,1,0.031,0.0518,0.256,0.534,168.132,172217.0,4,29.0
0.605,0.476,-7.989,0,0.0653,0.701,0.0821,0.67,170.236,196521.0,4,17.0
0.715,0.464,-8.48,0,0.232,0.33,0.133,0.419,79.948,247092.0,4,41.0
0.247,0.764,-7.718,1,0.0472,0.00542,0.16,0.503,154.707,210200.0,4,56.0
0.541,0.352,-14.427,1,0.0392,0.824,0.575,0.33,94.7,235173.0,4,28.0
0.388,0.968,-4.736,1,0.0686,0.000993,0.913,0.412,128.907,387874.0,5,30.0
0.432,0.586,-7.618,1,0.0277,0.435,0.144,0.193,81.924,209746.0,4,28.0
0.384,0.39,-17.377,1,0.0275,0.84,0.102,0.687,105.386,5.539866667,4,47.0
0.468,0.851,-3.617,1,0.0398,0.000281,0.0644,0.293,92.079,252360.0,4,64.0
0.736,0.482,-9.981,1,0.305,0.71,0.221,0.442,115.02,159653.0,4,54.0
0.651,0.533,-8.726,1,0.0592,0.131,0.158,0.573,79.538,274424.0,4,64.0
0.722,0.398,-11.717,1,0.0334,0.467,0.0983,0.585,117.989,254200.0,4,31.0
0.198,0.964,-3.874,1,0.21,0.000245,0.172,0.191,163.424,214467.0,4,38.0
0.47,0.969,-4.739,1,0.0968,0.000702,0.332,0.593,144.012,192311.0,4,52.0
0.441,0.752,-5.757,1,0.132,0.035,0.0902,0.492,140.239,216920.0,4,40.0
0.573,0.574,-10.924,1,0.0563,0.11,0.329,0.3,154.01,221679.0,4,36.0
0.672,0.755,-5.003,1,0.0298,0.0207,0.0605,0.323,139.974,165875.0,4,40.0
0.487,0.259,-12.391,0,0.0386,0.897,0.0957,0.108,111.218,7.341883333,4,45.0
0.449,0.289,-16.76,1,0.0348,0.977,0.109,0.254,130.78,7.881116667,3,26.0
0.446,0.906,-13.128,1,0.0353,0.00231,0.151,0.899,154.177,190160.0,4,41.0
0.539,0.207,-16.498,1,0.0458,0.898,0.222,0.259,122.03,8.305333333,4,43.0
0.404,0.924,-5.387,0,0.0701,0.00123,0.442,0.417,93.418,248511.0,4,66.0
0.346,0.785,-4.991,1,0.0434,0.00165,0.124,0.186,175.986,277467.0,4,59.0
0.74,0.18,-14.599,0,0.0606,0.949,0.108,0.298,99.955,2.7,4,41.0
0.641,0.943,-3.0,1,0.14,0.0893,0.0789,0.872,144.799,236747.0,4,37.0
0.713,0.687,-4.665,1,0.0331,0.493,0.164,0.704,126.043,82653.0,4,26.0
0.401,0.173,-14.466,1,0.0418,0.973,0.137,0.149,79.643,3.862716667,4,44.0
0.214,0.682,-8.128,0,0.0408,3.91e-05,0.467,0.073,83.712,267251.0,4,21.0
0.861,0.726,-6.134,0,0.0366,0.222,0.187,0.748,110.015,151091.0,4,43.0
0.534,0.404,-12.106,1,0.0409,0.044,0.189,0.693,170.125,2.94485,4,48.0
0.629,0.785,-10.761,1,0.0471,0.0249,0.0522,0.869,108.531,3.51711667,4,1.0
0.239,0.48,-6.689,1,0.0336,0.0526,0.147,0.349,168.054,261025.0,4,43.0
0.372,0.444,-9.036,1,0.0295,0.82,0.141,0.357,162.3,4.02066667,4,49.0
0.522,0.901,-8.549,1,0.0479,0.535,0.176,0.916,166.886,2.18666667,4,3.0
0.604,0.743,-6.442,0,0.0349,0.0971,0.0604,0.823,99.37,248080.0,4,41.0
0.596,0.54,-8.379,1,0.0306,0.0293,0.206,0.498,109.684,197886.0,4,34.0
0.492,0.553,-8.6,1,0.0397,0.406,0.163,0.431,125.936,167200.0,4,38.0
0.464,0.769,-8.48,1,0.0316,1.49e-05,0.213,0.397,120.096,269747.0,4,37.0
0.341,0.678,-8.316,0,0.0492,0.748,0.484,0.623,104.365,1.566033333,4,20.0
0.499,0.794,-6.383,1,0.0447,0.000687,0.432,0.212,95.024,331600.0,3,50.0
0.443,0.65,-8.761,1,0.0417,0.00222,0.11,0.0505,125.017,415813.0,4,36.0
0.838,0.757,-5.399,1,0.0927,0.059,0.0271,0.602,124.65,251333.0,4,61.0
0.558,0.744,-7.791,0,0.037,0.569,0.24,0.54,128.949,186507.0,4,48.0
0.426,0.228,-10.552,1,0.0322,0.198,0.0832,0.0822,147.994,343253.0,4,70.0
0.384,0.406,-11.898,0,0.0326,0.786,0.346,0.631,142.302,284954.0,4,39.0
0.731,0.892,-4.812,1,0.0621,0.128,0.666,0.897,112.981,243450.0,4,48.0
0.514,0.834,-5.023,1,0.0376,0.0063,0.214,0.275,160.023,187548.0,4,54.0
0.637,0.319,-6.984,1,0.0312,0.791,0.277,0.313,126.944,3.941783333,4,5.0
0.654,0.741,-5.364,1,0.0306,0.0159,0.0748,0.716,135.97,250467.0,4,34.0
0.721,0.738,-4.77,1,0.0403,0.00226,0.118,0.637,119.976,2.58305,4,88.0
0.675,0.195,-13.465,0,0.0346,0.868,0.126,0.275,91.935,207880.0,4,54.0
0.734,0.615,-8.519,1,0.0562,0.0966,0.122,0.289,115.993,169768.0,4,56.0
0.371,0.127,-15.525,1,0.0322,0.938,0.119,0.0991,67.972,3.116866667,3,44.0
0.754,0.578,-6.1,0,0.0674,0.0867,0.341,0.36,141.005,221277.0,4,62.0
0.694,0.812,-6.473,0,0.0355,0.0666,0.211,0.522,129.988,221693.0,4,51.0
0.643,0.748,-6.535,0,0.0386,0.235,0.815,0.583,96.004,238465.0,4,62.0
0.697,0.5,-8.995,1,0.117,0.497,0.318,0.701,139.984,151700.0,4,32.0
0.446,0.764,-5.042,1,0.033,0.00135,0.099,0.543,172.094,223840.0,4,79.0
0.768,0.983,-5.175,0,0.194,0.00323,0.304,0.537,124.59,246790.0,4,34.0
0.602,0.919,-5.614,0,0.0414,0.000175,0.146,0.224,114.98,221686.0,3,22.0
0.579,0.904,-2.729,1,0.0618,0.193,0.064,0.681,82.014,190947.0,4,82.0
0.573,0.949,-3.138,1,0.142,7.57e-05,0.283,0.652,96.0,157750.0,4,44.0
0.523,0.821,-4.352,1,0.0317,0.000241,0.109,0.46,95.992,280086.0,4,54.0
0.221,0.0773,-24.881,1,0.0408,0.925,0.127,0.0944,84.594,2.728883333,4,23.0
0.509,0.904,-3.686,1,0.0579,2.61e-05,0.334,0.611,141.949,187520.0,4,38.0
0.809,0.541,-6.525,1,0.252,0.855,0.142,0.811,92.132,94933.0,4,55.0
0.584,0.51,-6.403,0,0.253,0.315,0.164,0.717,100.028,206523.0,4,45.0
0.595,0.95,-3.356,1,0.0452,0.0233,0.334,0.67,106.017,223680.0,4,51.0
0.417,0.747,-8.742,1,0.0331,0.00033,0.368,0.342,86.982,208994.0,4,33.0
0.391,0.714,-3.769,0,0.0632,0.148,0.0822,0.384,203.624,185920.0,3,30.0
0.613,0.865,-2.925,1,0.0857,0.242,0.181,0.825,180.141,190560.0,4,27.0
0.818,0.604,-8.061,1,0.0743,0.0656,0.0635,0.767,113.067,208938.0,4,12.0
0.738,0.568,-12.5,0,0.0323,0.541,0.109,0.239,109.294,324323.0,4,40.0
0.913,0.718,-5.679,0,0.209,0.166,0.329,0.94,145.974,176453.0,4,20.0
0.844,0.706,-5.992,1,0.0653,0.201,0.0671,0.921,144.049,204167.0,4,42.0
0.674,0.789,-6.903,1,0.0676,0.00178,0.0754,0.918,129.804,121160.0,4,76.0
0.392,0.801,-13.615,1,0.0597,0.0848,0.121,0.442,106.702,323733.0,4,42.0
0.38,0.658,-6.108,0,0.0294,0.00554,0.152,0.207,95.066,315250.0,4,25.0
0.633,0.5,-10.359,0,0.051,0.151,0.71,0.881,145.708,204400.0,4,42.0
0.472,0.386,-13.596,1,0.0491,0.541,0.192,0.435,184.853,256467.0,3,29.0
0.731,0.867,-5.881,1,0.032,0.0395,0.0861,0.776,104.019,200373.0,4,79.0
0.62,0.398,-15.676,1,0.0303,0.556,0.273,0.677,106.265,166600.0,4,54.0
0.294,0.86,-4.657,0,0.0392,3.22e-05,0.06,0.146,176.858,170133.0,4,34.0
0.195,0.12,-19.111,1,0.0396,0.987,0.0885,0.0364,69.441,1.966666667,4,40.0
0.609,0.895,-2.809,1,0.0375,0.000324,0.0831,0.368,123.044,177560.0,4,48.0
0.271,0.31,-7.967,1,0.0309,0.725,0.119,0.16,169.614,214733.0,3,54.0
0.356,0.894,-6.825,0,0.0796,2.67e-05,0.0602,0.237,153.098,303547.0,4,47.0
0.753,0.828,-7.007,0,0.0447,0.19,0.147,0.97,124.992,249213.0,4,29.0
0.304,0.722,-7.707,1,0.0483,0.0302,0.0756,0.0987,113.192,382797.0,4,31.0
0.798,0.519,-7.38,0,0.0622,0.375,0.131,0.521,116.046,136500.0,4,50.0
0.516,0.796,-6.629,0,0.0286,0.0147,0.0824,0.0881,103.71,271107.0,4,51.0
0.455,0.187,-9.97,1,0.0251,0.623,0.105,0.0425,78.205,148254.0,4,51.0
0.582,0.783,-3.424,0,0.177,0.0867,0.0557,0.442,79.898,242160.0,4,48.0
0.673,0.224,-11.673,1,0.0327,0.916,0.868,0.572,114.724,223133.0,4,44.0
0.262,0.841,-7.043,1,0.0557,1.28e-05,0.109,0.339,136.216,336720.0,4,41.0
0.651,0.801,-7.34,1,0.0514,0.123,0.0825,0.776,133.769,200480.0,4,73.0
0.603,0.563,-5.584,1,0.0258,0.173,0.149,0.477,78.515,181844.0,4,35.0
0.428,0.0995,-17.442,1,0.0382,0.979,0.11,0.205,112.191,3.82,4,28.0
0.413,0.969,-4.858,0,0.081,2.63e-05,0.0587,0.229,149.975,329873.0,3,40.0
0.655,0.777,-6.136,1,0.0239,0.291,0.0711,0.599,103.043,3.657333333,4,4.0
0.574,0.913,-4.793,0,0.133,0.061,0.156,0.423,115.728,3.47333333,4,83.0
0.753,0.711,-10.162,1,0.366,0.0856,0.0409,0.77,139.995,259918.0,4,25.0
0.224,0.936,-7.164,1,0.147,0.0031,0.184,0.104,78.988,219494.0,4,23.0
0.378,0.988,-4.039,1,0.065,0.000413,0.643,0.213,92.469,209887.0,4,23.0
0.554,0.397,-11.293,0,0.0326,0.648,0.107,0.395,111.812,5.056666667,4,37.0
0.716,0.644,-5.162,0,0.0688,0.682,0.267,0.687,115.053,230000.0,4,32.0
0.653,0.628,-8.446,0,0.382,0.212,0.0945,0.809,164.861,170917.0,4,52.0
0.567,0.265,-18.223,1,0.0429,0.704,0.1,0.575,96.716,4.5433,4,34.0
0.504,0.711,-5.864,1,0.0452,0.0585,0.382,0.5,134.824,232933.0,4,76.0
0.378,0.764,-10.469,1,0.0857,0.0211,0.355,0.354,149.385,250867.0,4,21.0
0.335,0.756,-6.795,0,0.0778,0.448,0.221,0.672,103.442,169178.0,4,25.0
0.357,0.757,-7.487,0,0.041,0.000843,0.262,0.488,169.981,329544.0,4,38.0
0.664,0.634,-6.348,1,0.0349,0.683,0.221,0.666,93.914,208467.0,4,53.0
0.552,0.0947,-16.757,1,0.0565,0.992,0.118,0.166,98.983,3.076833333,4,45.0
0.396,0.31,-10.648,0,0.0449,0.965,0.671,0.311,116.968,5.407783333,4,7.0
0.612,0.676,-6.977,1,0.0267,0.272,0.237,0.557,130.052,230100.0,4,28.0
0.464,0.764,-5.627,1,0.0324,0.017,0.101,0.589,81.814,185200.0,4,63.0
0.748,0.582,-6.222,0,0.0595,0.0869,0.814,0.199,113.013,258743.0,4,34.0
0.337,0.762,-8.777,1,0.0791,0.165,0.0747,0.325,132.137,521960.0,4,20.0
0.621,0.524,-15.269,1,0.0803,0.0652,0.893,0.889,110.586,162653.0,4,69.0
0.502,0.89,-5.175,1,0.0364,0.000147,0.217,0.259,133.52,292880.0,4,83.0
0.579,0.534,-8.021,0,0.0247,0.353,0.111,0.273,93.907,3.686016667,4,56.0
0.636,0.887,-4.354,1,0.0475,0.00257,0.293,0.35,107.984,232520.0,4,39.0
0.517,0.839,-3.521,1,0.0287,0.0014,0.108,0.416,94.015,215880.0,4,72.0
0.636,0.635,-6.465,1,0.0473,0.531,0.0999,0.442,89.988,294167.0,4,35.0
0.74,0.606,-6.821,0,0.039,0.0497,0.186,0.493,95.024,157640.0,4,44.0
0.601,0.861,-5.513,1,0.0463,0.0153,0.0723,0.668,119.724,208027.0,4,41.0
0.697,0.777,-3.472,0,0.0834,0.0107,0.097,0.555,103.996,151442.0,4,53.0
0.598,0.79,-4.49,1,0.0711,0.133,0.119,0.716,144.069,156987.0,4,51.0
0.483,0.944,-3.371,0,0.0427,0.4,0.261,0.829,164.014,227747.0,4,23.0
0.587,0.898,-3.91,0,0.0661,0.0653,0.146,0.473,102.012,263717.0,4,58.0
0.451,0.887,-6.208,0,0.0695,0.000245,0.203,0.436,92.954,240347.0,4,45.0
0.647,0.844,-3.756,1,0.0457,0.0137,0.102,0.746,146.962,193829.0,4,72.0
0.635,0.671,-9.404,0,0.0277,0.133,0.252,0.727,124.002,247600.0,4,29.0
0.552,0.846,-4.912,1,0.342,0.0114,0.309,0.554,98.56,236600.0,1,69.0
0.524,0.613,-10.025,1,0.0256,0.0135,0.086,0.443,102.399,362960.0,4,44.0
0.338,0.282,-10.902,1,0.0293,0.64,0.111,0.0952,141.468,3.408666667,3,48.0
0.573,0.946,-4.872,1,0.0895,0.182,0.161,0.882,160.788,178665.0,4,40.0
0.452,0.995,-3.958,1,0.0752,0.000103,0.204,0.237,100.043,185016.0,4,40.0
0.484,0.94,-4.849,0,0.0787,0.0807,0.101,0.811,157.896,197781.0,4,40.0
0.384,0.82,-3.928,0,0.201,0.397,0.114,0.441,90.712,178605.0,4,55.0
0.754,0.398,-12.924,1,0.0511,0.146,0.0688,0.953,177.993,169028.0,4,21.0
0.787,0.345,-10.048,0,0.0315,0.574,0.0936,0.602,106.687,163040.0,4,9.0
0.262,0.82,-11.621,1,0.0428,0.0103,0.101,0.254,155.197,246333.0,4,59.0
0.348,0.726,-4.73,1,0.0449,0.000363,0.383,0.661,182.587,169164.0,4,29.0
0.579,0.746,-4.912,1,0.0335,0.207,0.242,0.439,103.018,254240.0,4,46.0
0.616,0.219,-11.807,1,0.087,0.987,0.125,0.47,147.924,133091.0,4,44.0
0.61,0.766,-8.266,1,0.0267,0.000559,0.0887,0.932,118.013,271467.0,4,2.0
0.315,0.296,-13.262,1,0.0315,0.771,0.702,0.435,173.509,4.39288333,4,71.0
0.351,0.883,-6.952,1,0.0562,0.0363,0.499,0.88,195.666,175400.0,4,42.0
0.511,0.903,-3.163,1,0.0397,0.052,0.304,0.898,161.992,3.787783333,4,65.0
0.597,0.633,-8.163,0,0.0971,0.0101,0.631,0.719,139.969,244053.0,4,20.0
0.468,0.0835,-25.131,1,0.0411,0.95,0.108,0.142,102.34,194059.0,4,26.0
0.166,0.109,-17.1,0,0.0413,0.993,0.0984,0.177,171.587,193450.0,3,35.0
0.638,0.223,-10.174,0,0.0329,0.858,0.0705,0.335,73.016,257067.0,4,27.0
0.558,0.981,-4.683,0,0.0712,2.97e-05,0.666,0.262,105.0,216222.0,4,34.0
0.215,0.805,-12.757,0,0.134,0.00129,0.256,0.355,131.363,219693.0,4,29.0
0.4,0.853,-5.32,0,0.0591,0.00604,0.334,0.377,138.102,182227.0,4,43.0
